trappist-1/STIS/extracted_spectra/TRAPPIST-1_G140M_all_mean.ecsv
# %ECSV 0.9
# ---
# datatype:
# - name: WAVELENGTH
#   unit: Angstrom
#   datatype: float64
# - name: FLUX
#   unit: erg / (Angstrom cm2 s)
#   datatype: float64
# - name: ERROR
#   unit: erg / (Angstrom cm2 s)
#   datatype: float64
# delimiter: ','
# schema: astropy-2.0
WAVELENGTH,FLUX,ERROR
[from data line 759]
1234.738152736349,1.7768080580761241e-16,4.038068830403832e-16
1234.7912192551753,1.7160325645799839e-16,3.9898107761327074e-16
1234.8442854854181,1.389326860721331e-16,3.633161795214077e-16
1234.8973514270824,1.301535642784174e-16,3.6694043151928174e-16
1234.9504170801724,2.4401911625276957e-16,4.529667154260551e-16
1235.0034824446934,3.3620097824756063e-16,5.040752982958101e-16
1235.0565475206492,2.856317348106806e-16,4.731297436803649e-16
1235.1096123080454,2.4285345371469735e-16,4.4012554676661305e-16
1235.1626768068866,1.5876697996556614e-16,3.875164488930366e-16
1235.2157410171772,2.1290907902763618e-16,4.156351210016062e-16
1235.2688049389221,2.1163784538426846e-16,4.145642376126152e-16
1235.3218685721258,1.381939292555275e-16,3.5441187721206713e-16
1235.374931916793,2.459472922129329e-16,4.21899197312164e-16
1235.427994972929,2.6981049285614117e-16,4.60802464660277e-16
1235.4810577405376,2.414501244497855e-16,4.388085743707658e-16
1235.534120219624,2.6750031388451696e-16,4.59048086348496e-16
1235.587182410193,2.030183265891977e-16,3.997739552124439e-16
1235.640244312249,1.2647540292050904e-16,3.31730759540457e-16
1235.6933059257972,1.1193882275846879e-16,3.3743843731188734e-16
1235.7463672508418,1.3957180441910757e-16,3.5719496454431833e-16
1235.7994282873874,1.73696531936905e-16,3.8177567615628934e-16
1235.8524890354395,1.7023182914837259e-16,3.674849082177333e-16
1235.905549495002,2.542056094013024e-16,4.4240009385352807e-16
1235.9586096660798,2.228411593524855e-16,4.2604006191599794e-16
1236.011669548678,1.9847087019638336e-16,3.911670249179744e-16
1236.0647291428008,1.5383765572324339e-16,3.6015396537250675e-16
1236.1177884484532,1.4203210563784115e-16,3.4744350576240285e-16
1236.1708474656398,2.3865211781235914e-16,4.2887219472499728e-16
1236.2239061943653,1.86066315267603e-16,3.848721982561325e-16
1236.2769646346346,2.0207350743566769e-16,3.9693817772624874e-16
1236.3300227864522,1.6936174883865486e-16,3.713482513768086e-16
1236.3830806498224,2.1937667760567554e-16,4.087003427277076e-16
1236.436138224751,9.695725100445171e-17,3.03801865799513e-16
1236.4891955112416,1.145940764999286e-16,3.2462171669012446e-16
1236.5422525092995,1.0750310953043405e-16,3.1385790311085914e-16
1236.5953092189293,1.074802373594349e-16,3.031342883976392e-16
1236.6483656401356,1.95109352874815e-16,3.8331067319887923e-16
1236.7014217729231,1.9008900191739312e-16,3.8003242652255656e-16
1236.7544776172965,1.901877875149951e-16,3.7869092883374787e-16
1236.8075331732607,1.9955784521451497e-16,3.8047617251288986e-16
1236.8605884408205,1.9264969568835329e-16,3.636184049072664e-16
1236.9136434199802,2.9765710500565654e-16,4.483778335508212e-16
1236.9666981107446,2.3878791191323645e-16,4.1066089675756774e-16
1237.0197525131184,1.7073664980971655e-16,3.601563008050323e-16
1237.0728066271067,1.6157989350721497e-16,3.4850631323760397e-16
1237.1258604527134,1.6290431473726978e-16,3.346816882586755e-16
1237.178913989944,2.272944950606093e-16,3.8613523287783456e-16
1237.231967238803,2.0923627321280052e-16,3.7377370460288617e-16
1237.2850201992949,2.5144247222038465e-16,4.1165887727190286e-16
1237.3380728714244,1.7163349425393976e-16,3.4216223973240696e-16
1237.3911252551964,2.3560695249245647e-16,3.916486071742164e-16
1237.4441773506157,2.491237127301968e-16,4.0953493780575767e-16
1237.4972291576864,2.268471081227553e-16,3.8701738092767484e-16
1237.5502806764139,1.8207505778281213e-16,3.7294387832730707e-16
1237.6033319068024,1.58052748154035e-16,3.4655862128858605e-16
1237.6563828488568,3.673274124851892e-16,4.941942638384552e-16
1237.709433502582,2.5969540371750194e-16,4.066396432559604e-16
1237.7624838679824,1.6612870067480842e-16,3.4380317569894403e-16
1237.815533945063,2.2599493554340624e-16,3.9937899516416026e-16
1237.868583733828,2.1847504284371864e-16,3.837392685845605e-16
1237.9216332342826,1.7065730229949529e-16,3.5664205678911216e-16
1237.9746824464314,1.3382531173534436e-16,3.0186977123357005e-16
1238.0277313702788,1.303079479607815e-16,3.0551327891284757e-16
1238.0807800058296,7.180791304026602e-17,2.461913620089283e-16
1238.133828353089,6.77146745862097e-17,2.482774856232968e-16
1238.186876412061,7.023856582672079e-17,2.4994998137905454e-16
1238.239924182751,1.342864581855671e-16,3.2596628321770805e-16
1238.292971665163,1.6269716559878593e-16,3.23051317756271e-16
1238.3460188593024,1.7634014910955397e-16,3.441573899055839e-16
1238.3990657651732,2.5323016756376436e-16,3.9548950823919327e-16
1238.4521123827801,2.648326845457487e-16,4.0801706171741134e-16
1238.5051587121286,3.058662141592605e-16,4.3940663501813994e-16
1238.5582047532228,3.3167091029737084e-16,4.34409782734183e-16
1238.611250506067,4.1715931571211315e-16,4.935150775784742e-16
1238.6642959706671,3.7642262410772227e-16,4.808862603034196e-16
1238.7173411470271,2.0200339864201622e-16,3.607033310140556e-16
1238.7703860351514,1.539974626849043e-16,3.2211203058888057e-16
1238.823430635045,1.3770281560550664e-16,2.994354245879202e-16
1238.8764749467127,2.1671239680371773e-16,3.791749299828638e-16
1238.929518970159,1.6342424632877338e-16,3.2511529119085215e-16
1238.982562705389,1.0802583778028441e-16,2.7441991671987434e-16
1239.035606152407,1.2040307095608279e-16,2.8611074786985763e-16
1239.0886493112175,1.7769521171006768e-16,3.4209804578845443e-16
1239.1416921818259,1.0495394755100242e-16,2.590895586381209e-16
1239.194734764236,1.6884243330605672e-16,3.282278393930609e-16
1239.2477770584535,1.5249954116240966e-16,3.1811680301162305e-16
1239.300819064482,1.1635716780127268e-16,2.947572149657096e-16
1239.3538607823273,1.871543618811716e-16,3.414549326164617e-16
1239.4069022119934,2.760240323078659e-16,4.0606719982662003e-16
1239.4599433534854,2.0283769817424368e-16,3.537228899562164e-16
1239.5129842068075,1.6281935969475273e-16,3.139075507180807e-16
1239.5660247719645,1.4926386574903684e-16,2.9992466781411894e-16
1239.6190650489618,1.3975823612055236e-16,2.974530642114885e-16
1239.672105037803,1.6484537585592976e-16,3.2374042461804364e-16
1239.7251447384938,1.1461591962273422e-16,2.7162931229902113e-16
1239.7781841510384,1.4183233885025343e-16,2.9876440852441753e-16
1239.8312232754415,1.8062869329244704e-16,3.3322898430114135e-16
1239.8842621117078,1.4242360011026693e-16,2.869005160881879e-16
1239.937300659842,1.1938808047686773e-16,2.7342717112217e-16
1239.990338919849,1.1206916326273328e-16,2.7340996293327973e-16
1240.0433768917333,6.52241109403531e-17,2.190873550272022e-16
1240.0964145754997,1.446417268958204e-16,3.061903016516437e-16
1240.1494519711525,8.605221611488818e-17,2.2079776253295069e-16
1240.202489078697,1.537165565108743e-16,2.9922197794170866e-16
1240.2555258981374,1.2798787773000724e-16,2.7458317656720544e-16
1240.3085624294788,1.4803095117405553e-16,3.085997395952035e-16
1240.3615986727257,1.4592205820997658e-16,2.8963457652119455e-16
1240.4146346278826,1.1522661326705974e-16,2.657309726700463e-16
1240.4676702949548,1.314477185354281e-16,2.763451148453698e-16
1240.5207056739464,1.773772381770131e-16,3.235392708020971e-16
1240.5737407648624,1.9711764882914493e-16,3.352949579409838e-16
1240.6267755677072,1.8578022905195196e-16,3.275675731952833e-16
1240.6798100824858,1.6803218376217406e-16,3.185894081669034e-16
1240.7328443092024,1.871312551068273e-16,3.372284395474678e-16
1240.7858782478625,1.4549499166034376e-16,2.931477224036608e-16
1240.83891189847,1.5687410835642492e-16,3.09040347293344e-16
1240.8919452610303,1.4856512508372988e-16,3.055422549790796e-16
1240.9449783355476,1.458065368679136e-16,2.921642164250673e-16
1240.9980111220266,1.7507516796099807e-16,3.192846531284691e-16
1241.0510436204725,1.9527807444602572e-16,3.2229222076752335e-16
1241.1040758308895,1.2667982281381185e-16,2.6509981490195937e-16
1241.1571077532822,7.929291862800662e-17,2.3115829577046206e-16
1241.2101393876555,1.0353725801243242e-16,2.387022389520886e-16
1241.2631707340145,1.301890554791984e-16,2.73340345909508e-16
1241.316201792363,1.2461248879107953e-16,2.6777329696746397e-16
1241.3692325627064,1.0829366700442856e-16,2.6202437070701493e-16
1241.422263045049,1.5966998801304073e-16,3.057102202124922e-16
1241.4752932393963,2.368104529474973e-16,3.6211315097486988e-16
1241.528323145752,2.3876137539449534e-16,3.628843081811959e-16
1241.5813527641208,1.4901211371605689e-16,2.8137918671585806e-16
1241.6343820945083,1.270596813600953e-16,2.674372944923926e-16
1241.6874111369182,1.7445576260662441e-16,3.050881370045692e-16
1241.7404398913557,1.770007078295814e-16,3.1558282609024317e-16
1241.7934683578255,9.070013159146294e-17,2.2767647739771243e-16
1241.8464965363323,1.2181877725889825e-16,2.741159172866902e-16
1241.8995244268808,1.0104257166790315e-16,2.382937200746023e-16
1241.9525520294756,1.4402091617099327e-16,2.7670090443237447e-16
1242.005579344121,1.8987320802142876e-16,3.1501997252979443e-16
1242.0586063708222,1.0772826292090491e-16,2.571179283874429e-16
1242.1116331095839,1.1674489349355035e-16,2.4942982289996725e-16
1242.1646595604107,1.1939144678500684e-16,2.528332349483456e-16
1242.217685723307,1.074773989335795e-16,2.508706943407035e-16
1242.270711598278,1.1284461505451961e-16,2.4897354013022534e-16
1242.3237371853281,1.0134463015851652e-16,2.339766151122778e-16
1242.376762484462,1.2358618546815123e-16,2.5774906894004627e-16
1242.4297874956844,1.902140794620591e-16,3.2159171336055224e-16
1242.482812219,1.6373026660939322e-16,2.9376827767842303e-16
1242.5358366544135,2.0093342731601226e-16,3.2162917304185087e-16
1242.5888608019295,1.6642848615739515e-16,3.012682142763571e-16
1242.641884661553,1.40094144714247e-16,2.728774950491839e-16
1242.694908233288,1.1915136431425483e-16,2.4857136666296594e-16
1242.74793151714,1.3160734691700057e-16,2.6716434999105747e-16
1242.8009545131133,1.2066372261464357e-16,2.6449524653070445e-16
1242.8539772212125,1.3856238174170612e-16,2.8089789693601496e-16
1242.9069996414426,1.621201079068706e-16,3.082465423406855e-16
1242.9600217738077,1.4728607209802322e-16,2.834210619813808e-16
1243.0130436183133,1.1138700153045232e-16,2.5542733645495817e-16
1243.0660651749638,1.4173274412506533e-16,2.7987717506321063e-16
1243.1190864437635,1.5266829489817394e-16,2.919300565366058e-16
1243.1721074247175,1.135526783472213e-16,2.5547043277877507e-16
1243.22512811783,9.594685996528526e-17,2.336173050864743e-16
1243.2781485231064,1.1406645051594528e-16,2.495328740915923e-16
1243.331168640551,2.0065254935058624e-16,3.283272048890042e-16
1243.3841884701683,1.1938627461712738e-16,2.382190484249811e-16
1243.437208011963,1.2060804531084979e-16,2.6302123116482995e-16
1243.4902272659403,1.4303376827767773e-16,2.863149308121236e-16
1243.5432462321046,1.7060348415145633e-16,3.1925058164315886e-16
1243.5962649104604,1.115027979747469e-16,2.5015444423586354e-16
1243.649283301013,1.5831137960828602e-16,2.9260673890406925e-16
1243.7023014037661,1.1235522688888707e-16,2.48175440396329e-16
1243.755319218725,8.775396804323035e-17,2.149353618173539e-16
1243.8083367458944,1.0725093040430177e-16,2.4982386935861627e-16
1243.8613539852788,1.116303877721824e-16,2.537889466684281e-16
1243.9143709368832,1.4996658441048392e-16,2.9378878082230364e-16
1243.9673876007116,1.0643087178777649e-16,2.4713807176360807e-16
1244.0204039767696,1.261787751079589e-16,2.6639030171980643e-16
1244.0734200650613,1.199147852166869e-16,2.543348668568904e-16
1244.1264358655915,1.6244545662549603e-16,3.013849253833646e-16
1244.179451378365,1.0386435991711375e-16,2.4010696188211757e-16
1244.2324666033862,1.0724416413393872e-16,2.54741135860188e-16
1244.28548154066,8.271957048153823e-17,2.2758452837618733e-16
1244.3384961901913,7.053593745715386e-17,2.104712432275744e-16
1244.391510551984,5.1443073737759546e-17,1.8298875505525637e-16
1244.4445246260439,8.020165949648587e-17,2.1948679098497688e-16
1244.497538412375,8.292526114016872e-17,2.2842728287808993e-16
1244.550551910982,9.951495784822173e-17,2.383856875115019e-16
1244.60356512187,1.1754324532900981e-16,2.554279424219117e-16
1244.6565780450428,5.763640866643842e-17,1.917972149473918e-16
1244.709590680506,9.328169132782176e-17,2.3116354946546405e-16
1244.7626030282638,1.3436603425923708e-16,2.8261671622950805e-16
1244.8156150883212,1.0935224041138372e-16,2.5078796129161133e-16
1244.8686268606825,1.2406811589396447e-16,2.6788177808624726e-16
1244.9216383453527,9.548635106183821e-17,2.346408979129591e-16
1244.9746495423362,1.2526776366750625e-16,2.7335257528953683e-16
1245.0276604516382,1.3256894859718812e-16,2.6976373843830704e-16
1245.080671073263,1.0717588233925522e-16,2.419613349721276e-16
1245.1336814072151,6.412537257514106e-17,2.0890152655675712e-16
1245.1866914534996,7.792688182417468e-17,2.169146247817086e-16
1245.2397012121207,9.444109379826604e-17,2.3499639178681835e-16
1245.2927106830837,1.2367593578441682e-16,2.73282949589855e-16
1245.345719866393,9.480358530310784e-17,2.459881272069212e-16
1245.398728762053,5.0040197753631955e-17,1.8344951268528848e-16
1245.4517373700685,7.30559211433793e-17,2.1447096088131448e-16
1245.5047456904447,9.874439722727945e-17,2.348193371126227e-16
1245.5577537231857,1.177464027393724e-16,2.7180997184800304e-16
1245.6107614682962,6.642895686840193e-17,2.13881158025613e-16
1245.6637689257811,8.331920950118378e-17,2.31909565748583e-16
1245.7167760956452,7.675998810036606e-17,2.214626806908002e-16
1245.769782977893,9.392247537425091e-17,2.4025369157668025e-16
1245.8227895725292,9.766212009970518e-17,2.5047488746327425e-16
1245.8757958795586,7.448857250694712e-17,2.2603182024487126e-16
1245.9288018989857,8.712928161428358e-17,2.3495981054588806e-16
1245.981807630815,3.517279201593047e-17,1.826161204529057e-16
1246.0348130750517,1.1623332777778806e-16,2.733232008405417e-16
1246.0878182316999,8.606508988434963e-17,2.338791209669136e-16
1246.140823100765,7.15108050558214e-17,2.1421519881847812e-16
1246.193827682251,5.408720102943843e-17,1.9209927019862415e-16
1246.2468319761626,5.3976724589034544e-17,2.0014258379753004e-16
1246.299835982505,9.10147093544254e-17,2.4655955526753783e-16
1246.3528397012826,6.662828517437054e-17,2.1468873642479188e-16
1246.4058431325002,5.4278214243447144e-17,2.0810453122836418e-16
1246.4588462761624,6.74947349676237e-17,2.1672934547685682e-16
1246.5118491322737,1.0060506214803092e-16,2.4500326571606397e-16
1246.564851700839,8.108990714669134e-17,2.4258434029939825e-16
1246.617853981863,5.739986229517713e-17,2.0501572156997846e-16
1246.67085597535,7.670476991338257e-17,2.3274282192697587e-16
1246.723857681305,4.558395873851016e-17,1.9473664121763947e-16
1246.7768590997327,3.088068883418045e-17,1.621454391443217e-16
1246.829860230638,1.1594985708130314e-16,2.6909784373278974e-16
1246.8828610740252,8.915351817063728e-17,2.387272451751535e-16
1246.935861629899,8.534912007686304e-17,2.442892195042902e-16
1246.988861898264,7.459650242826843e-17,2.3454094210073293e-16
1247.0418618791252,1.1360024160455118e-16,2.7089551421843324e-16
1247.0948615724872,7.976996542048385e-17,2.1978780087745045e-16
1247.1478609783544,1.6472354013318962e-16,3.1412272935835914e-16
1247.200860096732,8.562468627219635e-17,2.4557882015508986e-16
1247.2538589276242,6.145420490859066e-17,2.2166071483120756e-16
1247.3068574710358,6.989776451278881e-17,2.3384267998586842e-16
1247.3598557269715,7.010635720822713e-17,2.349659559598313e-16
1247.4128536954358,1.3877033285489221e-17,1.563477698269472e-16
1247.4658513764339,6.955985291068496e-17,2.310722975742807e-16
1247.51884876997,5.121875375043128e-17,2.055673130012211e-16
1247.571845876049,4.7704722823809305e-17,2.142346790502535e-16
1247.6248426946754,4.8579764359649295e-17,2.053924750690466e-16
1247.6778392258539,8.261027294471918e-17,2.4685313387180603e-16
1247.7308354695895,4.285219399873871e-17,2.0330260007012768e-16
1247.7838314258865,6.886182219182504e-18,1.5343686137910641e-16
1247.8368270947499,3.6288789094219113e-17,1.9954274042758693e-16
1247.889822476184,5.487526663909448e-17,2.2012155823266335e-16
1247.9428175701935,6.614282105560486e-17,2.2800201502349064e-16
1247.9958123767835,4.292816977194563e-17,2.0083848256384875e-16
