trappist-1/STIS/extracted_spectra/TRAPPIST-1_G140M_2017_mean.ecsv
# %ECSV 0.9
# ---
# datatype:
# - name: WAVELENGTH
#   unit: Angstrom
#   datatype: float64
# - name: FLUX
#   unit: erg / (Angstrom cm2 s)
#   datatype: float64
# - name: ERROR
#   unit: erg / (Angstrom cm2 s)
#   datatype: float64
# delimiter: ','
# schema: astropy-2.0
WAVELENGTH,FLUX,ERROR
[from data line 252]
1207.7862397521042,4.546777672885398e-16,1.2188963729849079e-15
1207.839469112215,3.857038888244152e-16,1.1889233391449166e-15
1207.8926981729705,3.4559888886813275e-16,1.1605154419593648e-15
1207.945926934376,4.137345217554934e-16,1.1873870109533493e-15
1207.9991553964362,7.317805149141033e-17,1.0292853690260341e-15
1208.0523835591564,3.4491520904131185e-16,1.1611844261477144e-15
1208.1056114225414,1.8669821144818967e-16,1.1059030673646152e-15
1208.1588389865965,4.614647796427873e-17,1.0457295739732948e-15
1208.2120662513262,7.695029185937794e-17,1.0551199570675925e-15
1208.2652932167364,1.0805332934352614e-16,1.067957246292955e-15
1208.3185198828317,-8.291862116727822e-18,9.995117074361948e-16
1208.371746249617,1.0168054803644931e-16,1.0637437289701097e-15
1208.4249723170976,2.844934956384056e-16,1.1402843189344188e-15
1208.4781980852783,8.324563058686566e-16,1.3290945787861356e-15
1208.5314235541646,7.289392414054627e-16,1.2919864534288093e-15
1208.584648723761,3.960872063507883e-16,1.1654476147024234e-15
1208.637873594073,2.672791331988918e-16,1.1015187877753028e-15
1208.6910981651054,1.5017259688122072e-16,1.0692246934106368e-15
1208.7443224368633,4.2806391554889534e-17,1.0303298486146158e-15
1208.7975464093518,-2.1784671629271783e-16,8.954699345875935e-16
1208.8507700825758,1.3120789010828437e-16,1.0585845519694196e-15
1208.9039934565405,3.3065056376654567e-16,1.1359806782413924e-15
1208.957216531251,2.0772546296075537e-16,1.0793291725618192e-15
1209.0104393067122,1.645100230486805e-17,1.018321558175387e-15
1209.063661782929,-1.0957752041969693e-16,9.418411565248223e-16
1209.116883959907,1.5274457272913622e-16,1.05147128108049e-15
1209.170105837651,1.8670364818469455e-16,1.0749167998958375e-15
1209.2233274161654,5.888346752957124e-17,1.0320271824194e-15
1209.2765486954563,-1.492405997754486e-16,9.329444455638621e-16
1209.329769675528,-6.359797128586625e-17,9.660440766221655e-16
1209.3829903563858,3.3154782348748144e-17,9.935556822716332e-16
1209.4362107380346,7.44924980677901e-16,1.2609273397840825e-15
1209.4894308204796,9.564202135985873e-16,1.3671452468778445e-15
1209.5426506037259,5.414978240976303e-16,1.215334585607791e-15
1209.5958700877786,3.8854990329165203e-16,1.1611551011315535e-15
1209.6490892726424,2.2972512921991694e-17,1.0059208095137067e-15
1209.7023081583227,2.8379594667423784e-16,1.1159240919541742e-15
1209.7555267448245,2.5641601315145924e-16,1.106975281177823e-15
1209.8087450321525,2.3269947715128247e-16,1.0881705802085756e-15
1209.861963020312,6.290062958574509e-16,1.2452906440527408e-15
1209.9151807093083,6.182640837880564e-16,1.2206910025049536e-15
1209.9683980991458,5.270581170112508e-16,1.1797923331658015e-15
1210.02161518983,2.677485207565929e-16,1.0854362538466737e-15
1210.0748319813663,3.7015922607337855e-16,1.128846916365814e-15
1210.128048473759,1.3899040622284518e-16,1.0405289698064589e-15
1210.1812646670137,3.1456805389309232e-16,1.1251818592301453e-15
1210.234480561135,3.733367933510801e-16,1.136228906016391e-15
1210.2876961561283,8.901319212133239e-16,1.3241956568199898e-15
1210.3409114519982,4.447527955125362e-16,1.1769871403439378e-15
1210.3941264487503,4.714572938994432e-16,1.1671334685431885e-15
1210.4473411463891,3.661861785078044e-16,1.1276413172125216e-15
1210.5005555449202,2.3300681355309484e-16,1.0724426259510624e-15
1210.5537696443482,4.805112171980633e-16,1.1558727051990855e-15
1210.6069834446785,5.971945540798124e-16,1.2183394194779312e-15
1210.6601969459161,3.7567471195121036e-16,1.1389649925889326e-15
1210.7134101480656,7.429744769949869e-16,1.2759323267172027e-15
1210.7666230511327,7.393615417168056e-16,1.2644782878675655e-15
1210.8198356551216,3.259301744122783e-16,1.1080017233234045e-15
1210.8730479600379,5.450259920598748e-16,1.205376762191072e-15
1210.9262599658869,4.99254895540849e-16,1.1736006235367384e-15
1210.9794716726733,1.2912979527384488e-16,1.0751215205745693e-15
1211.032683080402,1.119937799141414e-16,1.0873256019598388e-15
1211.085894189078,4.2187415736214535e-16,1.1454840761078554e-15
1211.139104998707,3.1934745731217776e-16,1.0934818642552506e-15
1211.1923155092934,1.2449700920540688e-16,1.0306895097731529e-15
1211.2455257208424,1.5748554886210883e-16,1.0398931283326283e-15
1211.2987356333588,-9.701429581733482e-17,9.196634246985064e-16
1211.3519452468483,8.04088982963411e-17,9.916339798093777e-16
1211.4051545613154,-1.316951381114107e-16,9.028897629605711e-16
1211.4583635767654,1.4493121360542282e-17,9.954881644213696e-16
1211.511572293203,5.064204117219409e-18,1.0116625546910167e-15
1211.5647807106338,-1.2905028475122953e-16,9.515120048684144e-16
1211.6179888290624,-8.459473432665377e-17,9.7345165653122e-16
1211.6711966484938,3.1158351378304064e-16,1.1274887455317859e-15
1211.724404168933,8.346341712123656e-17,1.0106937593070245e-15
1211.7776113903858,4.4015291790702785e-16,1.1328386951174942e-15
1211.8308183128563,7.29921465435902e-16,1.220804643291212e-15
1211.88402493635,4.25381407996907e-16,1.1080985822193886e-15
1211.937231260872,2.0979872228868905e-16,1.0388483915733237e-15
1211.9904372864269,2.693417852234574e-16,1.0509891231353167e-15
1212.0436430130203,2.8601441006147927e-16,1.0784424894213723e-15
1212.096848440657,2.5605353412602967e-16,1.0625196377526146e-15
1212.1500535693417,2.837079843964656e-16,1.0780253775150899e-15
1212.2032583990801,2.108609391661492e-16,1.0330946419193711e-15
1212.256462929877,5.5291894746098e-16,1.1709901099715057e-15
1212.3096671617368,1.2134777093203738e-16,1.0065621566361756e-15
1212.3628710946655,-1.1560698955162235e-16,9.003084464718183e-16
1212.4160747286676,-6.350115821508822e-17,9.2888379276922e-16
1212.4692780637483,1.7158804812365494e-16,1.0033921909071602e-15
1212.5224810999123,5.468766741654357e-16,1.1550721772102745e-15
1212.5756838371651,1.0796586377201688e-15,1.3343736083632745e-15
1212.6288862755118,4.542345155116883e-16,1.1177786298659454e-15
1212.682088414957,3.72552169444653e-16,1.0934827795979993e-15
1212.735290255506,7.460860839092914e-16,1.2404142916688254e-15
1212.7884917971637,3.9806364129874637e-16,1.1255896807648001e-15
1212.841693039935,4.292988828238905e-16,1.152005769511463e-15
1212.8948939838256,2.6971553612407047e-16,1.0512072058373537e-15
1212.9480946288397,2.2792386800216007e-16,1.0174542440412922e-15
1213.0012949749828,7.027222474400188e-17,9.599506479390857e-16
1213.05449502226,2.689682307979163e-16,1.0538208712716342e-15
1213.107694770676,2.392611181247829e-16,1.0389635162229872e-15
1213.1608942202365,4.596692093666517e-16,1.125174447800959e-15
1213.2140933709456,3.2858786721975363e-16,1.0674495067191323e-15
1213.2672922228091,6.951221351299813e-16,1.1942630577223604e-15
1213.3204907758316,6.212239238597106e-16,1.1732016222150943e-15
1213.3736890300183,2.569058744029446e-16,1.0431566201698364e-15
1213.4268869853743,3.3246003980944895e-16,1.0672254989398759e-15
1213.4800846419043,1.6257723105218056e-16,9.869592900232533e-16
1213.533281999614,2.0465241219543098e-16,1.0022931170147038e-15
1213.5864790585078,1.883915761906525e-16,9.95705414128574e-16
1213.6396758185908,5.223636834883852e-16,1.1274754660591357e-15
1213.6928722798684,2.529910268150766e-16,1.035052512510889e-15
1213.7460684423456,-9.578729243484554e-17,8.760532133245094e-16
1213.799264306027,2.6582118207163262e-17,9.168882435319463e-16
1213.852459870918,1.7367206430599818e-16,9.858553261786651e-16
1213.9056551370234,1.5215977519291007e-16,9.975064804129911e-16
1213.9588501043486,1.983891527106933e-16,9.937106014383504e-16
1214.012044772898,1.6835197651933292e-16,9.95808291505773e-16
1214.0652391426775,3.5210389534764724e-16,1.077393439486253e-15
1214.1184332136913,2.9950858022117867e-16,1.051253023776558e-15
1214.1716269859448,2.8879582521886846e-16,1.0311971944022304e-15
1214.2248204594434,3.477491482541282e-16,1.055425511350964e-15
1214.278013634192,6.548204309935555e-17,9.439986142738315e-16
1214.3312065101948,2.718443795757943e-16,1.039884299708808e-15
1214.3843990874575,4.167444610005281e-16,1.0835229829338908e-15
1214.4375913659853,5.265956970888508e-16,1.1231014374742524e-15
1214.490783345783,2.926871675495495e-16,1.0215952478087384e-15
1214.5439750268554,2.9875018732323677e-16,1.0324699851439776e-15
1214.5971664092078,2.0777862580485673e-16,9.94622335067539e-16
1214.6503574928456,5.25287219870895e-16,1.1045872621416126e-15
1214.703548277773,9.932109417912129e-16,1.243436749445275e-15
1214.7567387639958,1.4605922196421716e-15,1.4115019398638773e-15
1214.8099289515185,1.2269424957071074e-15,1.3406668015842537e-15
1214.8631188403463,1.1734821675565685e-15,1.3376316093453507e-15
1214.9163084304846,1.4724526767514692e-15,1.4583555499211633e-15
1214.9694977219376,1.5019580195767562e-15,1.4709721835185527e-15
1215.0226867147112,2.041331923856248e-15,1.6707331801741279e-15
1215.07587540881,2.7255019614390975e-15,1.8827337990046234e-15
1215.1290638042392,4.124632374679185e-15,2.192272684608846e-15
1215.1822519010034,4.493850403659419e-15,2.294357674666237e-15
1215.2354396991082,5.123148531547351e-15,2.3994348044657814e-15
1215.2886271985583,3.6336745322817854e-15,2.171108146489645e-15
1215.3418143993588,2.3636512977628826e-15,1.9756096747899345e-15
1215.3950013015149,1.4920414054010046e-15,1.969466187556015e-15
1215.4481879050313,6.544048618186e-16,2.1729415872525705e-15
1215.5013742099134,1.0381041473845603e-16,2.7708042338005705e-15
1215.5545602161658,-8.975758738650834e-16,3.4024411600919704e-15
1215.607745923794,4.103885390570659e-16,3.947258185201554e-15
1215.6609313328026,1.166182829164403e-16,3.8146321228108375e-15
1215.7141164431969,-1.3322238318801963e-17,3.1248082782880708e-15
1215.767301254982,-4.962313194610918e-17,2.237701040994148e-15
1215.8204857681624,4.791345157129941e-16,1.7476636602425172e-15
1215.8736699827439,8.523770499376386e-16,1.5540671776465466e-15
1215.926853898731,6.725082423668384e-16,1.3532782542261605e-15
1215.980037516129,9.022183834739983e-16,1.3195801197295164e-15
1216.0332208349425,1.1204083618633513e-15,1.3423708407457209e-15
1216.0864038551772,7.515901997757658e-16,1.1701700158650337e-15
1216.1395865768375,1.1261985142714778e-15,1.2635136721190415e-15
1216.1927689999288,4.506417402287421e-16,1.0375584729611114e-15
1216.2459511244563,4.996772844326747e-16,1.0711145389706753e-15
1216.2991329504243,7.401036876220551e-16,1.1688093716499283e-15
1216.3523144778385,3.846628681118601e-16,1.0427762649334677e-15
1216.4054957067037,6.103386073416865e-16,1.1214338888228168e-15
1216.4586766370248,4.1042970637590466e-16,1.0181820773215562e-15
1216.5118572688073,8.513329647217845e-16,1.1762803409177353e-15
1216.5650376020556,8.293557120959347e-16,1.174768062943817e-15
1216.618217636775,8.587620184297108e-16,1.1858986936065319e-15
1216.6713973729704,6.636605989992105e-16,1.1056357656158122e-15
1216.7245768106472,3.162140059309254e-16,9.861782023003438e-16
1216.7777559498104,3.771469489261484e-16,9.951056666072833e-16
1216.8309347904644,6.083810015813798e-16,1.1048201968438062e-15
1216.884113332615,4.151862852036119e-16,1.0360270232800942e-15
1216.937291576267,9.121090554784017e-16,1.2216720260726586e-15
1216.9904695214245,8.434364914962256e-16,1.1909529430057383e-15
1217.0436471680941,4.640128895783514e-16,1.0436352606884133e-15
1217.0968245162799,2.8507369631944746e-16,9.832340468928827e-16
1217.1500015659867,7.909232448682654e-17,8.872758168323176e-16
1217.2031783172206,4.446733464507938e-16,1.0235135609891826e-15
1217.2563547699854,6.613894935679577e-16,1.1083423536881615e-15
1217.3095309242872,4.1014519084386043e-16,1.012941169858511e-15
1217.3627067801297,4.350001037224903e-16,9.955106195900104e-16
1217.4158823375192,1.2562659819413304e-15,1.2660338579341485e-15
1217.4690575964603,2.2879427754032213e-15,1.5631907787703218e-15
1217.5222325569578,1.6789566756897378e-15,1.3974601726337498e-15
1217.5754072190168,9.075087855082456e-16,1.1853064454964854e-15
1217.6285815826425,5.934916580891268e-16,1.0798842228940648e-15
1217.6817556478397,3.1085535062095017e-16,9.47834280416867e-16
1217.7349294146138,2.9942751140872727e-16,9.500704506705327e-16
1217.7881028829697,7.124810727068734e-16,1.0863273735614095e-15
1217.841276052912,1.0824930438687427e-15,1.2145369830383054e-15
1217.8944489244461,6.610790027358775e-16,1.0754941343750592e-15
1217.947621497577,3.2648872160312524e-16,9.676688990912547e-16
1218.0007937723099,1.1877312752257304e-16,8.627011072027277e-16
1218.0539657486493,-8.389519362434023e-17,7.699955677895581e-16
1218.1071374266005,9.519771848838444e-17,8.626772722664919e-16
1218.1603088061688,2.6407135563899834e-17,8.052268081279748e-16
1218.2134798873585,4.751061740304254e-16,9.987380356635406e-16
1218.2666506701757,2.635725128050852e-16,9.183220669786027e-16
1218.3198211546246,-8.071728945761702e-17,7.84917574117313e-16
1218.3729913407105,-4.3217035655582444e-18,8.546503962147433e-16
1218.426161228438,-7.80524650476023e-17,8.004382191234136e-16
1218.479330817813,-1.3884844478882582e-16,7.363113029845326e-16
1218.5325001088397,-1.0667216556844189e-16,7.479410361331512e-16
1218.5856691015235,1.3031805709050337e-17,8.099798873055386e-16
1218.6388377958694,3.619399864868704e-16,9.612573685997769e-16
1218.6920061918822,9.011640932581959e-17,8.16773961804305e-16
1218.7451742895673,1.503209226687165e-16,8.730752122717387e-16
1218.7983420889295,2.7410838286302236e-18,7.773423036714907e-16
1218.851509589974,4.3141350375687975e-17,8.210216953660534e-16
1218.9046767927055,1.0624941637149318e-16,8.338224259177895e-16
1218.957843697129,1.2351716937137016e-16,8.326519952613861e-16
1219.0110103032498,3.096786089472315e-16,9.278699414201769e-16
1219.064176611073,1.7276130617742803e-16,8.714080115188024e-16
1219.1173426206035,1.2613730133019916e-16,8.502440981044297e-16
1219.170508331846,-7.7264455375187e-17,7.549868311092492e-16
1219.2236737448059,4.9576891616643673e-17,8.042014734506483e-16
1219.276838859488,1.3760837409261253e-16,8.445382142152821e-16
1219.3300036758976,1.010735329232798e-16,8.340324515289994e-16
1219.3831681940396,7.90848592969368e-18,7.672702929431686e-16
1219.4363324139188,4.378461279980806e-17,7.873914775051469e-16
1219.4894963355405,2.995817897822387e-16,9.10388117711855e-16
1219.5426599589096,4.1783212499138923e-16,9.546486538817572e-16
1219.5958232840312,2.587525707351491e-16,8.981125526386562e-16
1219.64898631091,2.425390170629385e-16,8.730399695142946e-16
1219.7021490395514,6.457944363176608e-17,7.852126940263455e-16
1219.7553114699604,8.310259584989856e-17,7.988965666599046e-16
1219.808473602142,1.8864087043470435e-16,8.400115449025457e-16
1219.8616354361009,3.560957706100542e-16,9.089475693784468e-16
1219.9147969718424,2.6615245380611774e-16,8.780913674471331e-16
1219.967958209371,5.074865383703645e-17,7.750003910765458e-16
1220.0211191486928,1.3469826260599243e-16,8.125026764445866e-16
1220.0742797898122,1.9968757623854642e-16,8.444341788404618e-16
1220.127440132734,1.100297226897911e-16,7.98953420144375e-16
1220.1806001774637,1.2523142535668018e-16,8.189746057211126e-16
1220.2337599240059,6.497990921742274e-17,7.648452921192497e-16
1220.2869193723657,7.20057792156846e-16,1.0058420355822612e-15
1220.340078522548,1.807475893959071e-15,1.3640071712166862e-15
1220.3932373745583,1.5485194877366102e-15,1.297561768124437e-15
1220.4463959284012,8.578165394874952e-16,1.066469425531111e-15
1220.499554184082,5.089641212929833e-16,9.601775508288692e-16
1220.5527121416053,6.14751626088052e-16,9.909994202983064e-16
1220.6058698009767,7.601895698201117e-16,1.0410694723843742e-15
1220.6590271622006,4.79752755467549e-16,9.41079985525556e-16
1220.7121842252823,1.7395927625924592e-16,8.268227407515704e-16
1220.765340990227,2.4775679621049724e-16,8.473498584539304e-16
1220.8184974570397,2.9948354517611836e-16,8.719111144081595e-16
1220.8716536257248,3.781591551497793e-17,7.81337802155299e-16
1220.924809496288,1.4582423424665871e-16,8.306919142000697e-16
1220.9779650687342,3.2323658272496383e-16,8.721357553851406e-16
1221.031120343068,1.171341860169853e-15,1.1177834587115887e-15
