trappist-1/STIS/extracted_spectra/TRAPPIST-1_G140M_all_mean.ecsv
# %ECSV 0.9
# ---
# datatype:
# - name: WAVELENGTH
#   unit: Angstrom
#   datatype: float64
# - name: FLUX
#   unit: erg / (Angstrom cm2 s)
#   datatype: float64
# - name: ERROR
#   unit: erg / (Angstrom cm2 s)
#   datatype: float64
# delimiter: ','
# schema: astropy-2.0
WAVELENGTH,FLUX,ERROR
[from data line 254]
1207.9025878563943,3.038293437798971e-16,9.931369640002653e-16
1207.955800714156,2.814967065416429e-16,9.7706373127899e-16
1208.0090132809407,9.554698253093487e-17,8.620076379783009e-16
1208.0622255567528,2.6576856080936773e-16,9.708090524123399e-16
1208.1154375415965,1.6619334059635543e-16,9.236135944042355e-16
1208.1686492354775,8.220380733630291e-17,8.794603155245814e-16
1208.2218606383997,7.608811162053153e-17,8.832863170487052e-16
1208.2750717503686,1.0903264697942518e-16,8.947075952366558e-16
1208.3282825713886,1.6325319550745002e-16,8.999772133160454e-16
1208.3814931014647,2.136716566510149e-16,9.434319284579511e-16
1208.4347033406016,3.085866839632546e-16,9.980723354105647e-16
1208.4879132888036,5.802552998130495e-16,1.1026555815116656e-15
1208.541122946076,4.730888999875965e-16,1.0527309114197669e-15
1208.5943323124236,2.770825598391034e-16,9.512761000745405e-16
1208.647541387851,2.4300565374469163e-16,9.522645292991032e-16
1208.7007501723629,1.8269174320014487e-16,9.22595486874626e-16
1208.7539586659643,7.240504213948839e-17,8.6489854148633965e-16
1208.8071668686598,4.851807346889899e-17,8.492982453218981e-16
1208.860374780454,2.0583882138432321e-16,9.125100525585643e-16
1208.9135824013522,3.403758996842961e-16,9.78291160212042e-16
1208.9667897313586,9.598665860176557e-17,8.721830114840676e-16
1209.0199967704784,6.219843586898514e-17,8.636223193130682e-16
1209.073203518716,-1.5944722504074926e-17,8.100602410307888e-16
1209.1264099760763,1.7525980121630215e-16,9.157397254091141e-16
1209.1796161425643,9.228329838592887e-17,8.776054254339342e-16
1209.2328220181846,5.561728765180704e-17,8.6175694255628935e-16
1209.2860276029419,1.7881458836380634e-18,8.290727934872915e-16
1209.3392328968412,2.838825576582278e-17,8.514199030404327e-16
1209.392437899887,6.238775373619433e-17,8.450210390052786e-16
1209.445642612084,5.812385186517116e-16,1.0880594773577103e-15
1209.4988470334372,5.299731132897271e-16,1.0728568351101686e-15
1209.5520511639515,2.9552157764351306e-16,9.590585852291196e-16
1209.6052550036316,3.047556620324229e-16,9.481179939648773e-16
1209.6584585524818,2.4861335883519328e-17,8.370362779668382e-16
1209.7116618105072,2.5740304854922824e-16,9.481386465999274e-16
1209.7648647777128,1.8438906545773885e-16,9.197342438291909e-16
1209.8180674541031,2.395968654438064e-16,9.322516711445583e-16
1209.871269839683,4.12041955489875e-16,1.01691303017965e-15
1209.9244719344574,4.582399328087796e-16,1.0253674784463055e-15
1209.9776737384307,3.4949711277312227e-16,9.68596879413298e-16
1210.0308752516075,2.3592821234970513e-16,9.134581819143753e-16
1210.0840764739935,3.2001620510862754e-16,9.51681135440644e-16
1210.1372774055924,1.897135718024175e-16,9.010242504382935e-16
1210.1904780464097,2.7824734370724775e-16,9.518263702051943e-16
1210.2436783964497,4.079437026623851e-16,9.989554167258894e-16
1210.2968784557177,6.139812217884276e-16,1.103715357527696e-15
1210.350078224218,4.0190062127687074e-16,1.0012943341426732e-15
1210.4032777019552,6.153210540759425e-16,1.0570845130545872e-15
1210.4564768889347,4.74586585695747e-16,9.849143403409245e-16
1210.5096757851609,2.396756463799569e-16,9.2206765037661e-16
1210.5628743906386,3.966250061243468e-16,9.72305768385721e-16
1210.6160727053727,3.1040763869561305e-16,9.562818630715198e-16
1210.6692707293678,2.308618606314959e-16,9.27394715899801e-16
1210.7224684626287,5.224496581002971e-16,1.0533284605184076e-15
1210.77566590516,4.712482675948553e-16,1.0330240458458534e-15
1210.8288630569668,2.436670140230703e-16,9.267722388036353e-16
1210.8820599180538,3.2159609846528797e-16,9.714026677589867e-16
1210.9352564884257,3.996421143446563e-16,9.996672576278267e-16
1210.9884527680872,2.2058507983386816e-16,9.67752414160542e-16
1211.041648757043,1.5077766106680437e-16,9.216780600946268e-16
1211.0948444552982,3.4684991493859134e-16,9.773455293209616e-16
1211.1480398628569,2.244304168323184e-16,9.066607731854504e-16
1211.2012349797249,1.1580540442443265e-16,8.594290932635916e-16
1211.254429805906,1.168478548004661e-16,8.567198614912348e-16
1211.3076243414052,1.6164777234207141e-18,7.910065558320732e-16
1211.3608185862279,9.776482965817314e-17,8.31145647319468e-16
1211.414012540378,7.965608590890558e-18,7.87912456156797e-16
1211.4672062038608,5.847529318720324e-17,8.459169493538708e-16
1211.520399576681,4.7150114823556545e-17,8.462071179901962e-16
1211.573592658843,3.9807802871796186e-17,8.328902465069308e-16
1211.626785450352,1.620830904321788e-17,8.347388531997865e-16
1211.6799779512125,2.1064723358436062e-16,9.186584047537177e-16
1211.7331701614294,1.0116303081188948e-16,8.546225589374495e-16
1211.7863620810076,3.8694991300325117e-16,9.718637861034354e-16
1211.8395537099516,4.97851709860172e-16,1.0111249959937628e-15
1211.8927450482659,3.2051879446358814e-16,9.343273653114823e-16
1211.945936095956,2.0804821930483661e-16,8.730435826505438e-16
1211.9991268530262,2.247588594521494e-16,8.846502009420445e-16
1212.0523173194813,1.7361005904144487e-16,8.848422819708867e-16
1212.1055074953263,2.27235555482749e-16,8.953109364028004e-16
1212.1586973805656,2.990324074686874e-16,9.279536052652686e-16
1212.2118869752042,2.2847708465815916e-16,9.029599507456386e-16
1212.2650762792466,4.3517801789459263e-16,1.0084446531063471e-15
1212.318265292698,2.340367876172407e-16,8.948374838460807e-16
1212.3714540155627,2.2406959617293277e-17,8.076738669374104e-16
1212.424642447846,8.219277567027831e-17,8.241999274093863e-16
1212.477830589552,1.8843062528615596e-16,8.684430403307459e-16
1212.5310184406862,4.125502663132902e-16,9.676107898316303e-16
1212.5842060012526,6.902979584385097e-16,1.0794893868999496e-15
1212.6373932712565,3.709155838587822e-16,9.42709426257208e-16
1212.6905802507024,3.7749370040105266e-16,9.454936936332198e-16
1212.7437669395954,4.789567227683312e-16,1.0072516573392335e-15
1212.7969533379398,3.069328160465572e-16,9.381875486314991e-16
1212.8501394457408,3.818514991148877e-16,9.847388681377957e-16
1212.9033252630027,1.6829710892765532e-16,8.695071638103542e-16
1212.9565107897306,1.3284109683650998e-16,8.639337297280266e-16
1213.009696025929,7.88444839741523e-17,8.291473158010792e-16
1213.0628809716031,2.0643119504326539e-16,8.978231449444948e-16
1213.1160656267573,2.2451281101235744e-16,8.951406705962852e-16
1213.1692499913966,3.6781286807401723e-16,9.479209737118661e-16
1213.2224340655252,2.5550205180378867e-16,8.859946129001665e-16
1213.2756178491484,4.978093278907035e-16,9.998618873036593e-16
1213.3288013422712,3.322607120650834e-16,9.252468505114321e-16
1213.3819845448975,3.3615420968851367e-16,9.240090770154433e-16
1213.435167457033,4.1769678186016365e-16,9.376755773609357e-16
1213.4883500786818,2.238456679346382e-16,8.539604380435188e-16
1213.5415324098487,2.537023217592407e-16,8.833876858296679e-16
1213.5947144505387,3.252263661514196e-16,9.021161375612019e-16
1213.6478962007568,4.820031189581829e-16,9.882606283258617e-16
1213.701077660507,1.6323918073947414e-16,8.532181550055677e-16
1213.754258829795,-5.220238211836899e-17,7.3278565856967785e-16
1213.8074397086248,1.1822944714667014e-16,8.170678602093255e-16
1213.8606202970016,3.2753522266142896e-16,9.268452935083626e-16
1213.9138005949294,2.058139947992842e-16,8.542908571798058e-16
1213.9669806024142,2.0451403781144e-16,8.559835615523391e-16
1214.0201603194598,1.855421418027066e-16,8.549103712239116e-16
1214.0733397460713,3.34840895811715e-16,9.189970326627989e-16
1214.1265188822535,2.9714105037139635e-16,8.9701932231166e-16
1214.179697728011,3.505639683139089e-16,9.187651378498218e-16
1214.2328762833488,3.077898003893231e-16,9.005138829708577e-16
1214.2860545482713,1.728781695352537e-16,8.456520896862679e-16
1214.3392325227835,3.0374599287650515e-16,9.078158856144804e-16
1214.3924102068902,3.9876423651052346e-16,9.474724252542011e-16
1214.4455876005957,4.777305606260046e-16,9.69255521423228e-16
1214.4987647039056,4.440411289597825e-16,9.365416213317948e-16
1214.5519415168242,3.413519063398884e-16,8.97024886548848e-16
1214.605118039356,4.298271194118257e-16,9.56855401648856e-16
1214.6582942715058,6.428316026361609e-16,1.0331749998542876e-15
1214.711470213279,9.019855478152094e-16,1.1113671911150662e-15
1214.7646458646796,1.277463428602255e-15,1.25646053825576e-15
1214.8178212257128,1.1421712884020715e-15,1.2068141376336447e-15
1214.870996296383,1.2037997849996738e-15,1.2505047462212887e-15
1214.9241710766958,1.6894283373954097e-15,1.4263631724368996e-15
1214.9773455666548,1.8050377700768747e-15,1.492749435071552e-15
1215.0305197662653,2.2870925549397746e-15,1.6670934288307892e-15
1215.0836936755322,2.9004234803271592e-15,1.853883611131331e-15
1215.1368672944602,3.984137563862204e-15,2.127824900135386e-15
1215.1900406230536,4.6882081429481066e-15,2.3186628831456854e-15
1215.243213661318,4.814740298236383e-15,2.3810093160846634e-15
1215.2963864092571,3.4058833205962895e-15,2.2110806559406795e-15
1215.3495588668768,2.1695891317194067e-15,2.11896621923804e-15
1215.4027310341812,1.4627934779316828e-15,2.3041317794817147e-15
1215.455902911175,8.579534300057165e-16,2.8944580639067075e-15
1215.509074497863,6.1958490823979465e-16,3.690396994394586e-15
1215.56224579425,-1.1536432528655008e-16,4.177285758667686e-15
1215.615416800341,7.277096448252497e-16,4.3248153330943716e-15
1215.6685875161404,-3.660673578897217e-16,4.117549523011778e-15
1215.7217579416533,2.1791441282928008e-16,4.171693889100695e-15
1215.7749280768842,4.176445100389698e-16,3.989380771298609e-15
1215.8280979218378,1.1901370206818336e-15,3.498732285192658e-15
1215.881267476519,7.995747853331006e-16,2.503662414699886e-15
1215.9344367409326,7.520436883214991e-16,1.848771579700719e-15
1215.9876057150836,7.4316228891551e-16,1.5414390254602077e-15
1216.040774398976,1.0428335956145366e-15,1.4245188361664872e-15
1216.093942792615,9.813892362589556e-16,1.266075944188665e-15
1216.1471108960054,1.2770683178544975e-15,1.3020279439320428e-15
1216.2002787091521,9.022480468549303e-16,1.1092446472212414e-15
1216.2534462320596,8.027087413424595e-16,1.0689128090090155e-15
1216.3066134647327,9.0020006028339e-16,1.1057984436475503e-15
1216.359780407176,6.083852324714668e-16,1.0054454834433627e-15
1216.4129470593946,6.609574107377343e-16,1.0168046982786276e-15
1216.466113421393,5.39743795042746e-16,9.552445975952856e-16
1216.5192794931759,6.698601934022042e-16,1.0079467169213091e-15
1216.5724452747484,7.427265956766683e-16,1.0417352307582572e-15
1216.6256107661147,6.962247103588928e-16,1.0220790013779667e-15
1216.67877596728,6.259184189860269e-16,9.78648844573097e-16
1216.731940878249,4.584877126881324e-16,9.273273897486219e-16
1216.7851054990263,4.828994612839447e-16,9.211559508468172e-16
1216.8382698296168,4.515408399245815e-16,9.25666819209628e-16
1216.8914338700254,3.807876284307332e-16,8.927894091964546e-16
1216.9445976202562,6.442764808865126e-16,1.011079155244938e-15
1216.9977610803146,6.704882317595023e-16,1.0120462835687407e-15
1217.050924250205,4.2988537093364436e-16,9.044550375203264e-16
1217.1040871299324,3.0592235167363834e-16,8.528713208886753e-16
1217.1572497195018,2.2612016231026257e-16,8.09881539573843e-16
1217.210412018917,3.802492506931247e-16,8.659912273107867e-16
1217.2635740281837,4.0483186517515663e-16,8.853949100740132e-16
1217.316735747306,2.9507669160527175e-16,8.37153146326286e-16
1217.369897176289,3.7350059708061565e-16,8.651519291676273e-16
1217.4230583151375,9.423741039075e-16,1.0733418749531086e-15
1217.4762191638563,1.382979343193375e-15,1.2315123129010194e-15
1217.52937972245,9.318150795767366e-16,1.0742404701698883e-15
1217.582539990923,6.470198496073928e-16,9.848556032790806e-16
1217.6356999692805,5.015670942606424e-16,9.282045302876739e-16
1217.6888596575272,2.8338785037375613e-16,8.068458676158917e-16
1217.7420190556677,2.6066955307666426e-16,8.117983870287798e-16
1217.795178163707,5.306512932000778e-16,9.223660876879273e-16
1217.8483369816497,6.9748620333785e-16,9.888934333884928e-16
1217.9014955095004,4.230078625678727e-16,8.701017655029481e-16
1217.954653747264,3.2382828050462726e-16,8.2736796632513155e-16
1218.0078116949453,9.107295945779796e-17,7.065855209234539e-16
1218.0609693525491,5.760837574006792e-17,7.085018261633936e-16
1218.1141267200799,1.0640939020501723e-16,7.417971247001899e-16
1218.1672837975423,7.681113976381883e-17,6.978675407031663e-16
1218.220440584942,3.644317972450514e-16,8.453888829940452e-16
1218.2735970822825,2.01484700357625e-16,7.615483826892336e-16
1218.3267532895693,-9.961550873354172e-18,6.621076404168344e-16
1218.3799092068073,5.440336709092591e-17,7.329795417088224e-16
1218.4330648340006,-1.4721218333898704e-18,6.776028902235141e-16
1218.486220171154,-2.559791600290728e-17,6.414674914309438e-16
1218.5393752182729,-9.433170211943348e-18,6.606952134992842e-16
1218.5925299753617,2.0909332421374477e-17,6.832382033750867e-16
1218.645684442425,2.6598504237471727e-16,8.041168991994913e-16
1218.6988386194676,1.2912211786236684e-16,7.159729208521093e-16
1218.7519925064944,1.7192362642016073e-16,7.462677386400235e-16
1218.80514610351,1.2382393395579874e-17,6.504144160029523e-16
1218.8582994105193,8.266463909601984e-18,6.832081463767533e-16
1218.911452427527,9.84958521582048e-17,7.044460177333973e-16
1218.9646051545374,1.4463892445462778e-16,7.248097325268323e-16
1219.0177575915561,2.3565745565559334e-16,7.733914715591448e-16
1219.0709097385873,9.387678343231548e-17,7.006884712312412e-16
1219.1240615956358,8.580045444549328e-17,6.999539376587356e-16
1219.1772131627063,-1.5485426677283213e-17,6.451257097395125e-16
1219.2303644398037,1.186901566075881e-16,7.060721534240538e-16
1219.2835154269324,1.4396821854793897e-16,7.218526604444548e-16
1219.3366661240977,1.293179591156291e-16,7.23375648004415e-16
1219.3898165313042,1.3412032361079984e-16,7.047177855752015e-16
1219.4429666485562,1.0392955002464896e-16,6.8821217728675985e-16
1219.4961164758588,3.9752665788486007e-16,8.368164061939744e-16
1219.549266013217,4.163162454130048e-16,8.465095411698299e-16
1219.6024152606349,1.8275664733457362e-16,7.428574646016327e-16
1219.6555642181177,2.287877897845868e-16,7.496578612758374e-16
1219.7087128856701,9.157660875966177e-17,6.677460815420292e-16
1219.7618612632966,1.470644938973727e-16,7.10556028519156e-16
1219.8150093510026,2.1042992528386712e-16,7.319659367916918e-16
1219.868157148792,2.850284644629894e-16,7.634926311426388e-16
1219.92130465667,2.0398969612369722e-16,7.281939070985155e-16
1219.974451874641,1.0287350598340362e-16,6.722850249588793e-16
1220.0275988027104,1.1164911506071984e-16,6.787466071857498e-16
1220.080745440882,1.708877934774317e-16,7.065032471972101e-16
1220.1338917891617,1.3745100358928291e-16,6.936864628132336e-16
1220.1870378475535,1.3445037289264482e-16,6.955319916743923e-16
1220.240183616062,1.0016523885516993e-16,6.560172851575696e-16
1220.2933290946926,5.702767078265824e-16,8.664097373168916e-16
1220.3464742834494,1.1279613253411826e-15,1.0908833133044045e-15
1220.3996191823373,8.900190061469633e-16,1.0132285361398925e-15
1220.4527637913611,4.545766104427479e-16,8.300431870719369e-16
1220.505908110526,3.759416232890138e-16,8.040039006400174e-16
1220.5590521398362,3.541763965809467e-16,7.860807978970404e-16
1220.6121958792967,4.1653698210541253e-16,8.125003631241593e-16
1220.6653393289118,2.745790637974188e-16,7.516912839935095e-16
1220.7184824886867,9.460646092709838e-17,6.684519290863253e-16
1220.771625358626,1.7870241734107907e-16,7.085647790797028e-16
1220.8247679387346,1.118514705569469e-16,6.837469768892303e-16
1220.8779102290168,-1.8765250748698862e-17,6.397930404203423e-16
1220.931052229478,1.953451237979517e-16,7.329611448691205e-16
1220.9841939401222,3.2146455948717357e-16,7.634337855692217e-16
1221.0373353609546,8.90678752104974e-16,9.679407485243836e-16
1221.09047649198,1.1443805546347601e-15,1.0764075886128422e-15
1221.1436173332029,6.648380889622714e-16,9.034925965836844e-16
1221.1967578846281,5.731382485515506e-16,8.819710809036532e-16
1221.2498981462606,3.5023939444817233e-16,7.736758506151211e-16
