trappist-1/STIS/extracted_spectra/TRAPPIST-1_G140M_2018_mean.ecsv
# %ECSV 0.9
# ---
# datatype:
# - name: WAVELENGTH
#   unit: Angstrom
#   datatype: float64
# - name: FLUX
#   unit: erg / (Angstrom cm2 s)
#   datatype: float64
# - name: ERROR
#   unit: erg / (Angstrom cm2 s)
#   datatype: float64
# delimiter: ','
# schema: astropy-2.0
WAVELENGTH,FLUX,ERROR
[from data line 507]
1221.3561778001654,1.4249849958513243e-16,4.95287793617399e-16
1221.4093171924474,2.0462201861075426e-17,4.1105043858005857e-16
1221.4624562949555,4.4685784409472796e-17,4.3387838909223784e-16
1221.5155951076945,-4.009867218962422e-17,3.8292964895125883e-16
1221.5687336306687,-4.305699904507862e-17,3.4987346329540334e-16
1221.6218718638834,2.4868673601533153e-16,5.707634424075839e-16
1221.675009807343,2.6705296368874113e-16,5.717512357716731e-16
1221.7281474610525,1.0955969634384439e-16,4.843074992157854e-16
1221.7812848250162,-7.185903550731619e-17,3.1207423192096524e-16
1221.8344218992395,8.697653866887318e-17,4.58541182506919e-16
1221.8875586837264,-1.217086956816287e-17,3.4743000731059327e-16
1221.9406951784822,8.928104466529835e-17,4.829635303816577e-16
1221.9938313835116,6.176102669900214e-17,4.274204205988002e-16
1222.0469672988188,2.670780926531101e-17,3.9348176268554335e-16
1222.1001029244092,2.993198030582525e-17,4.180550566735929e-16
1222.153238260287,4.8045464532333244e-17,4.2113448599410233e-16
1222.2063733064576,1.3907051589552948e-16,5.051878965772355e-16
1222.259508062925,1.334048604273984e-16,4.733216097517654e-16
1222.3126425296944,-5.1434477750051915e-17,3.238125470827836e-16
1222.3657767067702,-2.1366941633234786e-17,3.4505160840168543e-16
1222.4189105941578,8.983155658282814e-18,3.6716899249036253e-16
1222.4720441918612,-6.17513250189377e-17,3.0840572588959864e-16
1222.5251774998853,-7.802199253468132e-17,2.865847571108565e-16
1222.5783105182352,1.680923319549895e-17,3.485925779166061e-16
1222.6314432469155,1.1572819200622005e-16,4.4233478693914727e-16
1222.6845756859304,1.464143478355307e-16,4.78669705118778e-16
1222.7377078352854,2.239265854903947e-16,5.32349775355e-16
1222.790839694985,2.5582895075761536e-16,5.612147269892722e-16
1222.8439712650336,2.4236326679695504e-16,5.621632136514219e-16
1222.8971025454364,1.2084680482537044e-16,4.595092732887811e-16
1222.9502335361979,5.2879773671954853e-17,4.305544574591152e-16
1223.0033642373226,-6.009191821936468e-17,3.2563255974638296e-16
1223.0564946488157,-8.821707620630336e-17,2.999443761070655e-16
1223.1096247706819,6.03705116656331e-17,4.1568615821834276e-16
1223.1627546029256,1.635004433268683e-16,4.818757340208864e-16
1223.2158841455516,1.785207027518595e-16,4.855683748713646e-16
1223.269013398565,1.6423028197664636e-16,4.926864740681313e-16
1223.3221423619702,1.649152833638359e-16,4.917305598764961e-16
1223.3752710357717,1.837683751899276e-16,4.967290714659754e-16
1223.4283994199748,2.811528142310505e-16,5.63803799834856e-16
1223.481527514584,1.601014207399976e-16,4.787112008609388e-16
1223.534655319604,4.570638014120573e-17,3.790306777292301e-16
1223.5877828350397,1.2720307250124661e-16,4.4300559187330107e-16
1223.6409100608955,1.8100579121674323e-16,4.839080816326846e-16
1223.6940369971767,2.898802192192974e-16,5.6794748624949705e-16
1223.7471636438872,1.9477092631602543e-16,5.216648231120993e-16
1223.8002900010324,1.9803993085331084e-16,5.137337058752365e-16
1223.8534160686168,-3.840935387442527e-17,3.0406806360823344e-16
1223.9065418466453,2.1861711128948048e-16,5.1519992609046e-16
1223.9596673351223,3.102429694383067e-16,5.4810507633297e-16
1224.0127925340528,1.3504374357834257e-16,4.2457239788580187e-16
1224.0659174434415,1.761759074037882e-17,3.8124839421034385e-16
1224.1190420632931,7.877329618923401e-17,4.1259954014187444e-16
1224.1721663936123,5.5439039515517385e-17,4.009079768613679e-16
1224.225290434404,4.1558638902286266e-17,3.8352835701254445e-16
1224.2784141856728,5.95238888821488e-17,3.681260768512788e-16
1224.3315376474231,1.8457918312150208e-16,4.913932250971861e-16
1224.3846608196604,5.657426692981389e-17,3.939037806735257e-16
1224.437783702389,6.873093904505647e-17,4.169435339404214e-16
1224.4909062956135,1.2597430778692372e-16,4.418308363539882e-16
1224.5440285993386,2.535174945110147e-17,3.689453533273573e-16
1224.5971506135695,-6.02658114908852e-17,2.684233759218632e-16
1224.6502723383105,6.928103750314348e-18,3.2500610553418065e-16
1224.7033937735664,4.7937847471159327e-17,3.835678895919012e-16
1224.7565149193422,2.2149300836345313e-16,5.126819970039462e-16
1224.8096357756424,1.143374134594084e-16,4.160928286748115e-16
1224.8627563424716,-5.03408095215702e-17,2.5593942549140456e-16
1224.9158766198348,6.035931344104922e-17,3.7881109318068277e-16
1224.9689966077367,1.2376926146133712e-16,4.474093397017829e-16
1225.022116306182,9.725144586112283e-17,4.159721871190625e-16
1225.0752357151753,1.014876440350918e-17,3.2961490433438397e-16
1225.1283548347214,8.28485496179561e-17,3.923800535478431e-16
1225.1814736648253,6.145809239185689e-17,3.557105230273293e-16
1225.234592205491,1.9186485463618467e-17,3.36388820216115e-16
1225.2877104567242,1.1907688502818846e-16,4.06653105501029e-16
1225.3408284185293,1.1623634756244434e-16,4.1176538211694347e-16
1225.3939460909103,3.839440491013949e-17,3.3471502654527685e-16
1225.4470634738727,-2.7459796507922703e-18,3.0512919264540495e-16
1225.5001805674212,-5.076444775099454e-18,3.212587269688604e-16
1225.5532973715603,-6.000988106609354e-17,2.6215385528961266e-16
1225.606413886295,1.5516139936928784e-16,4.3097557715228654e-16
1225.6595301116297,5.1429444551725205e-17,4.1361828462062813e-16
1225.7126460475693,8.846344958220662e-17,4.3350142200549434e-16
1225.7657616941185,1.644005374622479e-16,4.515578398033393e-16
1225.8188770512818,9.708296022329863e-17,4.211330611738148e-16
1225.8719921190643,-9.864888739237052e-17,1.884001217691473e-16
1225.9251068974706,3.021319196602348e-17,3.350974694464932e-16
1225.9782213865058,6.367547522287976e-17,3.504470395830637e-16
1226.0313355861736,1.9419812093554333e-16,4.845909164241025e-16
1226.0844494964797,1.3475900442273935e-16,4.2034101563094585e-16
1226.1375631174285,1.4418082228724358e-16,4.2424394324494797e-16
1226.1906764490247,1.792517343514706e-16,4.5926428901612e-16
1226.243789491273,1.3856584685205629e-16,4.23588638712051e-16
1226.2969022441785,2.533499123419078e-16,4.937485911190711e-16
1226.3500147077452,9.655764979192238e-17,3.862254030453577e-16
1226.4031268819786,1.0209659663201787e-16,4.006479671923715e-16
1226.456238766883,1.367223832430138e-16,4.2502396632454975e-16
1226.509350362463,1.4757255332969672e-16,3.973506543796642e-16
1226.5624616687237,2.5463784783614204e-16,5.169051295862787e-16
1226.6155726856698,1.7025799933147578e-16,4.452358664234881e-16
1226.6686834133056,3.7487103040067264e-16,5.539780378948718e-16
1226.7217938516364,1.5332781628948463e-16,4.362213039411622e-16
1226.7749040006663,1.3399726003686683e-16,4.0222953616679215e-16
1226.8280138604007,1.4767007870641167e-16,4.188028263153608e-16
1226.881123430844,1.6583206411921254e-16,4.2282392712956356e-16
1226.934232712001,1.567381431540711e-16,4.28963070388295e-16
1226.987341703876,3.5577856743065237e-16,5.506892872781454e-16
1227.040450406474,2.2011941655088387e-16,4.383106502254452e-16
1227.0935588198001,3.3639442022495786e-16,4.953236422675161e-16
1227.146666943859,2.076602177606636e-16,4.45207077170844e-16
1227.1997747786547,2.0923294627762104e-16,4.441744481924421e-16
1227.2528823241928,1.8562307715375414e-16,4.427341416871234e-16
1227.3059895804772,9.889468660328837e-17,3.5717550074747493e-16
1227.3590965475132,2.262275064957729e-16,4.185369320978799e-16
1227.4122032253053,1.465944780664746e-16,3.9460549680209065e-16
1227.4653096138586,7.448823099430502e-17,3.279102705655968e-16
1227.518415713177,1.7199624554712707e-16,4.381865816326815e-16
1227.5715215232665,1.104859642299465e-16,3.7342857207092716e-16
1227.6246270441306,1.6147507578642146e-16,4.202838060256144e-16
1227.6777322757746,1.900669325987882e-16,4.360893104877015e-16
1227.7308372182029,2.684475652378211e-16,4.78131245812639e-16
1227.7839418714207,7.641843453629249e-17,3.529695709049085e-16
1227.8370462354321,1.8196210247742339e-16,4.127335769617944e-16
1227.8901503102425,1.6912062573851036e-16,3.9078167176612315e-16
1227.9432540958564,9.959222507398523e-17,3.7917650941813355e-16
1227.9963575922782,7.217388419001013e-17,3.4615253369203125e-16
1228.049460799513,2.0706763830119757e-17,3.093580909588881e-16
1228.1025637175655,1.8039600590557945e-16,4.2927860318430494e-16
1228.1556663464405,2.795721010903452e-16,4.874095792395366e-16
1228.2087686861423,2.1510426150010715e-16,4.511767203323915e-16
1228.2618707366757,1.9150044602442234e-16,3.931945348185427e-16
1228.3149724980458,1.466658624480329e-16,4.121331690428259e-16
1228.3680739702572,2.3234183958276743e-16,4.526894101435619e-16
1228.4211751533144,1.592098461406555e-16,4.2380980966793735e-16
1228.4742760472222,1.6497327645246507e-16,3.961771129282444e-16
1228.5273766519856,4.752552377362305e-17,2.810507604568266e-16
1228.580476967609,9.475374782626943e-17,3.396759364572002e-16
1228.6335769940972,2.0273236011494634e-16,4.253685001461086e-16
1228.6866767314552,1.130760495574553e-16,3.5671884974926733e-16
1228.7397761796872,1.4161095366764063e-16,3.9454261080920264e-16
1228.7928753387982,3.3197863352227846e-16,5.021501134524858e-16
1228.845974208793,8.952727110331477e-17,3.3531709887595286e-16
1228.8990727896762,-7.743754372918984e-17,1.4263174670330188e-16
1228.9521710814527,1.9922328113081947e-16,4.0021400788090846e-16
1229.0052690841271,3.350148804510607e-16,5.006624329145514e-16
1229.058366797704,2.1423214536967808e-16,4.517584135635565e-16
1229.1114642221883,5.805836271780801e-17,2.79421894359203e-16
1229.1645613575845,3.0873380096629765e-17,2.699123089369806e-16
1229.2176582038976,-3.0229389569619424e-18,2.718592407446549e-16
1229.2707547611326,1.644055390513182e-16,3.46690967636091e-16
1229.3238510292933,1.5140984261219994e-16,4.2688821467456904e-16
1229.3769470083848,2.34917351280213e-16,4.561635779285376e-16
1229.4300426984125,2.2892789688921004e-16,4.545580845547713e-16
1229.4831380993803,2.3822489696729166e-16,4.756838450717946e-16
1229.5362332112934,1.0969875140304205e-16,3.5832162628314096e-16
1229.5893280341559,2.817800154653874e-17,2.8649723346462925e-16
1229.6424225679734,1.5174675062396558e-16,3.854258035114618e-16
1229.6955168127502,1.7791723917574002e-16,4.04419441094081e-16
1229.7486107684904,1.1363489817578114e-16,3.3928173981858984e-16
1229.8017044351998,1.674998813020929e-16,3.956584930833481e-16
1229.8547978128827,1.015063685895079e-16,3.453743523622048e-16
1229.9078909015436,-2.5780411400685366e-17,2.1645285243345606e-16
1229.9609837011874,1.6945174915052216e-17,2.6475024995579935e-16
1230.0140762118187,4.242102862898963e-17,3.0772779874315454e-16
1230.0671684334422,1.1088738875874931e-16,3.569030600900371e-16
1230.1202603660631,3.656671427589241e-17,2.8193534866100624e-16
1230.1733520096857,3.179490614785319e-17,2.7390951233478254e-16
1230.2264433643145,9.349258194375253e-17,3.3946624608249807e-16
1230.2795344299548,1.6119377297334896e-16,3.87059764824963e-16
1230.3326252066108,1.0990369848804952e-16,3.43388800105335e-16
1230.3857156942877,1.6571130840227132e-16,4.0244290222236263e-16
1230.4388058929894,1.8958747497521392e-16,3.841991528586539e-16
1230.4918958027215,6.324530171744485e-17,2.718713941120342e-16
1230.5449854234882,1.764478840431706e-16,3.7321902679349855e-16
1230.5980747552949,1.1055509941452553e-16,3.328054706962776e-16
1230.6511637981455,1.1332617243425673e-16,3.2216099511986654e-16
1230.7042525520449,1.5485732511314036e-16,3.892845611047155e-16
1230.757341016998,8.142973953590638e-17,3.1929226033784146e-16
1230.8104291930097,1.397073304055301e-16,3.451234106968328e-16
1230.8635170800842,9.654141434995644e-17,3.1855081103017274e-16
1230.9166046782266,1.4017612692606597e-16,3.4638098616148255e-16
1230.9696919874416,2.0770921130144228e-16,3.9963622776622735e-16
1231.022779007734,1.6898449588192405e-16,3.5538021701805285e-16
1231.075865739108,1.7723049057462626e-16,3.7342686763624097e-16
1231.1289521815688,1.1548910673527448e-16,3.0700745785549775e-16
1231.1820383351212,8.97210958704234e-17,2.828254547467102e-16
1231.2351241997696,8.017822412090464e-17,3.033624418064768e-16
1231.288209775519,4.780585663192077e-17,2.416565422229824e-16
1231.3412950623735,1.0409807008708509e-16,3.0917397910379118e-16
1231.3943800603386,7.527337901154117e-18,2.2953575121864456e-16
1231.4474647694187,7.031813110392985e-17,2.688360435542884e-16
1231.5005491896184,9.907528694689469e-17,2.9041963818897323e-16
1231.5536333209425,1.3040262142944404e-16,3.4518255329501787e-16
1231.6067171633958,3.918249505831344e-17,2.2868162913083054e-16
1231.6598007169828,5.76554462350512e-17,2.5133236435219246e-16
1231.7128839817083,1.7143714663622408e-16,3.397336659867422e-16
1231.7659669575771,2.206123158969838e-16,3.677097847635379e-16
1231.8190496445943,1.591629685055269e-16,3.609756820824264e-16
1231.8721320427637,8.469237404365453e-17,2.9141585080022944e-16
1231.9252141520908,1.5044641781771687e-16,3.323118706920495e-16
1231.97829597258,2.8656396337968753e-16,3.7127520342071424e-16
1232.031377504236,1.6632570283512945e-16,3.5123574260424663e-16
1232.0844587470635,1.0375754528318595e-16,3.146208183479394e-16
1232.1375397010675,1.1032378241479167e-16,3.009730163044042e-16
1232.1906203662522,1.0584061878930892e-16,3.0232852493166295e-16
1232.2437007426229,8.994704540378217e-17,2.866137731475701e-16
1232.296780830184,1.703804616484463e-16,3.6879370877034916e-16
1232.3498606289402,1.2235292445011624e-16,2.9300823731854934e-16
1232.402940138896,1.7515925241971209e-16,3.4303741535340887e-16
1232.4560193600566,1.5751367782899824e-16,3.051553494174952e-16
1232.5090982924264,1.1135944691091486e-16,3.058897165333362e-16
1232.56217693601,1.1019337200661488e-16,2.9032423492545647e-16
1232.6152552908127,2.0302787735437754e-16,3.7141453170148184e-16
1232.6683333568385,2.103615210912267e-16,3.785075370605847e-16
1232.7214111340927,1.7628366186775602e-16,3.376577921580822e-16
1232.7744886225796,4.317608266039235e-17,2.272238549093826e-16
1232.8275658223042,7.611145702371965e-17,2.831228865300681e-16
1232.8806427332709,1.0452146420955091e-16,2.8057761574658955e-16
1232.9337193554845,2.6226090354542355e-16,4.09916355112628e-16
1232.9867956889502,2.735543931106998e-16,4.2281782230159397e-16
1233.039871733672,1.8200345406788932e-16,3.547431637739926e-16
1233.0929474896548,1.6273027016476939e-16,3.523175884658077e-16
1233.1460229569038,1.4238654195265632e-16,3.206591991414344e-16
1233.1990981354231,1.0687132414150721e-16,2.934435680745317e-16
1233.2521730252179,1.4371093019555443e-16,3.030384674272779e-16
1233.3052476262924,2.957956024304192e-16,4.1685917123456375e-16
1233.3583219386517,1.3166762133172667e-16,3.0245427848933234e-16
1233.4113959623003,1.8781578884774535e-16,3.512635589684659e-16
1233.464469697243,9.790562295004363e-17,2.5657992308392355e-16
1233.5175431434845,3.488637535273825e-17,2.1319767149872628e-16
1233.5706163010298,1.295231794203647e-16,2.761423666339998e-16
1233.623689169883,3.3740918047704617e-16,4.729712365679802e-16
1233.6767617500493,1.771105997313798e-16,3.572783787680813e-16
1233.7298340415334,1.5732329320064864e-16,3.3724291665132125e-16
1233.7829060443398,2.4184889954783106e-17,1.77140413161144e-16
1233.8359777584733,1.4138999657230164e-16,3.222512569463951e-16
1233.8890491839384,6.642877603577782e-17,2.2717302606069093e-16
1233.94212032074,9.813172848858022e-17,2.627392323763709e-16
1233.9951911688831,9.646160519622915e-17,2.666693258057774e-16
1234.0482617283722,8.187312009117482e-17,2.5217727870498926e-16
1234.1013319992117,1.1140206920877768e-16,2.763769393590163e-16
1234.1544019814064,1.992341742332376e-16,3.5306054418554525e-16
1234.2074716749612,3.0947739419206067e-17,2.062595865478439e-16
1234.2605410798808,1.9462616379579275e-16,3.5285565572379524e-16
1234.31361019617,1.6199041664130843e-16,3.133244874391013e-16
1234.3666790238333,1.2530275902258734e-16,2.8492915359082087e-16
1234.4197475628755,9.022685015062727e-17,2.6126565295385514e-16
1234.4728158133014,1.967419697190984e-16,3.461361384043844e-16
1234.5258837751153,1.2338423972947035e-16,2.85028840984049e-16
1234.5789514483226,2.227235728798825e-16,3.6601405864285283e-16
1234.6320188329275,1.07627709546243e-16,2.7926802008646656e-16
