trappist-1/STIS/extracted_spectra/TRAPPIST-1_G140M_all_coadd.ecsv
# %ECSV 0.9
# ---
# datatype:
# - name: WAVELENGTH
#   unit: Angstrom
#   datatype: float64
# - name: FLUX
#   unit: erg / (Angstrom cm2 s)
#   datatype: float64
# - name: ERROR
#   unit: erg / (Angstrom cm2 s)
#   datatype: float64
# delimiter: ','
# schema: astropy-2.0
WAVELENGTH,FLUX,ERROR
[from data line 495]
1220.7184824886867,-1.7386242793548066e-16,2.770628360691052e-16
1220.771625358626,-1.4465714952405287e-16,2.0064894734624505e-16
1220.8247679387346,-7.878755201098163e-17,7.915151696528847e-17
1220.8779102290168,-1.1780356572897986e-16,1.342761334365167e-16
1220.931052229478,-1.6885126550991517e-16,2.4789409223810594e-16
1220.9841939401222,-1.160844828378891e-16,1.5671113660492798e-16
1221.0373353609546,-6.585868058010084e-17,7.154088874699734e-17
1221.09047649198,-8.440369356824629e-17,9.259062521271148e-17
1221.1436173332029,-1.0271707716974135e-16,1.0332731484964163e-16
1221.1967578846281,-1.2809293440812532e-16,2.0696490561465455e-16
1221.2498981462606,-1.5203488682267282e-16,2.481318344807365e-16
1221.303038118105,-1.769638404263216e-16,2.89687321361348e-16
1221.3561778001654,-1.2807752122453291e-16,1.776244754541297e-16
1221.4093171924474,-1.2374873613881434e-16,1.3454473032382846e-16
1221.4624562949555,-1.3520821940968908e-16,1.6249612830349221e-16
1221.5155951076945,-1.331320404933221e-16,1.498310624384062e-16
1221.5687336306687,-1.641139816431095e-16,2.0988156526206793e-16
1221.6218718638834,-1.6043989814387127e-16,2.5687817260319807e-16
1221.675009807343,-8.62607036041755e-17,9.704003022653179e-17
1221.7281474610525,-9.57825730429479e-17,1.1017148596207525e-16
1221.7812848250162,-1.0407174030560622e-16,1.1256676568611243e-16
1221.8344218992395,-1.0233449574953385e-16,1.3493823346725892e-16
1221.8875586837264,-1.2633049109441965e-16,2.1093284980185832e-16
1221.9406951784822,-1.2935544096324016e-16,1.7930083421039337e-16
1221.9938313835116,-1.2182695208816272e-16,1.4906749195187813e-16
1222.0469672988188,-1.058890481201015e-16,1.1905253543891182e-16
1222.1001029244092,-1.411839195553608e-16,1.8715059436451349e-16
1222.153238260287,-1.6743624527753741e-16,2.22660224679311e-16
1222.2063733064576,-1.509879319704847e-16,2.0526373222697418e-16
1222.259508062925,-1.8476035749597023e-16,2.7682185183683214e-16
1222.3126425296944,-1.7726605018525747e-16,2.8470852063389925e-16
1222.3657767067702,-1.0322261363774513e-16,1.4268550943424422e-16
1222.4189105941578,-1.1163685244143043e-16,1.809953419067757e-16
1222.4720441918612,-1.5511745562567256e-16,2.1584537079307773e-16
1222.5251774998853,-1.1673034585248588e-16,1.4084405162268138e-16
1222.5783105182352,-2.3890298104302035e-16,3.354264730496713e-16
1222.6314432469155,-2.311122858353423e-16,3.1836962603729653e-16
1222.6845756859304,-9.381842795456145e-17,1.05978147520473e-16
1222.7377078352854,-9.486960321328778e-17,9.690871044228933e-17
1222.790839694985,-1.5044594653638676e-16,3.5749019320698644e-16
1222.8439712650336,-8.957877674086307e-17,1.0724075215395962e-16
1222.8971025454364,-1.2168137245382239e-16,1.240804740558894e-16
1222.9502335361979,-2.0717298727145768e-16,2.7864535175882934e-16
1223.0033642373226,-1.442421029263377e-16,2.0077546366468266e-16
1223.0564946488157,-1.3819246976004785e-16,1.7893340813218619e-16
1223.1096247706819,-1.5916268322374304e-16,2.4241090370717034e-16
1223.1627546029256,-1.7678377648418719e-16,3.2933117842880464e-16
1223.2158841455516,-7.197145304855307e-17,7.426687999913551e-17
1223.269013398565,-7.296311600559802e-17,8.106169694809751e-17
1223.3221423619702,-9.28657423116618e-17,1.061503662813601e-16
1223.3752710357717,-1.2237720958584934e-16,1.6738794564612512e-16
1223.4283994199748,-1.4093498683834954e-16,1.7671158787307071e-16
1223.481527514584,-1.6438127725573054e-16,3.0577475413219544e-16
1223.534655319604,-1.3728853835316678e-16,1.8326484400611753e-16
1223.5877828350397,-2.2475376399833027e-16,3.7640394621226483e-16
1223.6409100608955,-1.3484176952650213e-16,2.9045330663023136e-16
1223.6940369971767,-8.733521523564517e-17,9.912704303339894e-17
1223.7471636438872,-1.272069961731387e-16,1.2078699831345033e-16
1223.8002900010324,-1.0892832027694644e-16,1.3640580514112036e-16
1223.8534160686168,-1.3202624140245832e-16,2.181081624538389e-16
1223.9065418466453,-1.144236460347636e-16,1.6815338281591834e-16
1223.9596673351223,-1.70948335435424e-16,2.8142601517045184e-16
1224.0127925340528,-1.8164857612587115e-16,3.1949657229866588e-16
1224.0659174434415,-1.3110040862704757e-16,1.9751828728594364e-16
1224.1190420632931,-1.2658037363661824e-16,1.675922250112196e-16
1224.1721663936123,-1.4407963534698425e-16,2.257277370292214e-16
1224.225290434404,-1.3436894710726692e-16,2.138268426225844e-16
1224.2784141856728,-1.0053091396187665e-16,1.330678537217155e-16
1224.3315376474231,-1.0644814444433727e-16,1.3058033663544967e-16
1224.3846608196604,-1.3472209174578988e-16,1.8053691718800693e-16
1224.437783702389,-9.690182218145935e-17,1.490442995535622e-16
1224.4909062956135,-1.1700898213297276e-16,1.7307493677957686e-16
1224.5440285993386,-9.740795447484377e-17,1.172671871114114e-16
1224.5971506135695,-9.382759200751048e-17,9.530045544398069e-17
1224.6502723383105,-1.861891934982909e-16,3.530072232726304e-16
1224.7033937735664,-8.936848666888836e-17,1.180696349013087e-16
1224.7565149193422,-8.615202452830137e-17,9.63201193352104e-17
1224.8096357756424,-1.1890986340480077e-16,1.7011004743693206e-16
1224.8627563424716,-1.8138249806440396e-16,2.56416671503294e-16
1224.9158766198348,-1.968733708174379e-16,2.586976725378228e-16
1224.9689966077367,-1.1947894994067607e-16,1.3840086744094987e-16
1225.022116306182,-1.3299341579306698e-16,1.7706758517702907e-16
1225.0752357151753,-1.4631502124061013e-16,1.7788268480368746e-16
1225.1283548347214,-1.659353258205459e-16,1.9975465017445187e-16
1225.1814736648253,-1.1433894524632627e-16,1.607444523240405e-16
1225.234592205491,-1.1234859677268129e-16,1.7189659491049536e-16
1225.2877104567242,-1.112910093387221e-16,1.6925662262271395e-16
1225.3408284185293,-1.1858578734033346e-16,1.7448695412649475e-16
1225.3939460909103,-8.956185976415893e-17,1.2297997435556644e-16
1225.4470634738727,-9.904454909748724e-17,1.4682045493830625e-16
1225.5001805674212,-9.943666224614929e-17,1.4314664600067847e-16
1225.5532973715603,-7.4129905072359e-17,9.196638672742227e-17
1225.606413886295,-1.0512689222528416e-16,1.2051737972025892e-16
1225.6595301116297,-1.5000730455103718e-16,1.747619115539255e-16
1225.7126460475693,-1.1021822136868022e-16,1.7907482881481837e-16
1225.7657616941185,-1.1601466042661687e-16,1.8989795989967463e-16
1225.8188770512818,-1.1229434058343643e-16,1.6492149372050393e-16
1225.8719921190643,-6.983005481321545e-17,7.862263974299681e-17
1225.9251068974706,-9.025549400314936e-17,1.4962571912463111e-16
1225.9782213865058,-8.639396989628813e-17,1.1793032439939182e-16
1226.0313355861736,-8.766511530553349e-17,1.1028454976635956e-16
1226.0844494964797,-9.598075409080837e-17,1.5747795327646198e-16
1226.1375631174285,-1.0937348124959794e-16,1.8433931784121237e-16
1226.1906764490247,-8.693372865850086e-17,1.0061001972680421e-16
1226.243789491273,-6.16489792720855e-17,8.697158002044626e-17
1226.2969022441785,-7.368339757099574e-17,8.876236877190222e-17
1226.3500147077452,-9.994686070325511e-17,1.251823627135528e-16
1226.4031268819786,-9.676456609412191e-17,1.287751210758075e-16
1226.456238766883,-8.68719671704756e-17,1.395538365259285e-16
1226.509350362463,-8.408837768267734e-17,1.5437634501436082e-16
1226.5624616687237,-4.475999894546215e-17,7.995673780880732e-17
1226.6155726856698,-6.224660717984535e-17,1.2894799164004912e-16
1226.6686834133056,-7.686160940517436e-17,1.2472311029114644e-16
1226.7217938516364,-6.781564755161858e-17,9.796616474546078e-17
1226.7749040006663,-6.33168559105211e-17,7.777417101018554e-17
1226.8280138604007,-1.0373697920539784e-16,1.7729300826059562e-16
1226.881123430844,-7.462474390575303e-17,9.960483557544463e-17
1226.934232712001,-1.1468687737303088e-16,2.3196893945297963e-16
1226.987341703876,-7.1467427893858e-17,1.3374241246819871e-16
1227.040450406474,-1.0824860057393683e-16,1.6186405142072596e-16
1227.0935588198001,-9.63392857286475e-17,1.3236358691810643e-16
1227.146666943859,-5.56159055483421e-17,7.729336979188192e-17
1227.1997747786547,-4.8305783909894985e-17,6.111383613426706e-17
1227.2528823241928,-6.788933184427619e-17,8.023350942526802e-17
1227.3059895804772,-6.228442235128624e-17,6.149818733569161e-17
1227.3590965475132,-4.956331371792712e-17,5.2901411705996676e-17
1227.4122032253053,-5.045594647040255e-17,7.087584064301109e-17
1227.4653096138586,-6.191784118577188e-17,1.0130732891149049e-16
1227.518415713177,-1.164009232891452e-16,2.0946778305063237e-16
1227.5715215232665,-7.88833025220932e-17,1.1752842523132197e-16
1227.6246270441306,-8.019821343547482e-17,1.1579618210169474e-16
1227.6777322757746,-7.096189562259239e-17,7.304829665260111e-17
1227.7308372182029,-1.0328685029299233e-16,1.4312164352453194e-16
1227.7839418714207,-1.0110978126972769e-16,1.9588950483773706e-16
1227.8370462354321,-6.039103646178634e-17,8.082409358811046e-17
1227.8901503102425,-7.02589953125978e-17,1.3721656727812527e-16
1227.9432540958564,-6.118573061546889e-17,8.088725845734468e-17
1227.9963575922782,-9.492893012000356e-17,1.6607009986844045e-16
1228.049460799513,-7.94178045260927e-17,1.323891899507996e-16
1228.1025637175655,-4.590776574670613e-17,4.544250837199959e-17
1228.1556663464405,-4.465443329142276e-17,4.392897090421044e-17
1228.2087686861423,-4.9507241631184714e-17,4.1451186774729317e-17
1228.2618707366757,-9.548543322593631e-17,1.5830422018710657e-16
1228.3149724980458,-8.917834898722569e-17,1.4212557752027154e-16
1228.3680739702572,-1.0686900310965275e-16,1.6185795315790044e-16
1228.4211751533144,-7.788827506490797e-17,1.2027305438564225e-16
1228.4742760472222,-6.450288120917772e-17,8.121982205662179e-17
1228.5273766519856,-8.103332568537302e-17,1.2338216554430966e-16
1228.580476967609,-7.363053551416917e-17,8.727961666363899e-17
1228.6335769940972,-6.082409984456245e-17,5.5390467047897444e-17
1228.6866767314552,-9.469977081425279e-17,1.737733538112273e-16
1228.7397761796872,-8.483367492444525e-17,1.5281675283042495e-16
1228.7928753387982,-7.706660779553183e-17,1.7429684403962433e-16
1228.845974208793,-5.358059069301686e-17,7.247276470353437e-17
1228.8990727896762,-6.800700015211381e-17,1.3343430308792822e-16
1228.9521710814527,-8.492034404150848e-17,1.6592861271854077e-16
1229.0052690841271,-6.390312030896124e-17,1.3430415532008044e-16
1229.058366797704,-5.711632604858127e-17,6.389358261188769e-17
1229.1114642221883,-1.0026462534554435e-16,1.3090990066508967e-16
1229.1645613575845,-7.798998037186307e-17,1.0825152404957074e-16
1229.2176582038976,-8.835359062107927e-17,1.543187234980897e-16
1229.2707547611326,-6.008664415445831e-17,8.789554210250354e-17
1229.3238510292933,-9.010144101033802e-17,1.423504255903377e-16
1229.3769470083848,-1.0585077777251237e-16,1.8055080721371626e-16
1229.4300426984125,-1.0555979826905302e-16,1.83744746028156e-16
1229.4831380993803,-5.139579533752428e-17,7.172411962498904e-17
1229.5362332112934,-7.302324674309985e-17,8.545097909497009e-17
1229.5893280341559,-1.0559863669344855e-16,1.6322335728540164e-16
1229.6424225679734,-9.900224057655972e-17,1.6341928306789215e-16
1229.6955168127502,-1.0685791537303629e-16,1.7637489406300534e-16
1229.7486107684904,-9.864018461861154e-17,1.6281582445760208e-16
1229.8017044351998,-1.0746253699907752e-16,2.0743144722547735e-16
1229.8547978128827,-7.605603168991794e-17,1.1862951661781927e-16
1229.9078909015436,-8.772439464310053e-17,1.2786692306416512e-16
1229.9609837011874,-9.841454810106428e-17,1.6386143299105317e-16
1230.0140762118187,-7.747159095960555e-17,1.4056249892293138e-16
1230.0671684334422,-5.787627622091962e-17,8.67368222949733e-17
1230.1202603660631,-3.833714449239052e-17,3.160690830202137e-17
1230.1733520096857,-8.690715536102345e-17,1.7092675444382732e-16
1230.2264433643145,-4.3344841466088085e-17,4.397727459097274e-17
1230.2795344299548,-4.7753495062662826e-17,6.270056973749453e-17
1230.3326252066108,-5.87339081914511e-17,7.553457666669128e-17
1230.3857156942877,-5.987543835513786e-17,8.42049619241383e-17
1230.4388058929894,-6.736998638001901e-17,9.085384198543824e-17
1230.4918958027215,-7.683733000957409e-17,1.250517344068461e-16
1230.5449854234882,-9.400829420153572e-17,1.5487406558567464e-16
1230.5980747552949,-8.191575291983511e-17,1.3340831189193942e-16
1230.6511637981455,-5.739924744185026e-17,9.587455694734632e-17
1230.7042525520449,-5.782719557494811e-17,8.118507046465419e-17
1230.757341016998,-5.751385515565541e-17,1.1009301593715667e-16
1230.8104291930097,-4.091612838248189e-17,5.174898837230608e-17
1230.8635170800842,-4.5388020284295013e-17,5.153417752289074e-17
1230.9166046782266,-4.9657793618048197e-17,5.780366528728065e-17
1230.9696919874416,-8.281103879920037e-17,1.5090517749348887e-16
1231.022779007734,-1.0137802182418372e-16,1.6833034178808476e-16
1231.075865739108,-3.968279261803239e-17,4.430142902679691e-17
1231.1289521815688,-5.848200796435178e-17,1.3353809133031562e-16
1231.1820383351212,-1.074292555985407e-16,1.769137378135699e-16
1231.2351241997696,-1.019148632090727e-16,1.5636108458795585e-16
1231.288209775519,-6.18497704143084e-17,1.1533010035575975e-16
1231.3412950623735,-7.531749822019275e-17,1.412832479477834e-16
1231.3943800603386,-1.0463792757642729e-16,1.5216081979502767e-16
1231.4474647694187,-1.1012875213586085e-16,1.6360581581924866e-16
1231.5005491896184,-1.1274301496318818e-16,1.8834405985380007e-16
1231.5536333209425,-7.151038853301316e-17,1.3340260313603612e-16
1231.6067171633958,-6.295537592334661e-17,1.0725716221196285e-16
1231.6598007169828,-5.949756680502366e-17,1.0252871412008032e-16
1231.7128839817083,-8.315060720943494e-17,1.4156325246705202e-16
1231.7659669575771,-5.844922369065792e-17,1.1687975023656108e-16
1231.8190496445943,-9.549005901189358e-17,1.855566090493602e-16
1231.8721320427637,-8.896563909939981e-17,1.3897208049705708e-16
1231.9252141520908,-8.379403570734088e-17,1.41264869237103e-16
1231.97829597258,-1.0029474378361526e-16,1.6395920427737575e-16
1232.031377504236,-6.535012473008527e-17,8.311986395414825e-17
1232.0844587470635,-8.44128650931237e-17,1.310778103291124e-16
1232.1375397010675,-5.3643803287627935e-17,9.414497917288153e-17
1232.1906203662522,-5.4983147957932654e-17,8.546059390444371e-17
1232.2437007426229,-7.238678215786032e-17,1.0168413120645969e-16
1232.296780830184,-5.949084457338292e-17,1.1760675286591184e-16
1232.3498606289402,-3.5134715286321767e-17,6.619314182553256e-17
1232.402940138896,-6.956127594032605e-17,1.3801157187869826e-16
1232.4560193600566,-9.712908810196612e-17,1.8624002517200675e-16
1232.5090982924264,-7.808021075193872e-17,1.399353534165014e-16
1232.56217693601,-5.531351587526106e-17,9.574789040359043e-17
1232.6152552908127,-2.4496730238024576e-17,3.2181214696653705e-17
1232.6683333568385,-3.5799413084716416e-17,7.942183941402382e-17
1232.7214111340927,-2.874077014594403e-17,4.2267413362092864e-17
1232.7744886225796,-2.981726415113653e-17,4.2876359497203906e-17
1232.8275658223042,-3.862037853608127e-17,6.59451801562499e-17
1232.8806427332709,-5.2256536841752994e-17,1.0254760986223825e-16
1232.9337193554845,-5.462464762126905e-17,8.662984464382226e-17
1232.9867956889502,-4.7536044558009304e-17,7.69007286458797e-17
1233.039871733672,-2.87787835700724e-17,3.5790912679644305e-17
1233.0929474896548,-4.2130827482750865e-17,6.462860830645701e-17
1233.1460229569038,-7.982970178516963e-17,1.2631314176447396e-16
1233.1990981354231,-8.118297396541305e-17,1.7038341192799498e-16
1233.2521730252179,-4.5229423154243366e-17,8.837790543517687e-17
1233.3052476262924,-5.854410994707899e-17,1.0156054196981877e-16
1233.3583219386517,-5.950427833799377e-17,1.0243255994789253e-16
1233.4113959623003,-5.236527140538442e-17,8.838414284558325e-17
1233.464469697243,-4.9277429386104065e-17,1.2217614564133388e-16
1233.5175431434845,-5.962554260318086e-17,1.007518067740046e-16
1233.5706163010298,-7.416826984668557e-17,1.1678730349449723e-16
1233.623689169883,-5.715935376410972e-17,9.048017414444158e-17
1233.6767617500493,-6.708102880350361e-17,1.2125546519998539e-16
1233.7298340415334,-4.4299962533171466e-17,8.594724044915935e-17
