trappist-1/STIS/extracted_spectra/TRAPPIST-1_G140M_2017_mean.ecsv
# %ECSV 0.9
# ---
# datatype:
# - name: WAVELENGTH
#   unit: Angstrom
#   datatype: float64
# - name: FLUX
#   unit: erg / (Angstrom cm2 s)
#   datatype: float64
# - name: ERROR
#   unit: erg / (Angstrom cm2 s)
#   datatype: float64
# delimiter: ','
# schema: astropy-2.0
WAVELENGTH,FLUX,ERROR
[from data line 756]
1234.5759989191201,1.5778941835362072e-16,4.468693401656616e-16
1234.6290780413606,2.0186973703431028e-16,4.740259017001205e-16
1234.6821568667733,1.6466571898982627e-16,4.4345741630702467e-16
1234.7352353953631,2.221462255935853e-16,4.803618474227834e-16
1234.7883136271355,2.0947983715931549e-16,4.734110831485132e-16
1234.8413915620947,1.7591484388311983e-16,4.408268506773713e-16
1234.8944692002465,1.2138683331341431e-16,4.0536786375015127e-16
1234.9475465415958,3.1610949664230666e-16,5.290768191436971e-16
1235.0006235861465,4.895958775433064e-16,6.235149184848238e-16
1235.053700333905,3.734738006415403e-16,5.599092407981143e-16
1235.1067767848754,2.6344075952881097e-16,4.852082215021569e-16
1235.159852939063,1.4864660677285058e-16,4.2543824448109424e-16
1235.2129287964729,2.4303452613282285e-16,4.743016507942872e-16
1235.2660043571093,2.9575166074537448e-16,5.027075372515097e-16
1235.3190796209783,9.727454749561854e-17,3.75325717327669e-16
1235.3721545880842,2.8893365465182685e-16,4.767053555138479e-16
1235.425229258432,3.8756702076031084e-16,5.619297733400445e-16
1235.4783036320268,3.2159720317344454e-16,5.125861072691816e-16
1235.5313777088736,3.2188171222681087e-16,5.198908598879213e-16
1235.5844514889775,2.695255236458605e-16,4.869110359079906e-16
1235.6375249723433,1.4322571670908706e-16,3.8472355028480637e-16
1235.690598158976,1.2195295669261879e-16,3.900092535419697e-16
1235.7436710488805,1.7881799429209913e-16,4.234455144466256e-16
1235.796743642062,2.5179547267377323e-16,4.729566458756646e-16
1235.8498159385251,2.0675632255593702e-16,4.3032412047146075e-16
1235.902887938275,3.780141396283118e-16,5.526951329314748e-16
1235.9559596413167,2.942750064583865e-16,5.004872217975283e-16
1236.0090310476555,2.289179428127936e-16,4.468061368815041e-16
1236.0621021572956,2.01356973334162e-16,4.3406456046609325e-16
1236.1151729702426,1.8044301066660155e-16,4.1251119533277057e-16
1236.1682434865018,3.3693488153399495e-16,5.207706478003931e-16
1236.221313706077,2.5574070085638076e-16,4.715608509549512e-16
1236.274383628974,2.401274657703043e-16,4.614309000575638e-16
1236.3274532551977,2.462817515436603e-16,4.590082190092536e-16
1236.380522584753,2.9875484767036855e-16,4.89664412499825e-16
1236.4335916176447,1.0572967901617816e-16,3.57308796147499e-16
1236.486660353878,9.349047223588262e-17,3.538132731042287e-16
1236.5397287934582,7.598001555298409e-17,3.340180350969304e-16
1236.5927969363893,1.115752404092206e-16,3.5952181038405816e-16
1236.6458647826773,2.1793796748994138e-16,4.309731914339106e-16
1236.6989323323266,2.91661425823926e-16,4.761618284840748e-16
1236.7519995853424,2.62716681649049e-16,4.601352433291764e-16
1236.8050665417297,1.645068544737274e-16,3.9235053297917246e-16
1236.858133201493,1.9334567521110136e-16,4.08125796910147e-16
1236.9111995646379,4.2763908223179346e-16,5.473987912916027e-16
1236.9642656311692,3.6846825867635714e-16,5.197264932542638e-16
1237.0173314010915,2.254340650690204e-16,4.355351030339146e-16
1237.0703968744103,1.9870694966948593e-16,4.135769872423239e-16
1237.1234620511302,1.7831936223763226e-16,3.8298362432399497e-16
1237.1765269312566,2.1147844888775412e-16,4.1867355824994754e-16
1237.2295915147938,1.945451875525613e-16,3.9498354937468945e-16
1237.2826558017473,2.8523834727727797e-16,4.58366745143052e-16
1237.3357197921218,2.247422019814461e-16,3.9803079960096475e-16
1237.3887834859227,3.1947605149105177e-16,4.648304468479854e-16
1237.4418468831545,3.1776846067242574e-16,4.83537135507049e-16
1237.4949099838223,2.607744358589702e-16,4.436844053055094e-16
1237.547972787931,2.093609762282005e-16,4.2754391457042094e-16
1237.6010352954859,2.245002349107522e-16,4.1694285305317703e-16
1237.6540975064918,5.278350750014253e-16,5.923663939233305e-16
1237.7071594209535,3.663420745239837e-16,4.927752211114382e-16
1237.7602210388764,1.5552234594609896e-16,3.5808069486202386e-16
1237.8132823602648,2.8555536527267637e-16,4.622456491512322e-16
1237.866343385124,2.775252443310886e-16,4.47435558802487e-16
1237.9194041134594,2.220934685149428e-16,4.2535732469852543e-16
1237.9724645452754,1.462624016447652e-16,3.422052752349231e-16
1238.025524680577,1.3127909768067183e-16,3.375430515727526e-16
1238.0785845193695,6.902308280685958e-17,2.8405048169966054e-16
1238.1316440616579,5.244581843075668e-17,2.689076433150426e-16
1238.1847033074466,8.486784423910396e-17,3.034834561392093e-16
1238.2377622567415,1.0880276120591174e-16,3.348521522376128e-16
1238.2908209095465,1.7184944450925123e-16,3.5352934210518855e-16
1238.3438792658674,2.5552967345875506e-16,4.207943594039328e-16
1238.3969373257084,2.8132357128087064e-16,4.2671314394655624e-16
1238.4499950890754,3.152405501542382e-16,4.638377713868649e-16
1238.5030525559725,3.5259602019370975e-16,4.932638154460388e-16
1238.5561097264053,3.5423101486500524e-16,4.77705870630567e-16
1238.6091666003788,5.341882645301465e-16,5.724461606983307e-16
1238.6622231778974,4.681817488047949e-16,5.574704410449698e-16
1238.7152794589663,2.3477636402001925e-16,4.087490233366699e-16
1238.7683354435908,1.841947312083211e-16,3.7625244833156624e-16
1238.8213911317755,1.9045248880975598e-16,3.6600720537507296e-16
1238.8744465235254,2.842960638784252e-16,4.479395793469e-16
1238.9275016188456,1.9420842358138196e-16,3.734281185915817e-16
1238.980556417741,1.2106087034457654e-16,3.088717028283616e-16
1239.0336109202167,1.2747353764941399e-16,3.173617656231027e-16
1239.0866651262775,2.047259791497552e-16,3.850116700587e-16
1239.1397190359282,1.3924726068706784e-16,3.0786403640863396e-16
1239.1927726491745,1.7907828215055538e-16,3.6711927143821213e-16
1239.2458259660202,1.9013950852430205e-16,3.774180485989559e-16
1239.2988789864712,1.7010983323262542e-16,3.708435472417645e-16
1239.3519317105327,2.3325837003926567e-16,3.9857874601458836e-16
1239.4049841382084,3.9251511774544515e-16,4.905424785219574e-16
1239.4580362695042,2.602751138531212e-16,4.154699344938544e-16
1239.5110881044254,2.0468469121815238e-16,3.625345177584353e-16
1239.5641396429758,1.4415455464785358e-16,3.1338594169247577e-16
1239.6171908851616,1.4767063424736568e-16,3.2289223905926784e-16
1239.670241830987,1.9494276798303005e-16,3.6531778475937977e-16
1239.7232924804568,8.854815279737143e-17,2.69641595174947e-16
1239.7763428335768,1.9810952291291328e-16,3.6831477127361573e-16
1239.8293928903513,1.743967445653301e-16,3.467596321925472e-16
1239.8824426507856,1.349818388210213e-16,3.0734911615018347e-16
1239.9354921148843,1.5890148856493045e-16,3.219493998532679e-16
1239.9885412826525,1.2633463224520555e-16,3.017839367683477e-16
1240.0415901540957,7.032837972452804e-17,2.5229155563724097e-16
1240.094638729218,1.3731587595677578e-16,3.280872121529128e-16
1240.1476870080253,9.425960681031385e-17,2.530006386381882e-16
1240.2007349905216,1.5369762361807302e-16,3.2116972079875475e-16
1240.2537826767127,1.4772422058283488e-16,3.1937153551990067e-16
1240.3068300666027,1.7131961131170158e-16,3.486146725652742e-16
1240.3598771601976,1.9820710309519854e-16,3.564958182436157e-16
1240.4129239575013,1.3035300736326737e-16,3.066801898568423e-16
1240.4659704585197,1.5795882265702966e-16,3.131684982112114e-16
1240.519016663257,2.287612568840795e-16,3.7749371406624775e-16
1240.572062571719,2.855153180665068e-16,4.1889685426277353e-16
1240.6251081839098,2.79418684883719e-16,4.1355588258667734e-16
1240.678153499835,1.9486121225852224e-16,3.5871855046404364e-16
1240.7311985194988,2.22719643476391e-16,3.7987220288448464e-16
1240.7842432429068,1.9650764195507544e-16,3.6120684804389123e-16
1240.8372876700641,2.2138281950334066e-16,3.867646927637634e-16
1240.8903318009752,1.6419316215349764e-16,3.437251284266103e-16
1240.9433756356455,2.0542818758503792e-16,3.563085650608753e-16
1240.9964191740794,2.422370365389055e-16,3.77945397360171e-16
1241.0494624162825,2.220471205357759e-16,3.5929860921902997e-16
1241.1025053622593,1.507605555328158e-16,3.0805122194747253e-16
1241.1555480120148,5.899050751035834e-17,2.4044836699674953e-16
1241.208590365554,6.468999628670636e-17,2.2310612286516514e-16
1241.2616324228825,1.4037739072154755e-16,2.9767346521021435e-16
1241.3146741840042,1.463350047889795e-16,3.0027888608620666e-16
1241.3677156489248,1.4984697441854306e-16,3.1894250047658983e-16
1241.4207568176487,2.1163393517141004e-16,3.654833130980223e-16
1241.4737976901815,3.5938280049140495e-16,4.559333974934122e-16
1241.5268382665276,3.367678879280312e-16,4.4120936461229724e-16
1241.5798785466927,1.4013119593812167e-16,2.821939726134423e-16
1241.6329185306806,1.3742771101872325e-16,3.015610065120438e-16
1241.6859582184975,2.0205250327233818e-16,3.436631537320655e-16
1241.7389976101474,2.46541882553183e-16,3.821762913092038e-16
1241.792036705636,1.1138302278170375e-16,2.615878398715076e-16
1241.8450755049673,1.125727567724498e-16,2.8718664196600063e-16
1241.8981140081476,7.700624472033143e-17,2.175563474391838e-16
1241.9511522151806,1.2598013483491077e-16,2.7642434155210505e-16
1242.0041901260724,2.0522175500433172e-16,3.3908966265802996e-16
1242.0572277408269,1.0222039355115743e-16,2.7580176110430853e-16
1242.1102650594494,1.2508533138366861e-16,2.693221788273419e-16
1242.1633020819452,1.4774623790982305e-16,2.8773212427722873e-16
1242.216338808319,1.3480131979507447e-16,2.880503834373738e-16
1242.2693752385758,1.5957348790119514e-16,3.049592095662904e-16
1242.3224113727206,1.2313108790793185e-16,2.683769053317259e-16
1242.3754472107585,1.0961393309355151e-16,2.636457295437453e-16
1242.428482752694,2.0131216636638799e-16,3.5006073580207933e-16
1242.4815179985324,1.5388337780960484e-16,3.0014980130370806e-16
1242.5345529482786,1.313894489982356e-16,2.81827541305953e-16
1242.5875876019375,1.14886960738759e-16,2.6502175730495754e-16
1242.6406219595142,1.6238551193242674e-16,3.1016354543307127e-16
1242.6936560210136,1.3802796133187296e-16,2.796286558587145e-16
1242.7466897864406,1.4534012675981412e-16,3.0099175813936744e-16
1242.7997232558002,1.250006619587944e-16,2.8386210952778826e-16
1242.8527564290973,1.421457102178961e-16,2.989913512819341e-16
1242.9057893063366,1.7703857769268105e-16,3.431887419256092e-16
1242.958821887524,1.2574428877164096e-16,2.8439146794070686e-16
1243.0118541726633,1.5056494345943045e-16,3.01562584597556e-16
1243.0648861617601,2.1391493256633527e-16,3.468741577222416e-16
1243.1179178548198,2.041900290475298e-16,3.4647952693822853e-16
1243.1709492518462,1.8251364876145403e-16,3.262534334748079e-16
1243.2239803528448,8.19301770297109e-17,2.381869316838833e-16
1243.2770111578207,1.1332273716256535e-16,2.63676450282685e-16
1243.3300416667792,2.6779933718632835e-16,3.892590044558171e-16
1243.3830718797244,1.8173311616950673e-16,2.877081270787653e-16
1243.4361017966617,1.8143281290267953e-16,3.321452714384085e-16
1243.4891314175961,1.5155941257864623e-16,3.0570805246608273e-16
1243.5421607425326,1.9225962369155101e-16,3.45240835768376e-16
1243.595189771476,1.3991338343102293e-16,3.009161149452284e-16
1243.6482185044313,1.4355707646453644e-16,3.0306917553543107e-16
1243.7012469414035,1.0225054895366234e-16,2.611858894440977e-16
1243.7542750823973,8.911985733672742e-17,2.3291688570400936e-16
1243.807302927418,1.1796352457703884e-16,2.772231468309104e-16
1243.8603304764706,1.5895685601471188e-16,3.0900322752660587e-16
1243.9133577295597,2.0804648397735468e-16,3.543117611417568e-16
1243.9663846866906,7.052290212186711e-17,2.2384633580143145e-16
1244.019411347868,1.5593473160392662e-16,3.17035625085839e-16
1244.072437713097,1.1466245332950795e-16,2.5766658989901755e-16
1244.1254637823824,1.8859557829046077e-16,3.3902572440540106e-16
1244.1784895557294,1.4893046762642517e-16,2.9745009974606943e-16
1244.2315150331428,1.3322666652760997e-16,2.941102304570788e-16
1244.2845402146274,8.837471748595229e-17,2.375898346600105e-16
1244.3375651001886,7.223280050074395e-17,2.2790638885175837e-16
1244.390589689831,5.160149786506397e-17,2.0191813680549297e-16
1244.4436139835595,7.73882530251453e-17,2.335523061198786e-16
1244.496637981379,7.546901955153355e-17,2.30160747393254e-16
1244.5496616832952,9.636026511556718e-17,2.449426407425505e-16
1244.6026850893124,1.392177038977565e-16,2.840464693540117e-16
1244.6557081994354,3.357771778683294e-17,1.7462758060562652e-16
1244.7087310136694,1.0405831574421507e-16,2.5857141078605164e-16
1244.7617535320194,1.5369649875085456e-16,3.1345200291542695e-16
1244.8147757544905,1.461365705532923e-16,2.954559419961259e-16
1244.867797681087,9.445183299267169e-17,2.5312333114096537e-16
1244.920819311815,9.599806216833945e-17,2.476289592164348e-16
1244.9738406466784,1.2410205861593894e-16,2.8550049482657895e-16
1245.0268616856824,1.622375124055336e-16,3.0961301767384257e-16
1245.0798824288324,1.5144055324766218e-16,2.9548228880324254e-16
1245.132902876133,8.92005748192576e-17,2.5708800058345914e-16
1245.1859230275886,7.582383935427348e-17,2.2405642635358867e-16
1245.2389428832053,8.255144537116427e-17,2.3851481825065265e-16
1245.2919624429876,1.5129240088459536e-16,3.132356683873284e-16
1245.34498170694,7.485317327613279e-17,2.4470904107679845e-16
1245.3980006750678,2.719820367962193e-17,1.7463146492345885e-16
1245.4510193473761,9.46763892124251e-17,2.49173775635307e-16
1245.5040377238695,1.448357175070856e-16,2.8238540190204095e-16
1245.5570558045536,1.878257819720262e-16,3.3845346053403657e-16
1245.6100735894324,1.0566110987881814e-16,2.6812078369551354e-16
1245.6630910785116,8.82203507739987e-17,2.514615806776322e-16
1245.7161082717957,8.017450947912664e-17,2.456320917747434e-16
1245.7691251692902,1.0291812031385229e-16,2.6605974387825145e-16
1245.8221417709992,1.0090418174995911e-16,2.642746036828503e-16
1245.8751580769288,9.938376831119851e-17,2.6736920248358276e-16
1245.9281740870829,1.0381576136562259e-16,2.5861085821521105e-16
1245.9811898014666,3.7538289936801896e-17,2.0978800158851357e-16
1246.0342052200856,1.0629035979549424e-16,2.7780397151017843e-16
1246.0872203429442,8.482508965470366e-17,2.4688003625812904e-16
1246.1402351700474,8.211414488872759e-17,2.4221190197094604e-16
1246.1932497014002,7.38335624331045e-17,2.2701648116689595e-16
1246.2462639370078,7.198197754446303e-17,2.315299140612138e-16
1246.2992778768748,1.2746454336230903e-16,2.9795239523174983e-16
1246.3522915210062,6.8424241491149e-17,2.3471574666703657e-16
1246.4053048694075,5.613258844573153e-17,2.305259337936675e-16
1246.4583179220826,5.569589524836797e-17,2.239250085771134e-16
1246.5113306790374,1.1376502594174723e-16,2.741311839249146e-16
1246.5643431402766,1.0603524604790646e-16,2.8682328597781917e-16
1246.6173553058047,6.44657886465184e-17,2.324821464200281e-16
1246.6703671756272,8.833311567672937e-17,2.5721101948036056e-16
1246.723378749749,5.4533217062341605e-17,2.2327162448441765e-16
1246.7763900281745,5.122463009090234e-17,1.982926579817014e-16
1246.8294010109094,9.40084165760322e-17,2.5662714105538137e-16
1246.882411697958,6.453656802606678e-17,2.432348183597178e-16
1246.9354220893258,7.542043335111228e-17,2.5470172671051093e-16
1246.9884321850175,6.671560174932495e-17,2.419183790963932e-16
1247.041441985038,1.2859356468198935e-16,2.953662204608095e-16
1247.0944514893922,9.190599311806448e-17,2.473474347728532e-16
1247.1474606980848,1.322957909713445e-16,3.006641928298828e-16
1247.2004696111214,7.259286136520782e-17,2.541684719348912e-16
1247.2534782285068,6.782691997803594e-17,2.416156588713115e-16
1247.3064865502454,6.72279016235222e-17,2.4265957050525714e-16
1247.3594945763427,9.452118491127969e-17,2.720614449149648e-16
1247.4125023068034,1.866482859451094e-17,1.8478225033980204e-16
1247.4655097416326,6.999277560195647e-17,2.4912385775830884e-16
1247.518516880835,6.159133593700583e-17,2.322768728039434e-16
1247.5715237244158,8.031481943991865e-17,2.69998055831907e-16
1247.6245302723798,4.610895366862624e-17,2.2413346226902254e-16
1247.677536524732,9.480417637448885e-17,2.752359917181717e-16
1247.7305424814772,5.2299286862776723e-17,2.316228753026394e-16
1247.7835481426207,-1.8207269983758953e-17,1.3958854551149535e-16
