trappist-1/STIS/extracted_spectra/TRAPPIST-1_G140M_all_coadd2.ecsv
# %ECSV 0.9
# ---
# datatype:
# - name: WAVELENGTH
#   unit: Angstrom
#   datatype: float64
# - name: FLUX
#   unit: erg / (Angstrom cm2 s)
#   datatype: float64
# - name: ERROR
#   unit: erg / (Angstrom cm2 s)
#   datatype: float64
# delimiter: ','
# schema: astropy-2.0
WAVELENGTH,FLUX,ERROR
[from data line 496]
1220.7718773700053,-1.396604955893179e-16,2.6793558555060423e-20
1220.8250201454791,-7.724768339053339e-17,3.101111669901406e-20
1220.8781626309365,-1.301816045069878e-16,3.3590803619734197e-20
1220.931304826382,-2.2799084759058616e-16,3.487390449543062e-20
1220.984446731821,-1.0639370039560406e-16,3.2360363026369234e-20
1221.0375883472575,-6.386682851345112e-17,3.2880157014578065e-20
1221.0907296726966,-9.092182460323479e-17,3.00357622720692e-20
1221.143870708143,-1.0183853780861135e-16,2.7426244264532844e-20
1221.1970114536014,-9.583238460122174e-17,2.816998584920631e-20
1221.2501519090763,-1.2975304748422836e-16,2.9236537049166896e-20
1221.3032920745734,-9.502948338947655e-17,3.0258142734319043e-20
1221.3564319500963,-1.0094570270560586e-16,2.8737046751349876e-20
1221.4095715356502,-9.213030151454455e-17,2.711411323157986e-20
1221.4627108312402,-1.2440551058039278e-16,2.3905634449240167e-20
1221.5158498368705,-1.3131005427499006e-16,2.3160486236927692e-20
1221.5689885525462,-1.6783576924088123e-16,2.4846769372922535e-20
1221.6221269782716,-1.5720411963721563e-16,2.7427625993193444e-20
1221.6752651140523,-1.2393557926813967e-16,2.649194062928699e-20
1221.728402959892,-1.3435440309017527e-16,2.5241220062005466e-20
1221.7815405157962,-1.142594955540569e-16,2.6921758528878273e-20
1221.8346777817694,-1.1716371195291087e-16,2.837232192528039e-20
1221.8878147578162,-1.1693540879960673e-16,2.7133602339414734e-20
1221.9409514439417,-1.3671759247335622e-16,2.366170004227993e-20
1221.9940878401503,-1.2307763509895895e-16,2.6740776591199547e-20
1222.047223946447,-1.058404939548676e-16,2.492137880849645e-20
1222.1003597628364,-1.32547629118334e-16,2.364538408162269e-20
1222.153495289323,-1.4023272858258847e-16,2.5187454574882705e-20
1222.206630525912,-1.5793546494814076e-16,2.4316694495516887e-20
1222.2597654726083,-1.8594976742978397e-16,2.5211030092899262e-20
1222.3129001294158,-1.845613706928067e-16,2.6257958007238868e-20
1222.36603449634,-1.4123005638075823e-16,2.4424100624788126e-20
1222.4191685733852,-1.1490675266434516e-16,2.4803661093121967e-20
1222.4723023605566,-1.2135490189448838e-16,2.3808382427943867e-20
1222.5254358578584,-1.2416146175348654e-16,2.5580895938293804e-20
1222.5785690652958,-2.212230837213205e-16,2.463034316077839e-20
1222.6317019828737,-1.8631430608535524e-16,2.6808284596788547e-20
1222.684834610596,-1.1545122368043734e-16,2.6617969147436836e-20
1222.737966948468,-1.0540387317620673e-16,2.7045300495847912e-20
1222.7910989964946,-1.6236643020923719e-16,2.8485760093130794e-20
1222.8442307546802,-1.2791813280616962e-16,2.523075943284725e-20
1222.8973622230299,-1.932913639810387e-16,2.292774335925307e-20
1222.950493401548,-1.4260226386467858e-16,2.4560839918492595e-20
1223.0036242902397,-1.3283215016922855e-16,2.379670270468691e-20
1223.0567548891095,-1.416101747407526e-16,2.3303120289720593e-20
1223.1098851981621,-1.1814212767196465e-16,2.3644359830536776e-20
1223.163015217402,-9.786663159180911e-17,2.662030674492045e-20
1223.216144946835,-7.606417872859773e-17,2.608887976535012e-20
1223.2692743864643,-6.839811291256483e-17,2.5526315407529774e-20
1223.3224035362957,-1.1275322925275135e-16,2.5752019625819574e-20
1223.3755323963337,-1.5567374444050633e-16,2.663584938432321e-20
1223.4286609665833,-1.0878398943422559e-16,2.5765972461561578e-20
1223.4817892470485,-1.6954226109613488e-16,2.368191643886768e-20
1223.5349172377346,-1.396436661455658e-16,2.529214375470849e-20
1223.5880449386466,-1.7170373169327253e-16,2.9213273517378753e-20
1223.6411723497886,-9.117212687152699e-17,3.0485198623242596e-20
1223.6942994711656,-9.331391580655422e-17,2.8891234986172414e-20
1223.7474263027825,-1.1227781034590286e-16,2.9106447279582317e-20
1223.8005528446438,-1.6774849536694562e-16,2.5709453069590878e-20
1223.8536790967541,-1.7153036894832812e-16,2.4344477136620128e-20
1223.9068050591188,-1.0161546457869177e-16,2.8690808311644036e-20
1223.9599307317421,-1.4612357804023733e-16,2.869792008936988e-20
1224.0130561146289,-2.150892851366058e-16,2.479869584133315e-20
1224.0661812077838,-1.1756286358538305e-16,2.5628953528942134e-20
1224.1193060112116,-9.204212805647431e-17,2.5814374505983946e-20
1224.1724305249174,-1.20172836079852e-16,2.5408213801920753e-20
1224.2255547489053,-2.045433977653559e-16,2.3646262108958057e-20
1224.2786786831805,-8.503321418221271e-17,2.654700999563873e-20
1224.3318023277475,-8.463987277601174e-17,2.6201555629468267e-20
1224.3849256826113,-1.318500513049062e-16,2.6568713002649553e-20
1224.4380487477765,-9.178585401887655e-17,2.642444542550825e-20
1224.4911715232477,-1.1854265764140885e-16,2.452108419169079e-20
1224.5442940090297,-9.071480107419116e-17,2.5127244826595927e-20
1224.5974162051275,-8.571386733893261e-17,2.5015630807045196e-20
1224.6505381115455,-1.373002134125168e-16,2.3535794645839533e-20
1224.703659728289,-8.603650534949803e-17,2.7389789953182507e-20
1224.7567810553621,-8.717371970713065e-17,2.641111882316591e-20
1224.8099020927693,-1.1903522288045842e-16,2.4939248007983738e-20
1224.8630228405164,-1.6313430782997114e-16,2.4059080075383108e-20
1224.9161432986073,-1.900944454576935e-16,2.2406246142936646e-20
1224.9692634670469,-1.2498095016538985e-16,2.2677266667845154e-20
1225.0223833458401,-1.2502373110722993e-16,2.3319910175710743e-20
1225.0755029349914,-1.7120727408125122e-16,2.499792104388496e-20
1225.1286222345059,-1.6467773383184033e-16,2.503289912100436e-20
1225.1817412443881,-1.118898695884138e-16,2.2480717474176418e-20
1225.2348599646427,-8.12689755583745e-17,2.2833068513052605e-20
1225.2879783952744,-1.1805703344503062e-16,2.5497379476943143e-20
1225.3410965362884,-1.5257553249219686e-16,2.37334906076747e-20
1225.3942143876886,-7.69500000168395e-17,2.3180732349457186e-20
1225.4473319494807,-1.2286276938034829e-16,2.1930251365103256e-20
1225.5004492216688,-1.0113795232079321e-16,2.3821881590341518e-20
1225.5535662042575,-6.697103758164033e-17,2.573979074865408e-20
1225.6066828972523,-1.0165844151302746e-16,2.5862184700479716e-20
1225.659799300657,-1.0554434857333146e-16,2.6848543740874422e-20
1225.712915414477,-1.321346222960128e-16,2.7595483743967366e-20
1225.7660312387168,-1.1279879618589923e-16,2.661143869569031e-20
1225.8191467733814,-1.3507265683426173e-16,2.3325600651902242e-20
1225.8722620184749,-5.83432003809503e-17,2.398790978169789e-20
1225.9253769740028,-9.162766087639328e-17,2.280477860981629e-20
1225.9784916399692,-7.893991284286493e-17,2.1649113955329678e-20
1226.031606016379,-9.274583900907785e-17,2.1690813099116258e-20
1226.0847201032377,-1.0877226825073283e-16,2.4296801890580815e-20
1226.137833900549,-9.801000728685921e-17,2.786130723272166e-20
1226.190947408318,-6.524824355205313e-17,2.5386983784297827e-20
1226.2440606265493,-6.230082042358279e-17,2.68839732580099e-20
1226.297173555248,-7.35130906461848e-17,2.732145160251095e-20
1226.3502861944185,-9.006736059057371e-17,2.562820077143441e-20
1226.4033985440658,-7.459817421956493e-17,2.6447006061917916e-20
1226.4565106041946,-9.307891408922423e-17,2.6085583394893153e-20
1226.5096223748092,-8.189432317716382e-17,2.959538438662992e-20
1226.562733855915,-7.281310532310132e-17,3.125740052496239e-20
1226.6158450475161,-6.721305885572656e-17,2.9686074302329554e-20
1226.6689559496178,-9.984715778961024e-17,2.854400730485822e-20
1226.7220665622242,-6.81779649933888e-17,2.426705619790499e-20
1226.7751768853407,-6.00265796254446e-17,2.6246357995515763e-20
1226.8282869189718,-1.0646089713283632e-16,2.709676234003065e-20
1226.8813966631221,-9.398926267855331e-17,2.4712196022294524e-20
1226.9345061177962,-1.7649289684415584e-16,2.535268867843874e-20
1226.987615282999,-6.790875723508852e-17,2.6226212412071915e-20
1227.0407241587357,-1.0710116654343475e-16,2.5000917689778487e-20
1227.0938327450103,-9.828741522471858e-17,2.489634436986649e-20
1227.1469410418279,-5.717178963390263e-17,2.622779421939688e-20
1227.200049049193,-5.227553058303631e-17,2.7213721027420123e-20
1227.2531567671108,-8.437335184038404e-17,2.4385923285053512e-20
1227.3062641955855,-5.699599845156839e-17,2.446457232486003e-20
1227.3593713346222,-5.274397881218182e-17,2.506788547695178e-20
1227.4124781842254,-5.2260126308595725e-17,2.368171692363522e-20
1227.4655847444,-5.767254770709569e-17,2.4900298795159e-20
1227.5186910151506,-1.143354403708988e-16,2.4589075623513124e-20
1227.5717969964821,-1.3752471476670967e-16,2.4211049892373143e-20
1227.6249026883988,-7.845064770253452e-17,2.5400481408170212e-20
1227.678008090906,-5.542675881417272e-17,2.4698252919154184e-20
1227.7311132040084,-8.503297786258169e-17,2.292474088523266e-20
1227.7842180277103,-5.914701880690605e-17,2.5370368881997556e-20
1227.8373225620167,-5.985062831797732e-17,2.5139934776491193e-20
1227.8904268069323,-8.009562684740949e-17,2.742795094231315e-20
1227.9435307624615,-7.62452254116759e-17,2.5153042248682012e-20
1227.9966344286097,-9.810452288296858e-17,2.2204808601580105e-20
1228.049737805381,-8.293769198576384e-17,2.3362724610778835e-20
1228.1028408927807,-7.140985050592268e-17,2.2176187571003497e-20
1228.155943690813,-4.9258657083912326e-17,2.3818114010257204e-20
1228.209046199483,-6.332391835640681e-17,2.2061634033864853e-20
1228.2621484187953,-9.857052921257285e-17,2.0829881030751348e-20
1228.3152503487545,-1.0818427748485033e-16,2.1447840928255314e-20
1228.3683519893657,-1.2244082098517547e-16,2.2138332478986875e-20
1228.4214533406332,-7.773264247037629e-17,2.079603066685039e-20
1228.4745544025618,-6.109035797694188e-17,2.1649083308765897e-20
1228.5276551751567,-9.06823365139047e-17,2.330747340645078e-20
1228.580755658422,-1.0681188265058896e-16,2.2578861115580818e-20
1228.6338558523628,-9.217073363340528e-17,2.2469942677671974e-20
1228.6869557569837,-1.3023930091681937e-16,2.3210072622194977e-20
1228.7400553722894,-9.568535996738363e-17,2.045652733399642e-20
1228.793154698285,-7.700095070549652e-17,2.292215733625168e-20
1228.8462537349744,-5.387569064460375e-17,2.2862045922236985e-20
1228.8993524823634,-5.0717707940197285e-17,2.3093209154532802e-20
1228.9524509404557,-4.1587738202253834e-17,2.4676001334833155e-20
1229.0055491092567,-6.564363069650442e-17,2.2713399512823044e-20
1229.058646988771,-5.825742406537433e-17,2.2214630830053235e-20
1229.1117445790032,-7.795242375747682e-17,2.3022284256856603e-20
1229.164841879958,-7.172184272446051e-17,2.2998852273813914e-20
1229.2179388916404,-6.753658418316293e-17,2.1558094364577314e-20
1229.2710356140549,-7.922616632508497e-17,2.275464951120404e-20
1229.3241320472061,-7.781179240858738e-17,2.4046873191151337e-20
1229.377228191099,-9.320332010996506e-17,2.492743929659476e-20
1229.4303240457384,-9.872969965206863e-17,2.501865208474201e-20
1229.4834196111287,-6.548158790916669e-17,2.723315702828211e-20
1229.536514887275,-8.761325423015265e-17,2.65682177825667e-20
1229.5896098741816,-6.00274755301728e-17,2.717801124293003e-20
1229.6427045718535,-1.0643221798232332e-16,2.3294727791280453e-20
1229.6957989802954,-8.89892880647488e-17,2.3122665746301915e-20
1229.7488930995119,-9.441265894162741e-17,2.2316956456995e-20
1229.8019869295078,-9.342960029684631e-17,2.2148247816925978e-20
1229.855080470288,-5.570926781621564e-17,2.1726313868558878e-20
1229.9081737218567,-5.4241513005928244e-17,2.311154105954981e-20
1229.9612666842193,-8.565410023576363e-17,2.2998339713760842e-20
1230.01435935738,-7.140491650792938e-17,2.151111779082264e-20
1230.067451741344,-5.755040390673913e-17,2.1956485272962716e-20
1230.1205438361158,-5.622181634319537e-17,2.164419449223707e-20
1230.1736356417,-1.0644802908909842e-16,2.0406530074845788e-20
1230.226727158101,-5.479830459466189e-17,2.1146723578169662e-20
1230.2798183853247,-4.733839959398463e-17,2.2507570999753668e-20
1230.3329093233747,-6.386257497189536e-17,2.2314188045352818e-20
1230.385999972256,-8.230093836737033e-17,2.1258975575356103e-20
1230.4390903319736,-8.834244491645219e-17,2.1016609137033526e-20
1230.492180402532,-7.907358929954914e-17,2.1411270764172397e-20
1230.545270183936,-9.76754297315987e-17,2.2410474055374992e-20
1230.5983596761903,-1.1606125975385218e-16,2.1143057974942824e-20
1230.6514488792998,-6.459803075553856e-17,2.1223426647967973e-20
1230.7045377932686,-5.543028129321405e-17,2.1523244407107318e-20
1230.7576264181025,-5.223152204671141e-17,2.3296915781729046e-20
1230.8107147538049,-3.0838972419028765e-17,2.4541812234672703e-20
1230.8638028003816,-6.087513033785084e-17,2.275353037238186e-20
1230.916890557837,-6.57612138722159e-17,2.09930232278589e-20
1230.9699780261756,-7.800048714438685e-17,2.0950474879950914e-20
1231.0230652054022,-1.1145287706729435e-16,2.1021441139583956e-20
1231.0761520955218,-5.158796917356431e-17,2.2383032011155632e-20
1231.1292386965388,-7.124407378110938e-17,2.0461292595665052e-20
1231.182325008458,-9.730136965033799e-17,2.114406775234716e-20
1231.2354110312845,-5.1561547138481094e-17,2.3157663880289282e-20
1231.2884967650227,-6.727810728431778e-17,2.2459121936480357e-20
1231.3415822096772,-8.901661455632336e-17,2.183066446817285e-20
1231.3946673652529,-1.2483219595581427e-16,1.9966034322830412e-20
1231.4477522317543,-1.2624195126077352e-16,1.8742481989533192e-20
1231.5008368091865,-1.235489322446186e-16,1.96339597974851e-20
1231.553921097554,-8.417645786655529e-17,2.054061190823599e-20
1231.6070050968613,-9.064060236682956e-17,2.0062868769302855e-20
1231.6600888071134,-5.084112738672135e-17,2.0847855941861603e-20
1231.7131722283152,-7.927220786681316e-17,2.015977940933427e-20
1231.7662553604712,-7.66922073564239e-17,2.1824064291234216e-20
1231.819338203586,-1.0799535549421393e-16,2.273387387619368e-20
1231.8724207576645,-1.0793919149299093e-16,2.3786356388451547e-20
1231.9255030227116,-1.34117838996601e-16,2.4263273452942766e-20
1231.9785849987313,-9.087624358557052e-17,2.150656003855746e-20
1232.031666685729,-6.352805848835389e-17,2.092935499831449e-20
1232.0847480837097,-8.001830832999642e-17,2.008804086215646e-20
1232.1378291926771,-6.698249906529693e-17,2.0641399379719728e-20
1232.1909100126366,-7.359179562783296e-17,2.129841967524331e-20
1232.2439905435929,-8.75522413758669e-17,2.001837733871754e-20
1232.2970707855504,-7.549780849045546e-17,2.091026588516476e-20
1232.3501507385145,-6.657285769591068e-17,2.0237090051914168e-20
1232.403230402489,-7.782066323154723e-17,2.0178657459986117e-20
1232.4563097774792,-1.0348630570192567e-16,2.0366735636855372e-20
1232.50938886349,-7.912814446414641e-17,2.237890923270688e-20
1232.5624676605255,-5.183108416273707e-17,2.186042799946255e-20
1232.6155461685905,-2.273669249522527e-17,2.170967512446241e-20
1232.6686243876902,-2.788300370986729e-17,2.0690004639219254e-20
1232.7217023178293,-3.412370280836801e-17,2.1616446935406484e-20
1232.7747799590122,-3.206284193066887e-17,2.071901998052595e-20
1232.8278573112436,-6.752651263759088e-17,2.023433359863047e-20
1232.8809343745284,-3.610408241293484e-17,2.2291930313535617e-20
1232.9340111488711,-7.254582386110383e-17,2.326738325101113e-20
1232.9870876342766,-4.4824834904281983e-17,2.1869695249870723e-20
1233.0401638307496,-4.097154980874229e-17,2.1540353849000313e-20
1233.0932397382953,-6.266273982702365e-17,2.0529593575233727e-20
1233.1463153569173,-7.822246728953004e-17,2.150783617478489e-20
1233.1993906866212,-8.350609518151183e-17,2.1346078583656746e-20
1233.2524657274116,-3.0115221853532593e-17,2.22645446759583e-20
1233.3055404792929,-6.519841314046529e-17,2.174838861442668e-20
1233.35861494227,-5.579728466481413e-17,2.0898586789086403e-20
1233.4116891163474,-5.5445276761293644e-17,1.9926230823385504e-20
1233.4647630015304,-6.215700235714151e-17,2.01842155505957e-20
1233.5178365978231,-3.772633075554755e-17,2.0133790963023032e-20
1233.570909905231,-6.280776021926485e-17,2.1722307140726762e-20
1233.6239829237577,-8.163319466280449e-17,2.10824544358677e-20
1233.6770556534086,-6.820132749209332e-17,1.9092056915800216e-20
1233.7301280941886,-4.92776236020766e-17,1.933057387361353e-20
1233.7832002461018,-4.929953824133074e-17,1.978589070659375e-20
1233.8362721091535,-4.045203775547243e-17,1.9864683495735988e-20
