trappist-1/STIS/extracted_spectra/TRAPPIST-1_G140M_all_mean.ecsv
# %ECSV 0.9
# ---
# datatype:
# - name: WAVELENGTH
#   unit: Angstrom
#   datatype: float64
# - name: FLUX
#   unit: erg / (Angstrom cm2 s)
#   datatype: float64
# - name: ERROR
#   unit: erg / (Angstrom cm2 s)
#   datatype: float64
# delimiter: ','
# schema: astropy-2.0
WAVELENGTH,FLUX,ERROR
[from data line 507]
1221.3561778001654,3.865883260379682e-17,6.006006694759385e-16
1221.4093171924474,1.1976065755246832e-16,6.545716740652882e-16
1221.4624562949555,7.931690574855846e-17,6.422347359668388e-16
1221.5155951076945,-4.4707243724393495e-17,5.710438199382611e-16
1221.5687336306687,-1.3264430848014755e-17,5.795337953846123e-16
1221.6218718638834,1.511598431218021e-16,6.594270324373606e-16
1221.675009807343,1.8505164802623352e-16,6.799357343732052e-16
1221.7281474610525,1.6521194049823365e-16,6.748755220670854e-16
1221.7812848250162,2.951115259047185e-16,7.406390166641855e-16
1221.8344218992395,1.3566370992173387e-16,6.474348747586968e-16
1221.8875586837264,1.0026921698334224e-16,6.273839964447603e-16
1221.9406951784822,5.43251864327212e-17,6.07282747610059e-16
1221.9938313835116,1.0966118399702477e-16,6.211134449425348e-16
1222.0469672988188,1.0890881581822202e-16,6.344617634413397e-16
1222.1001029244092,-8.686364197550841e-18,5.6145905704415705e-16
1222.153238260287,3.05443597783396e-17,5.795221950905668e-16
1222.2063733064576,5.4699007442650453e-17,5.987333051480642e-16
1222.259508062925,3.19958080669945e-17,5.773749659468163e-16
1222.3126425296944,-1.2185138061751388e-17,5.547210135403786e-16
1222.3657767067702,-5.015937035227229e-17,5.329821178174811e-16
1222.4189105941578,-4.4434188557199676e-17,5.400769537875839e-16
1222.4720441918612,-7.901458011045262e-17,5.136631033637185e-16
1222.5251774998853,-1.0140631076557531e-16,4.762265318390841e-16
1222.5783105182352,-4.7656979425062286e-17,5.094322413123096e-16
1222.6314432469155,2.7888940645282435e-17,5.521747718443972e-16
1222.6845756859304,2.2985933347471375e-16,6.751029725011534e-16
1222.7377078352854,3.3254062612809e-16,7.397270712572419e-16
1222.790839694985,4.311508195651283e-16,7.843729682703818e-16
1222.8439712650336,4.43143412702516e-16,7.841183074118569e-16
1222.8971025454364,1.498253294611664e-16,6.461840880299416e-16
1222.9502335361979,-2.225945576624471e-17,5.594800540817885e-16
1223.0033642373226,-2.3499875343546962e-17,5.560744922096822e-16
1223.0564946488157,-1.0735284173448884e-16,4.791506646212047e-16
1223.1096247706819,-6.290784904084291e-17,5.025957634033284e-16
1223.1627546029256,5.988044594661583e-17,5.792148857072262e-16
1223.2158841455516,2.337559818709919e-16,6.78134741917715e-16
1223.269013398565,1.0794125276806634e-16,6.042332062014834e-16
1223.3221423619702,1.7547538234730467e-16,6.484917800521148e-16
1223.3752710357717,1.3417934154315088e-16,6.167676400628297e-16
1223.4283994199748,6.554618877368408e-17,5.773318545011205e-16
1223.481527514584,-2.4862131992538897e-17,5.1364377341252995e-16
1223.534655319604,7.869438431480194e-17,5.767687727786381e-16
1223.5877828350397,1.0217943065564437e-16,5.862293781124882e-16
1223.6409100608955,9.838058960742487e-17,5.8387263640427e-16
1223.6940369971767,2.306309586280318e-16,6.669890301799001e-16
1223.7471636438872,1.0657355640268647e-16,5.888587002972523e-16
1223.8002900010324,6.225153522395556e-17,5.621492261462354e-16
1223.8534160686168,-4.578688592826135e-18,5.28691827268764e-16
1223.9065418466453,9.800080962047463e-17,5.748770099554706e-16
1223.9596673351223,1.7354597940555832e-16,6.182837950289673e-16
1224.0127925340528,5.238809780931154e-17,5.353646178088721e-16
1224.0659174434415,4.806515418467964e-17,5.326630596710287e-16
1224.1190420632931,-1.3275765131888724e-17,4.949203763909572e-16
1224.1721663936123,-1.1359217371212617e-17,4.921645100464302e-16
1224.225290434404,8.126539438545769e-17,5.598803415466314e-16
1224.2784141856728,6.020918615083002e-17,5.447267398524153e-16
1224.3315376474231,1.1553706350142974e-16,5.949352530625762e-16
1224.3846608196604,9.248232302147638e-17,5.831878344453509e-16
1224.437783702389,1.2090982423292167e-16,5.947607287905837e-16
1224.4909062956135,2.0930747748434474e-16,6.438020007431998e-16
1224.5440285993386,2.1000862540548016e-16,6.346400861955701e-16
1224.5971506135695,5.143731030141611e-17,5.280649878441769e-16
1224.6502723383105,-1.530776151933572e-17,4.891072358823803e-16
1224.7033937735664,3.236773047530433e-17,5.18343555787603e-16
1224.7565149193422,1.0115922383380224e-16,5.691160070267191e-16
1224.8096357756424,1.7567490812270664e-17,5.125459588158956e-16
1224.8627563424716,-1.2184435349578235e-17,4.807382857953767e-16
1224.9158766198348,-4.338341399587323e-17,4.731819215719966e-16
1224.9689966077367,2.966596514409689e-17,5.217018073619563e-16
1225.022116306182,6.586334642014535e-19,4.956979133451708e-16
1225.0752357151753,8.458605182517477e-17,5.490974526310457e-16
1225.1283548347214,4.306772153203154e-17,5.093946427592524e-16
1225.1814736648253,4.5643871229205676e-17,5.043324228538684e-16
1225.234592205491,1.2130720279230768e-16,5.681819548426857e-16
1225.2877104567242,1.7989567327802456e-16,5.96894181631735e-16
1225.3408284185293,8.916943914133542e-17,5.345271496357829e-16
1225.3939460909103,-1.8809089597040338e-17,4.595002406368623e-16
1225.4470634738727,3.359670242854732e-17,5.064834891793003e-16
1225.5001805674212,1.3117488782688244e-16,5.633850346428761e-16
1225.5532973715603,1.1299387177770718e-16,5.674270181648018e-16
1225.606413886295,1.0090796528763766e-16,5.457877195109849e-16
1225.6595301116297,8.974221938496415e-17,5.63271361347093e-16
1225.7126460475693,9.533821966576643e-17,5.502206492231584e-16
1225.7657616941185,8.685838942527504e-17,5.256950537363293e-16
1225.8188770512818,1.1696740482408794e-16,5.597901751767663e-16
1225.8719921190643,6.2759527797476e-17,5.240448799326818e-16
1225.9251068974706,9.81155737348393e-18,4.805967913912243e-16
1225.9782213865058,3.567304071721776e-17,4.918310434848537e-16
1226.0313355861736,1.1051082267929812e-16,5.464820969457098e-16
1226.0844494964797,2.0370693751070134e-16,5.866277195922032e-16
1226.1375631174285,1.6331632943807254e-16,5.609070077929276e-16
1226.1906764490247,2.2111049821979866e-16,5.917972844181868e-16
1226.243789491273,2.506009669075972e-16,6.040022040433185e-16
1226.2969022441785,4.05885094007406e-16,6.993328419011259e-16
1226.3500147077452,3.1624506700846857e-16,6.577435973163683e-16
1226.4031268819786,1.8409569610840949e-16,5.724739486840676e-16
1226.456238766883,4.688603668054411e-16,7.109603328800469e-16
1226.509350362463,9.538742977922097e-16,8.863244698625906e-16
1226.5624616687237,1.9871509126203606e-15,1.1891596893277344e-15
1226.6155726856698,1.4380939832555824e-15,1.049156643850519e-15
1226.6686834133056,8.198226910335119e-16,8.331828196590375e-16
1226.7217938516364,5.201432061430512e-16,7.379370896987551e-16
1226.7749040006663,2.65488787310892e-16,6.070551560107342e-16
1226.8280138604007,2.6978038359619756e-16,6.156850178508931e-16
1226.881123430844,1.6362107817698942e-16,5.510147277063436e-16
1226.934232712001,1.858386244072871e-16,5.581539338153672e-16
1226.987341703876,2.4914416049533797e-16,5.947506348710411e-16
1227.040450406474,1.830503962855269e-16,5.520125141369175e-16
1227.0935588198001,1.9927430618136722e-16,5.548933818551601e-16
1227.146666943859,1.2311382293925042e-16,5.010962569618807e-16
1227.1997747786547,2.2498912770504885e-16,5.694461088457606e-16
1227.2528823241928,1.5046862340634602e-16,5.431257214011111e-16
1227.3059895804772,3.013993888110633e-16,5.979544617440545e-16
1227.3590965475132,7.59021251465699e-16,8.030546645407087e-16
1227.4122032253053,8.921267214812186e-16,8.585934330791536e-16
1227.4653096138586,6.812286951521173e-16,7.944561345260593e-16
1227.518415713177,4.18403584404576e-16,6.689830168950684e-16
1227.5715215232665,3.537311499904334e-16,6.350856528575717e-16
1227.6246270441306,2.3258233698374926e-16,5.711001786636666e-16
1227.6777322757746,2.0437472363095307e-16,5.546456699640865e-16
1227.7308372182029,2.0228963183554443e-16,5.504143064341367e-16
1227.7839418714207,2.9859214375979513e-16,6.023703331525616e-16
1227.8370462354321,3.7061265823064424e-16,6.501711765704863e-16
1227.8901503102425,3.299887907558553e-16,6.276508218042851e-16
1227.9432540958564,3.86541358473302e-16,6.583216394154011e-16
1227.9963575922782,2.863995015427193e-16,6.016510713298412e-16
1228.049460799513,6.694946058076027e-17,4.751216325318758e-16
1228.1025637175655,1.6650349942147722e-16,5.326108929369359e-16
1228.1556663464405,1.0217600228688026e-16,4.802099079994162e-16
1228.2087686861423,1.7757979771161051e-16,5.322808021390952e-16
1228.2618707366757,1.1712452158040534e-16,4.826928095079272e-16
1228.3149724980458,7.626368380029451e-17,4.65407809091848e-16
1228.3680739702572,8.406599241851457e-17,4.714756495838795e-16
1228.4211751533144,1.6295010202485142e-16,5.367950614089336e-16
1228.4742760472222,1.3429438799107623e-16,5.014597884430153e-16
1228.5273766519856,1.5201432650335988e-16,5.081552058692524e-16
1228.580476967609,1.5979850228974727e-16,5.200393399536167e-16
1228.6335769940972,8.319039307324813e-17,4.629812142302241e-16
1228.6866767314552,1.470914994022622e-16,5.126633987862259e-16
1228.7397761796872,1.33958978102834e-16,4.951491071034829e-16
1228.7928753387982,2.650926069124812e-16,5.663398419438433e-16
1228.845974208793,1.7623150965011298e-16,5.20199203102524e-16
1228.8990727896762,1.490230511275341e-16,5.044665548840514e-16
1228.9521710814527,1.9723685849536524e-16,5.225342840225064e-16
1229.0052690841271,2.63240005890317e-16,5.666074139977093e-16
1229.058366797704,1.998893730308179e-16,5.32328768309528e-16
1229.1114642221883,8.18235053936523e-17,4.4328862312700667e-16
1229.1645613575845,1.026748807295313e-17,3.965795580776859e-16
1229.2176582038976,1.3658709863336506e-16,4.929235091351427e-16
1229.2707547611326,2.410827114169738e-16,5.256505863792934e-16
1229.3238510292933,5.940677172266848e-16,7.304238505852369e-16
1229.3769470083848,7.203288872316182e-16,7.847293812491174e-16
1229.4300426984125,5.764092574045312e-16,7.365061214839204e-16
1229.4831380993803,2.9632768771172814e-16,5.87210270579343e-16
1229.5362332112934,2.8416350890297125e-16,5.829545012664364e-16
1229.5893280341559,2.8155390852117423e-16,5.743127759955922e-16
1229.6424225679734,1.8113635427214423e-16,5.145045734302528e-16
1229.6955168127502,9.718238025138966e-17,4.512852597121541e-16
1229.7486107684904,7.418836314661199e-18,3.7641596501567146e-16
1229.8017044351998,5.4476048112196383e-17,4.138666968555171e-16
1229.8547978128827,9.702036431210347e-17,4.471467308893649e-16
1229.9078909015436,9.504306561130682e-17,4.4826534844163825e-16
1229.9609837011874,1.2102484171568452e-16,4.682754126070588e-16
1230.0140762118187,1.7213809362216908e-16,4.986359788535947e-16
1230.0671684334422,1.42111101849161e-16,4.707254968243948e-16
1230.1202603660631,1.4939965077535968e-16,4.665713952760278e-16
1230.1733520096857,1.3161546663151612e-16,4.670565402276674e-16
1230.2264433643145,6.953880781038008e-17,4.248239849787164e-16
1230.2795344299548,1.443890142441955e-16,4.686607886452846e-16
1230.3326252066108,1.1347492968047827e-16,4.4407259468699494e-16
1230.3857156942877,2.0750234184972553e-16,5.127594999192464e-16
1230.4388058929894,1.411209753259557e-16,4.680253315197205e-16
1230.4918958027215,6.826482087545968e-17,4.1553057853898465e-16
1230.5449854234882,9.706705225669721e-17,4.278801897559406e-16
1230.5980747552949,1.507316709602597e-16,4.638932944305968e-16
1230.6511637981455,2.0104009375700375e-16,4.94143038213703e-16
1230.7042525520449,1.7474707792116499e-16,4.869151913406403e-16
1230.757341016998,1.700373152601997e-16,4.774284600170313e-16
1230.8104291930097,2.7178628579226036e-16,5.362087242441845e-16
1230.8635170800842,1.86489038212403e-16,4.896364004194229e-16
1230.9166046782266,1.5675266029464987e-16,4.693500125287036e-16
1230.9696919874416,1.538628929333843e-16,4.654354386826118e-16
1231.022779007734,9.448572486428098e-17,4.102880783170785e-16
1231.075865739108,1.188326112192021e-16,4.211104318001202e-16
1231.1289521815688,2.0901461019318888e-16,4.922124856687843e-16
1231.1820383351212,1.4796316440311588e-16,4.4339139238202505e-16
1231.2351241997696,1.0096639026454071e-16,4.131819660945879e-16
1231.288209775519,2.1988251668314215e-16,4.796557240170764e-16
1231.3412950623735,2.265184373261753e-16,4.989841654075037e-16
1231.3943800603386,1.0395578885168252e-16,4.149376081669734e-16
1231.4474647694187,9.558569781178188e-19,3.354866960641581e-16
1231.5005491896184,2.2851060507944435e-17,3.4916749464050777e-16
1231.5536333209425,9.997869178624503e-17,4.0734679007479446e-16
1231.6067171633958,1.6270294809738462e-16,4.47539258812358e-16
1231.6598007169828,1.1436437339982743e-16,4.1139986028490423e-16
1231.7128839817083,8.432235166069115e-17,3.827043188417646e-16
1231.7659669575771,1.9471506865609793e-16,4.577177730634662e-16
1231.8190496445943,1.9650592625976445e-16,4.729330743957252e-16
1231.8721320427637,1.0480003192207175e-16,4.2168592730559213e-16
1231.9252141520908,1.231902502829729e-16,4.1062489283837253e-16
1231.97829597258,2.5509263206280164e-16,4.852535190462924e-16
1232.031377504236,3.300537209927425e-16,5.454506815905574e-16
1232.0844587470635,4.0711751263747257e-16,5.931660531699979e-16
1232.1375397010675,1.3368440834317864e-16,4.2156025309122985e-16
1232.1906203662522,2.080292679321448e-16,4.630987138235152e-16
1232.2437007426229,1.636261429720193e-16,4.486232753214979e-16
1232.296780830184,1.8370384241882782e-16,4.641042093352565e-16
1232.3498606289402,1.4421840793721767e-16,4.208781600135092e-16
1232.402940138896,1.6702772340674977e-16,4.367439330509281e-16
1232.4560193600566,1.1981568774348456e-16,3.8685584302719505e-16
1232.5090982924264,2.1365293498464405e-16,4.642903866723185e-16
1232.56217693601,2.56233272686943e-16,4.942244598489595e-16
1232.6152552908127,2.462159009682546e-16,4.909983314781768e-16
1232.6683333568385,2.7020217656494245e-16,4.970144999415998e-16
1232.7214111340927,2.9135325110281374e-16,5.050081865594025e-16
1232.7744886225796,1.7345101129314355e-16,4.3082892699783386e-16
1232.8275658223042,1.696116105591044e-16,4.427260725008358e-16
1232.8806427332709,2.662656246408774e-16,4.914220558272177e-16
1232.9337193554845,3.379742587857174e-16,5.288803605175023e-16
1232.9867956889502,2.8115379759494414e-16,5.071011287844432e-16
1233.039871733672,2.445138950420901e-16,4.809055662167833e-16
1233.0929474896548,2.45313802860712e-16,4.860671751294588e-16
1233.1460229569038,2.1681525939871923e-16,4.565289441408298e-16
1233.1990981354231,1.17962325507991e-16,3.8285260580603596e-16
1233.2521730252179,1.454632341353884e-16,4.0304624949702815e-16
1233.3052476262924,2.3408438376520406e-16,4.645694007827181e-16
1233.3583219386517,1.9285534285888533e-16,4.456658428288424e-16
1233.4113959623003,2.473008644541818e-16,4.764883562713253e-16
1233.464469697243,2.194764658443728e-16,4.556414930632802e-16
1233.5175431434845,1.530245021684371e-16,4.1180027792934894e-16
1233.5706163010298,2.0441620499150643e-16,4.427464386902236e-16
1233.623689169883,2.6366626728790448e-16,4.912342730905261e-16
1233.6767617500493,1.1811520137191802e-16,3.8463759186589444e-16
1233.7298340415334,9.718169196539614e-17,3.6887917777759857e-16
1233.7829060443398,4.5373330331617264e-17,3.101211294791531e-16
1233.8359777584733,1.6629719986858174e-16,4.17989298118871e-16
1233.8890491839384,5.51357732949283e-17,3.033205515434439e-16
1233.94212032074,7.040115985742765e-17,3.3377528248176655e-16
1233.9951911688831,2.1110874099319972e-16,4.4343795875105425e-16
1234.0482617283722,2.0543001110195816e-16,4.3952490815442214e-16
1234.1013319992117,2.1692510312243625e-16,4.4302234334441143e-16
1234.1544019814064,1.779936484771261e-16,4.1102861775687707e-16
1234.2074716749612,1.539999751035894e-16,3.943437797052851e-16
1234.2605410798808,2.675057053156536e-16,4.771900347735031e-16
1234.31361019617,2.493658204428061e-16,4.542341810121787e-16
1234.3666790238333,3.019405086320283e-16,4.852775766451927e-16
1234.4197475628755,2.984049886863131e-16,4.946618653245533e-16
1234.4728158133014,2.7395242303451297e-16,4.746503474613052e-16
1234.5258837751153,1.8634360234167836e-16,4.1617022194111623e-16
1234.5789514483226,1.649707489470218e-16,3.9916367783486794e-16
1234.6320188329275,1.5456244651773453e-16,3.9479281726507213e-16
