trappist-1/STIS/extracted_spectra/TRAPPIST-1_G140M_2017_mean.ecsv
# %ECSV 0.9
# ---
# datatype:
# - name: WAVELENGTH
#   unit: Angstrom
#   datatype: float64
# - name: FLUX
#   unit: erg / (Angstrom cm2 s)
#   datatype: float64
# - name: ERROR
#   unit: erg / (Angstrom cm2 s)
#   datatype: float64
# delimiter: ','
# schema: astropy-2.0
WAVELENGTH,FLUX,ERROR
1194.3628845005976,2.6145497341797784e-16,9.251649513434366e-16
1194.416189459625,1.3443515310336264e-16,6.032200822878171e-16
1194.4694941180196,1.405626165974325e-16,5.531778084394382e-16
1194.5227984757869,5.866803387264195e-17,4.658315285837334e-16
1194.5761025329316,1.3461217922528723e-16,5.093171458282307e-16
1194.629406289459,1.149120942553874e-16,6.056841990491047e-16
1194.6827097453745,1.4620926742820027e-16,5.876603690253971e-16
1194.7360129006825,4.26356330805528e-16,7.086589436910161e-16
1194.7893157553885,4.989362665398177e-16,6.971146131274285e-16
1194.8426183094978,6.065006711236686e-16,8.016077634309877e-16
1194.8959205630151,6.207116895849039e-16,7.688428560069023e-16
1194.9492225159456,5.725533608810017e-16,7.735342509171949e-16
1195.0025241682943,5.120770325017184e-16,7.351697392259399e-16
1195.0558255200665,5.021911091309373e-16,7.445937500738184e-16
1195.1091265712673,3.354552554183114e-16,6.38088842356602e-16
1195.1624273219013,3.3537815803902883e-16,6.114909207756457e-16
1195.2157277719741,4.234338759338085e-16,7.136105587360232e-16
1195.2690279214908,3.9336344665599374e-16,7.175390591461814e-16
1195.3223277704562,4.422880133465134e-16,7.603254987660807e-16
1195.3756273188753,4.745958396581529e-16,7.786557853186309e-16
1195.4289265667535,4.551835217759407e-16,7.645737270988016e-16
1195.4822255140957,2.1910837483248257e-16,5.933935635667017e-16
1195.5355241609072,3.5960445987898864e-16,7.114402110380903e-16
1195.5888225071928,3.49093595002946e-16,7.089844042373214e-16
1195.642120552958,3.6293018309666814e-16,7.501298426673736e-16
1195.6954182982072,2.9338035418090307e-16,6.524041032617125e-16
1195.748715742946,2.9509781921551964e-16,6.893655240323838e-16
1195.8020128871794,2.2960089465637526e-16,6.177235745401819e-16
1195.8553097309123,1.7241144743835398e-16,5.961071586534166e-16
1195.90860627415,3.5804043082952527e-16,7.871246844317169e-16
1195.9619025168975,7.694580564362402e-16,1.0003303929727008e-15
1196.01519845916,8.98929663380735e-16,1.1008400870766307e-15
1196.0684941009426,5.312022279073732e-16,9.116686582545868e-16
1196.1217894422498,4.899823486634648e-16,8.943672609282125e-16
1196.1750844830874,5.255062932247912e-16,8.888115530648805e-16
1196.2283792234605,3.7580047818686407e-16,8.307708688568227e-16
1196.2816736633733,2.6995051695043057e-16,7.602870441037314e-16
1196.334967802832,3.3358887041499874e-16,8.07833430288874e-16
1196.388261641841,2.6490700338398747e-16,7.535746688783437e-16
1196.4415551804054,2.911392190168782e-16,7.645938993971866e-16
1196.4948484185306,2.0675572270844019e-16,7.161061082450489e-16
1196.5481413562213,2.1481762990618242e-16,7.409366878133458e-16
1196.601433993483,3.5530576652669806e-16,8.666016533758656e-16
1196.6547263303205,5.506129203809843e-16,9.945792298782405e-16
1196.708018366739,3.4380098523611697e-16,8.640598432379571e-16
1196.7613101027434,3.403484683067092e-16,8.535720152896031e-16
1196.814601538339,3.1640480950766485e-16,8.421134759074296e-16
1196.8678926735308,1.8860411393893507e-16,7.815795400936648e-16
1196.921183508324,1.7940257771577162e-16,7.758582080957285e-16
1196.9744740427234,2.6559543893061414e-16,8.548014477734141e-16
1197.0277642767342,5.079997962456526e-16,9.986864267260284e-16
1197.0810542103616,2.4041466731417434e-16,8.135089090614572e-16
1197.1343438436104,1.4458542317727565e-16,7.402740378895428e-16
1197.1876331764859,2.6139631052378164e-16,8.512270753074937e-16
1197.2409222089932,2.493290502469294e-16,8.475858992738162e-16
1197.2942109411374,4.564329607427798e-16,9.998397344565986e-16
1197.3474993729235,1.258516860495677e-16,7.756737183675412e-16
1197.4007875043565,1.0985368557762628e-16,7.899510497307844e-16
1197.4540753354418,2.367439292077802e-16,8.624257271470916e-16
1197.507362866184,1.9325598354412024e-16,8.163502169913577e-16
1197.5606500965882,1.6908931627310054e-16,7.765080468209077e-16
1197.6139370266599,4.807366594813516e-16,1.0094349931354482e-15
1197.6672236564043,2.9777006614688695e-16,9.254301737576144e-16
1197.7205099858259,1.7153882359775388e-16,8.161200529973955e-16
1197.77379601493,2.680641195501129e-16,9.130618430533163e-16
1197.8270817437215,3.1321095469059193e-16,9.601174628044e-16
1197.8803671722062,1.1424348410545e-16,7.982336402049194e-16
1197.9336523003883,3.1387923133021214e-16,9.26958148450722e-16
1197.9869371282734,2.360270478189203e-16,9.268277792579413e-16
1198.0402216558664,3.9347606516766953e-16,1.0073890153340997e-15
1198.0935058831724,2.431582483668948e-16,9.06332582736542e-16
1198.1467898101962,5.142866452481475e-16,1.1000918758432388e-15
1198.2000734369435,1.8545032925297276e-16,9.060441274659077e-16
1198.253356763419,3.5346795552556534e-16,1.0215688914915393e-15
1198.3066397896275,2.660662781329364e-16,9.647236509419776e-16
1198.3599225155747,1.140627681860309e-16,8.637653724246329e-16
1198.413204941265,1.6301704746706483e-16,9.101898224575707e-16
1198.466487066704,2.0353561928621725e-16,9.350712930685013e-16
1198.519768891897,1.3059452595925766e-16,8.879413689530739e-16
1198.5730504168482,1.2731249041879367e-16,8.906416443090929e-16
1198.6263316415632,1.979327232168929e-16,9.435984175813742e-16
1198.6796125660474,4.424089360168095e-16,1.0508955607110102e-15
1198.7328931903053,3.7071805484282483e-16,1.0412460887120024e-15
1198.786173514342,1.1047208711868408e-16,8.878966330033809e-16
1198.8394535381626,1.7198222736188762e-16,9.326008057546214e-16
1198.8927332617727,1.054340291947088e-16,8.979951546737296e-16
1198.946012685177,7.422353923797295e-17,8.830715818239422e-16
1198.9992918083806,-1.7881024296499152e-17,8.287115966382399e-16
1199.0525706313883,1.180958598095843e-16,9.327321771770252e-16
1199.1058491542058,4.202741611630668e-16,1.1048455686891735e-15
1199.1591273768377,1.6739005797308901e-16,9.507531334917117e-16
1199.2124052992885,5.403100642825533e-16,1.1581735637392835e-15
1199.2656829215648,1.4734462261303267e-16,9.347778363087184e-16
1199.3189602436705,2.256606271583685e-17,8.773740709980007e-16
1199.3722372656111,2.980420344043295e-16,1.0425440899392378e-15
1199.4255139873915,2.2272034231716293e-16,1.0158838897577463e-15
1199.4787904090167,1.4360598738070908e-16,9.804338340282848e-16
1199.5320665304923,7.285634836564008e-17,9.250673776050796e-16
1199.5853423518226,-6.667771827439597e-17,8.271363763405006e-16
1199.6386178730133,1.3159762546724344e-16,9.571867508093035e-16
1199.6918930940692,4.977173851805463e-16,1.1284314550214967e-15
1199.7451680149952,3.366592432832344e-16,1.046397014057787e-15
1199.7984426357968,2.899065013117037e-16,1.0503966172814387e-15
1199.8517169564786,2.8508252505179856e-16,1.049869457807951e-15
1199.9049909770465,1.5440065752660114e-16,9.7820700748536e-16
1199.9582646975045,3.720061953775596e-16,1.0783737013072087e-15
1200.0115381178584,1.2970088629018862e-16,9.993621264735156e-16
1200.0648112381127,5.492476464280001e-17,9.331917620490474e-16
1200.1180840582733,2.508466447555344e-16,1.0424823967060773e-15
1200.1713565783446,2.1282676757760433e-16,1.0273519523381615e-15
1200.2246287983317,2.0660015861515198e-16,1.0278559165168758e-15
1200.2779007182398,5.156038796495133e-16,1.1829273974350668e-15
1200.331172338074,3.019481172859342e-16,1.0590276743264118e-15
1200.3844436578395,3.053196755815939e-16,1.0816833878367257e-15
1200.4377146775414,6.164684338302063e-16,1.2295137025917022e-15
1200.4909853971844,4.3260537143786785e-16,1.1115425373258712e-15
1200.544255816774,4.718428799167945e-16,1.1585674569745264e-15
1200.597525936315,4.195561965165509e-16,1.1506916706612112e-15
1200.650795755812,3.7312060258834037e-16,1.1091711956610033e-15
1200.7040652752712,4.855493676548194e-16,1.1618469374120433e-15
1200.7573344946966,5.119998373947591e-16,1.1977183826507824e-15
1200.810603414094,3.744828783227995e-16,1.1419683979795075e-15
1200.8638720334684,5.078518980059973e-16,1.1619269028723592e-15
1200.9171403528242,2.351637359498388e-16,1.071637383043911e-15
1200.9704083721672,4.266998198247449e-16,1.1558544161075534e-15
1201.023676091502,4.2779990114835137e-16,1.1545813746632316e-15
1201.076943510834,5.5194905770781e-16,1.2061077704847335e-15
1201.1302106301684,5.543412986359929e-16,1.211265013039721e-15
1201.1834774495096,7.370651028819396e-16,1.309929453282322e-15
1201.2367439688635,7.37105271633006e-16,1.2990040663071753e-15
1201.2900101882344,6.322674584863759e-16,1.3136741293168752e-15
1201.3432761076278,1.3850343923789825e-16,1.1357648693246529e-15
1201.3965417270488,1.7265023054029346e-16,1.0758649683828702e-15
1201.4498070465022,2.313350626723502e-16,1.0717044928206724e-15
1201.5030720659936,1.5332227025017883e-16,1.0375117614365307e-15
1201.5563367855273,2.7018014046137813e-16,1.1035890365367884e-15
1201.609601205109,1.9320575034136204e-16,1.0503860420793251e-15
1201.6628653247433,3.5759728257922035e-16,1.151181564834968e-15
1201.7161291444352,1.9836965818101787e-16,1.0614731527322007e-15
1201.7693926641907,3.485713325878834e-16,1.1434460145307179e-15
1201.8226558840138,1.7863189572915364e-16,1.0521305944060732e-15
1201.87591880391,5.3586296368110683e-17,9.855799191166215e-16
1201.9291814238845,3.308143052359195e-16,1.1279803772186042e-15
1201.9824437439422,7.407506413398518e-16,1.3017392151601355e-15
1202.0357057640883,3.3945571824557505e-16,1.1552585878790674e-15
1202.0889674843277,2.3155637528117204e-16,1.1025557962164804e-15
1202.1422289046654,3.193143273879231e-16,1.1489670393751872e-15
1202.1954900251067,3.007141089932938e-16,1.148203981017832e-15
1202.2487508456568,2.085994719441884e-16,1.0927110036432383e-15
1202.30201136632,5.596098263317855e-17,1.0078629425150576e-15
1202.3552715871022,4.5208274312871887e-17,1.0206349596557437e-15
1202.408531508008,3.9875589549881055e-16,1.1671396835072175e-15
1202.4617911290427,3.4602361735039375e-16,1.1453162016353488e-15
1202.5150504502114,2.7760372979548084e-16,1.1681301109094597e-15
1202.568309471519,-5.72299923817618e-17,1.069532572869361e-15
1202.6215681929705,-3.230999708471093e-16,9.282431679140598e-16
1202.6748266145712,-1.714766835960321e-16,9.564502979097755e-16
1202.7280847363256,1.1964727890546364e-17,1.0141197972053485e-15
1202.7813425582399,-1.2923086359819402e-16,9.252800828877708e-16
1202.834600080318,2.4082147688383896e-16,1.1126432105788962e-15
1202.8878573025656,1.3246540090051865e-16,1.0332239405773294e-15
1202.9411142249876,3.6770629559144673e-16,1.1676314679463891e-15
1202.994370847589,4.008851134760842e-16,1.1420262841568404e-15
1203.0476271703749,1.5814653196513258e-16,1.0565323858510657e-15
1203.1008831933505,3.1037261748350894e-16,1.1216685108891516e-15
1203.1541389165207,3.70480023846932e-17,1.0040442691419537e-15
1203.2073943398905,2.0434906756220795e-16,1.086803795028434e-15
1203.2606494634654,5.221177137891123e-16,1.2271665906946971e-15
1203.31390428725,4.2831433865222864e-16,1.1654881749730445e-15
1203.3671588112493,2.476856073808697e-16,1.1254369530375298e-15
1203.4204130354688,1.5873381818689553e-16,1.103851390970665e-15
1203.473666959913,3.2617383175553947e-16,1.1705895554674784e-15
1203.5269205845875,8.581177556223933e-17,1.0450770729943367e-15
1203.5801739094973,1.1260450101197577e-16,1.0549277826936006e-15
1203.633426934647,-1.5660679248036378e-16,9.315025840558133e-16
1203.6866796600423,3.4832572426665056e-16,1.1642450433009246e-15
1203.7399320856878,2.459590375061872e-16,1.127288726266757e-15
1203.7931842115888,2.4627683976412434e-16,1.1304186535798439e-15
1203.84643603775,9.098684422755174e-17,1.0583772993088426e-15
1203.899687564177,-1.6448013592290448e-16,9.396408363186225e-16
1203.9529387908744,1.796472041256486e-16,1.1091520478525507e-15
1204.0061897178475,2.0767003791232736e-16,1.1048168921621037e-15
1204.0594403451012,2.889536935423282e-16,1.1404913062159548e-15
1204.1126906726408,2.191978101191122e-16,1.1167083344843106e-15
1204.1659407004713,2.393504552093662e-17,1.0905857659907819e-15
1204.2191904285976,2.2082475065289303e-16,1.1822594173377791e-15
1204.272439857025,-2.081757761351334e-17,1.050100875008337e-15
1204.3256889857582,-1.4851022557550995e-16,9.444731145011164e-16
1204.3789378148024,4.386749026601484e-16,1.18466689274555e-15
1204.432186344163,8.513339347599913e-16,1.3806128463345222e-15
1204.4854345738447,4.76288503414666e-16,1.2402188186461743e-15
1204.5386825038524,4.513476090929069e-16,1.2055029499114453e-15
1204.5919301341917,3.9399239936846456e-16,1.20814492592314e-15
1204.6451774648672,1.8773180475068134e-16,1.0930180132771178e-15
1204.6984244958844,-1.7745121072779842e-16,9.08774614895771e-16
1204.7516712272477,2.667440179505768e-16,1.1088805688224075e-15
1204.8049176589627,3.7460353714972625e-16,1.185484036420689e-15
1204.8581637910345,1.6104955899178715e-16,1.075513858946671e-15
1204.9114096234678,2.3848276187096555e-16,1.132694923093603e-15
1204.9646551562678,1.7292754017159557e-16,1.0993388758774447e-15
1205.0179003894395,4.965086604132216e-17,1.0453997438265464e-15
1205.071145322988,1.621137512286832e-16,1.0837886601570922e-15
1205.1243899569188,4.720698909270671e-16,1.2252616275659366e-15
1205.1776342912362,8.001495130440602e-17,1.0356697314622061e-15
1205.2308783259457,2.0866218865986773e-16,1.0894203597719742e-15
1205.2841220610521,2.718909725702649e-16,1.1182921255758622e-15
1205.337365496561,1.9020022524486733e-16,1.0951311065595042e-15
1205.3906086324769,3.9625635061784717e-16,1.2141840735380609e-15
1205.443851468805,5.311318679837765e-16,1.3039631533549854e-15
1205.4970940055503,1.3698001329920865e-16,1.1443646876321769e-15
1205.550336242718,3.1021874783902926e-16,1.207761446156882e-15
1205.6035781803134,2.3369313018497475e-16,1.1429299472764017e-15
1205.6568198183409,3.8332771646924833e-16,1.2176470760856571e-15
1205.7100611568062,5.094059692246133e-16,1.2394250583597341e-15
1205.763302195714,4.652529428336184e-16,1.2135642275955397e-15
1205.8165429350693,4.874057126565061e-16,1.229127724626512e-15
1205.8697833748774,2.7622592291885037e-18,1.0177295341668705e-15
1205.9230235151433,7.796523977601411e-17,1.0661978331967971e-15
1205.9762633558719,5.090003557908596e-16,1.2363484759827753e-15
1206.0295028970684,3.8420884114288e-16,1.1859964075168591e-15
1206.0827421387378,4.261823382536207e-16,1.1890724577359812e-15
1206.1359810808851,3.5817348972585597e-16,1.1765247200563018e-15
1206.1892197235159,1.0809469730714391e-16,1.0594946681914641e-15
1206.242458066634,5.981801340569118e-17,1.0242264781939636e-15
1206.2956961102457,3.7065914319660697e-16,1.175191915063412e-15
1206.3489338543557,3.9029616950512813e-16,1.2000013522214267e-15
1206.4021712989686,1.482244375700424e-16,1.0798768729943615e-15
1206.4554084440902,1.9271520640228627e-16,1.1126580693529715e-15
1206.5086452897249,3.774385741359964e-16,1.1677993347665698e-15
1206.561881835878,5.631181511460836e-16,1.238644997323884e-15
1206.6151180825545,1.7338279161152318e-16,1.082277275116901e-15
1206.6683540297597,-8.171347463317495e-17,9.64065826793555e-16
1206.7215896774983,2.6928816646048246e-16,1.1326309870016975e-15
1206.7748250257757,4.385506619136755e-16,1.2010376562774708e-15
1206.8280600745966,2.6092973943806226e-16,1.1315808066586e-15
1206.8812948239665,4.4004442893942304e-16,1.2202032723836955e-15
1206.9345292738901,3.2570360337714814e-16,1.1587489890034895e-15
1206.9877634243726,1.6127763991820348e-17,9.998156131650337e-16
1207.0409972754187,2.313288978351893e-16,1.1065034244904356e-15
1207.094230827034,2.4134280822719144e-16,1.1163376626772984e-15
1207.1474640792228,2.806859673505833e-16,1.1267769582376326e-15
1207.2006970319912,2.566476588440551e-16,1.1402653950150502e-15
1207.2539296853436,2.387488064756064e-16,1.144381341987108e-15
1207.307162039285,1.1614566011091857e-17,1.0328394341068629e-15
1207.360394093821,4.8069415220686394e-17,1.0532657722330834e-15
1207.4136258489557,-2.1186286766450553e-16,9.101490023766746e-16
1207.4668573046952,2.5191952431551096e-16,1.1177754317337272e-15
1207.5200884610438,5.437727914605264e-16,1.2327694180049349e-15
1207.5733193180067,2.249016750011597e-16,1.1106300567815554e-15
1207.626549875589,2.0428508741101712e-16,1.1164997212731063e-15
1207.6797801337964,1.2759480633391426e-16,1.0905890098682526e-15
