trappist-1/STIS/extracted_spectra/TRAPPIST-1_G140M_2018_mean.ecsv
# %ECSV 0.9
# ---
# datatype:
# - name: WAVELENGTH
#   unit: Angstrom
#   datatype: float64
# - name: FLUX
#   unit: erg / (Angstrom cm2 s)
#   datatype: float64
# - name: ERROR
#   unit: erg / (Angstrom cm2 s)
#   datatype: float64
# delimiter: ','
# schema: astropy-2.0
WAVELENGTH,FLUX,ERROR
1194.377085465669,4.932255744076275e-16,3.0318651641420106e-15
1194.4303723866494,4.232235399683682e-16,2.2412830458877752e-15
1194.4836590154355,3.154087034437582e-16,1.5121804081108436e-15
1194.5369453520323,2.4501726333041167e-16,1.0267865539808748e-15
1194.5902313964446,-4.118980913667537e-17,6.075593015254803e-16
1194.6435171486771,-6.323258082058555e-17,3.4139547222881024e-16
1194.6968026087347,4.0668909509988105e-17,4.341017333056583e-16
1194.7500877766224,2.307165108651966e-17,3.3679162065221146e-16
1194.8033726523447,1.1961507326926563e-16,4.0681850237409563e-16
1194.8566572359066,3.131009970969407e-16,6.300117999149922e-16
1194.9099415273129,3.119909096844209e-16,5.205717272707253e-16
1194.963225526568,4.054588493904162e-16,6.900263907826077e-16
1195.0165092336777,2.0466730967880648e-16,4.027143979822921e-16
1195.0697926486453,1.399530666903937e-16,2.6593989175268614e-16
1195.1230757714773,2.661703783091629e-16,4.548032445961202e-16
1195.176358602177,5.709973566999337e-16,7.468215910592457e-16
1195.2296411407501,3.993762906945238e-16,6.004024820623241e-16
1195.2829233872012,3.60173140386128e-16,5.412107821066898e-16
1195.336205341535,1.530466137614782e-16,2.928359506858046e-16
1195.3894870037566,3.254141095207008e-16,5.4065634723883e-16
1195.4427683738704,3.610487337227308e-16,6.007961204985646e-16
1195.4960494518816,2.111507879292734e-16,4.1753263431570924e-16
1195.5493302377945,3.092583599318095e-16,4.751762488540633e-16
1195.6026107316145,3.9215417685984264e-16,6.489414945408001e-16
1195.655890933346,3.293470363788874e-16,5.707774871856619e-16
1195.7091708429937,3.920067590134521e-16,6.217954565063432e-16
1195.7624504605628,1.9116661447062146e-16,4.000933016510937e-16
1195.8157297860578,2.678061998314399e-16,5.305344096220415e-16
1195.8690088194835,1.2093002281407676e-16,2.752842949522495e-16
1195.9222875608452,3.5747160050738047e-16,6.30448434392424e-16
1195.9755660101473,1.982582528101291e-16,3.9158712971607387e-16
1196.0288441673943,3.833526370066661e-16,6.530362331296067e-16
1196.0821220325913,2.784453514676449e-16,5.289364975290166e-16
1196.1353996057437,2.0043541055944272e-16,4.675342368663441e-16
1196.188676886855,1.9832613675465739e-16,4.595681271898487e-16
1196.2419538759314,2.4580720403678136e-16,4.99300007274244e-16
1196.2952305729768,2.712150749270269e-16,5.444117877516513e-16
1196.3485069779958,4.089664968043309e-16,6.752479137893179e-16
1196.401783090994,3.7044441766205146e-16,6.537689935685943e-16
1196.455058911976,4.1390239787615086e-16,6.900934198116141e-16
1196.5083344409463,2.3251885947154453e-16,4.892606700781438e-16
1196.56160967791,2.945202404626896e-16,5.764199165180318e-16
1196.6148846228714,3.1998127580819923e-16,6.167983239256112e-16
1196.668159275836,2.4661756536358293e-16,5.534751675464434e-16
1196.7214336368081,2.907190688412203e-16,5.700955257622878e-16
1196.7747077057925,3.268186363186737e-16,5.92134948570566e-16
1196.8279814827943,2.3731431383744273e-16,4.729276300422001e-16
1196.8812549678182,3.1450451171566776e-16,6.457039500057052e-16
1196.934528160869,2.477396952193452e-16,5.325888594248572e-16
1196.9878010619514,1.9630264231678819e-16,4.872346769952028e-16
1197.04107367107,1.578589834338226e-16,4.730871852321414e-16
1197.09434598823,2.3732043656714895e-16,5.14568426055999e-16
1197.1476180134362,3.2078372953668663e-16,6.151217896266458e-16
1197.2008897466933,2.7424583655586857e-16,5.325738099862782e-16
1197.254161188006,3.391230343286585e-16,5.594077276105134e-16
1197.307432337379,1.982617918725856e-16,5.419779137436509e-16
1197.3607031948175,2.239446694778603e-16,5.666747252804159e-16
1197.4139737603261,3.8958963305973734e-16,5.923603671736453e-16
1197.467244033909,5.159667529327603e-16,7.116077155964292e-16
1197.5205140155722,1.0636941887811137e-16,4.601686411354455e-16
1197.5737837053196,2.911093831819231e-16,6.406131803675136e-16
1197.6270531031562,2.53187298616207e-16,5.991908889216465e-16
1197.6803222090869,1.962626995727861e-16,5.599690648357703e-16
1197.7335910231163,2.08955301208655e-16,5.625272327878436e-16
1197.7868595452496,3.170658065445394e-16,6.552659899806062e-16
1197.840127775491,3.8052914878133735e-16,7.003129055926909e-16
1197.893395713846,1.7344247817777833e-16,4.667029369486835e-16
1197.946663360319,1.9307189442393369e-16,5.201035419557697e-16
1197.9999307149149,3.5056745069402356e-16,6.6146914886061125e-16
1198.0531977776382,2.941801575778073e-16,6.534083128485769e-16
1198.106464548494,2.774077085869111e-16,6.369761292828501e-16
1198.159731027487,2.433063146292596e-16,6.430620589083293e-16
1198.2129972146222,1.6592936358305032e-16,5.212414297226614e-16
1198.2662631099042,8.89010850748234e-17,4.77939376513735e-16
1198.3195287133376,4.697783508158063e-16,7.84286761454112e-16
1198.3727940249275,1.014438851318384e-16,4.652589763208326e-16
1198.4260590446788,-2.998716459260968e-17,4.052160530434614e-16
1198.4793237725962,1.0825177646087921e-16,5.212842231360507e-16
1198.532588208684,1.0773284146698448e-16,5.139548357165023e-16
1198.585852352948,9.127431662863379e-17,4.787703840833524e-16
1198.639116205392,1.2186081012888451e-16,5.104005655449581e-16
1198.692379766021,3.863558165342744e-17,4.516531858463959e-16
1198.7456430348404,1.980595239312183e-16,5.607632816237325e-16
1198.7989060118546,1.818108435486324e-16,5.787571679496958e-16
1198.852168697068,1.8462709540858583e-16,5.5160324240231125e-16
1198.9054310904862,1.04048074545282e-16,5.170626667488669e-16
1198.9586931921135,8.961242473230164e-17,5.106273995686077e-16
1199.0119550019544,9.230461241752656e-17,5.33157520097054e-16
1199.0652165200145,-1.1085092905642032e-16,2.5860041735768883e-16
1199.1184777462981,5.751302630358502e-17,4.6750751930505e-16
1199.17173868081,1.8913428526387868e-16,5.969861243130297e-16
1199.2249993235553,5.4759607099720314e-17,5.029963556490852e-16
1199.2782596745383,1.6538993809780557e-16,5.750329703975703e-16
1199.3315197337638,3.704744032949074e-16,7.402418260802569e-16
1199.3847795012373,4.2948962400121085e-16,7.86076731228015e-16
1199.4380389769628,5.260274547204299e-16,8.299020361388979e-16
1199.4912981609457,2.515412114551257e-16,6.08919150402461e-16
1199.5445570531904,1.5802114856067086e-16,5.210656303187098e-16
1199.597815653702,2.3812148328339877e-16,6.570225311334906e-16
1199.6510739624848,1.2662989837586146e-16,5.682441881929742e-16
1199.704331979544,1.0575159734151343e-16,5.478844200172774e-16
1199.7575897048844,1.8134509195313736e-16,6.115510917215742e-16
1199.810847138511,1.4520007706488866e-16,5.417995466120067e-16
1199.8641042804277,-5.4676354900377386e-17,3.765575745334237e-16
1199.91736113064,1.3658734942908075e-16,5.486558379804617e-16
1199.970617689153,3.208953137373921e-17,4.3566345205501045e-16
1200.0238739559709,6.876003428186562e-17,5.29422779579107e-16
1200.0771299310984,2.6963049103418335e-16,6.830632565338864e-16
1200.1303856145407,6.941113907289267e-17,5.374697048833006e-16
1200.1836410063024,6.427894669203824e-17,4.854335639588039e-16
1200.2368961063883,7.573331013127937e-17,5.748991716073632e-16
1200.2901509148037,2.5523074733303174e-16,6.500553238658484e-16
1200.3434054315524,1.0030104792978327e-16,5.40601472788931e-16
1200.39665965664,3.501017943252903e-16,7.371863714566918e-16
1200.4499135900708,2.830619620178083e-16,7.046271787794394e-16
1200.50316723185,1.8244360307180019e-16,6.314014316806574e-16
1200.556420581982,6.632378618731426e-17,4.988692517917809e-16
1200.6096736404718,1.9688105873796562e-16,6.703449452774676e-16
1200.6629264073242,5.363056753561142e-16,8.859383947114977e-16
1200.716178882544,5.088932074964008e-16,8.333647349638161e-16
1200.7694310661361,2.346088290836267e-16,6.216688658162775e-16
1200.8226829581051,4.48774827711648e-16,8.026911294899904e-16
1200.8759345584556,5.013281373714537e-16,8.667178179857783e-16
1200.929185867193,4.698832160323337e-16,8.032905376843997e-16
1200.9824368843215,2.2686435783382055e-16,6.54948819880704e-16
1201.035687609846,3.1693719551943975e-16,7.102139883203226e-16
1201.0889380437716,2.9531343074267037e-16,6.6803538654714e-16
1201.1421881861029,5.921280798535855e-16,8.651452173678534e-16
1201.1954380368445,8.756687896421099e-16,1.04926353489304e-15
1201.2486875960017,5.321365293026456e-16,8.655650776814502e-16
1201.3019368635785,2.572109983597707e-16,6.832611825473949e-16
1201.3551858395806,2.824495273500428e-16,6.920814140470117e-16
1201.408434524012,-2.507035676720639e-17,4.44955647654022e-16
1201.461682916878,2.629289309782908e-16,7.230921186477639e-16
1201.5149310181832,1.904215391050771e-16,6.8782563671657215e-16
1201.5681788279326,1.2549184926671758e-16,5.924266751572354e-16
1201.6214263461304,7.03747765634438e-17,5.443427574083986e-16
1201.6746735727818,6.62953096784286e-17,5.246142662007777e-16
1201.7279205078921,4.0737349105077295e-16,7.575732136871888e-16
1201.781167151465,1.4982379499660202e-16,5.584074592795511e-16
1201.8344135035063,5.90700617624683e-17,5.156783664899967e-16
1201.8876595640202,2.0264000519029137e-16,6.602817894237576e-16
1201.9409053330114,2.80953024154478e-16,6.86502395818183e-16
1201.9941508104853,1.4824912155539683e-16,5.728391343382009e-16
1202.0473959964463,3.3718531873415846e-16,7.461974922784472e-16
1202.1006408908986,2.0805662325221192e-16,6.720891370267268e-16
1202.1538854938483,1.0049531939808859e-17,5.128861987221459e-16
1202.2071298052992,1.289826163028095e-16,6.392795494260909e-16
1202.2603738252562,2.31268624491698e-16,7.110567616018739e-16
1202.3136175537245,6.231894521193948e-17,5.460784749172506e-16
1202.3668609907083,-3.9704187358592215e-17,4.649878162979592e-16
1202.420104136213,2.1947666927185156e-16,6.57281181083887e-16
1202.4733469902433,1.1984134838417302e-16,5.626743254778047e-16
1202.5265895528034,-7.010873854309503e-17,4.604695300648841e-16
1202.5798318238985,-2.6447490391891047e-17,4.540216539850837e-16
1202.6330738035338,2.192443202587219e-16,6.752356837001318e-16
1202.686315491713,2.636418147516731e-16,6.880246719458273e-16
1202.7395568884422,1.5086235838399082e-16,6.3859154548345075e-16
1202.7927979937251,3.1773132629637595e-16,7.804521299282383e-16
1202.846038807567,1.6706144965013014e-16,6.35634253328955e-16
1202.8992793299726,3.0985045441788476e-16,7.403092070733866e-16
1202.952519560947,3.210700738775439e-16,7.229432897205454e-16
1203.0057595004944,2.902547520740536e-16,7.014674536841028e-16
1203.0589991486197,2.806602723177352e-16,7.061443870016274e-16
1203.112238505328,4.149515064007625e-16,8.407493600695644e-16
1203.165477570624,2.480020411765577e-16,7.300034399032693e-16
1203.2187163445124,1.6501281094040595e-16,6.60023919852869e-16
1203.271954826998,4.444325732943186e-16,7.972057701658823e-16
1203.3251930180854,4.670781221342439e-16,8.264993356290951e-16
1203.3784309177795,2.6933389251583236e-16,6.87746015554173e-16
1203.4316685260856,2.6083654109381614e-16,6.95267723826303e-16
1203.4849058430077,3.117392090548286e-16,7.601447184654688e-16
1203.538142868551,2.264220015211689e-16,7.000396838009289e-16
1203.5913796027203,1.4317508856860344e-16,6.194104311271213e-16
1203.6446160455203,2.3176286313914775e-16,6.922849449444885e-16
1203.6978521969554,1.7860994494711742e-16,6.441663332817266e-16
1203.7510880570312,1.5114262075611832e-16,6.3614905388996805e-16
1203.8043236257517,2.4090825208479255e-16,6.860656014895874e-16
1203.8575589031223,3.0632137819929276e-16,7.71478179744104e-16
1203.9107938891475,2.6282714607679705e-16,7.622034314832508e-16
1203.964028583832,9.615273577641906e-17,7.019503233621623e-16
1204.0172629871809,7.493679203892002e-17,6.203689583889327e-16
1204.0704970991985,1.3067623159150208e-16,6.067015378564135e-16
1204.12373091989,3.1607934348037145e-16,7.374062369475534e-16
1204.1769644492597,2.850958505094535e-16,7.696281194109505e-16
1204.2301976873127,1.6883906797829141e-16,6.546031549509323e-16
1204.2834306340542,2.862049532818551e-16,7.471280267492122e-16
1204.3366632894883,1.0032217960543235e-17,6.142018803272741e-16
1204.38989565362,3.778922461213196e-17,6.438074666422201e-16
1204.4431277264546,9.348846156958976e-17,6.487335466321684e-16
1204.496359507996,1.555869882292222e-16,6.48529746333855e-16
1204.5495909982496,3.59217087240671e-16,7.902823488557167e-16
1204.6028221972197,1.9568689624337657e-16,6.831325968835765e-16
1204.6560531049115,1.2882068869945814e-16,6.492111095789087e-16
1204.70928372133,2.876875192790263e-16,7.293122862267686e-16
1204.7625140464793,5.08023434398651e-17,5.354968021566761e-16
1204.8157440803645,1.6079767391982664e-16,6.628294119364208e-16
1204.8689738229903,7.863051704109759e-17,6.080224327281322e-16
1204.9222032743617,1.0093020446498753e-16,6.32773930833352e-16
1204.9754324344833,-4.109525105780439e-17,5.125412047361063e-16
1205.0286613033597,3.5994369924825274e-17,5.605554294470341e-16
1205.0818898809964,1.6449724690317477e-16,6.581247634249536e-16
1205.1351181673974,2.729199997244788e-16,7.063173875953956e-16
1205.188346162568,2.0153544276245585e-16,6.590503251011789e-16
1205.2415738665125,1.0056183803783771e-16,5.785970346746882e-16
1205.2948012792363,2.1312369048731777e-16,6.750920650361834e-16
1205.3480284007433,2.381326095263422e-16,7.166756095044566e-16
1205.4012552310392,7.294911864441144e-17,5.909253575035296e-16
1205.4544817701283,1.593655803862983e-16,6.351190325411047e-16
1205.5077080180151,7.973321084032766e-17,5.693990800978776e-16
1205.560933974705,3.1959428487166806e-16,7.596470776897452e-16
1205.6141596402026,1.4036787383140301e-16,6.614722583801815e-16
1205.6673850145125,8.575787330561346e-17,6.076993236647027e-16
1205.7206100976396,2.650685832198682e-16,7.132093062600727e-16
1205.7738348895887,3.098717598706862e-16,6.776750640246031e-16
1205.8270593903644,4.408466752465235e-16,7.870065099432669e-16
1205.8802835999718,2.7502237391791353e-16,7.098701419289407e-16
1205.9335075184154,2.142471008684105e-16,6.993787883180614e-16
1205.9867311456999,2.60659050843042e-16,7.461349507283085e-16
1206.0399544818304,4.252272189320899e-17,5.795597845599287e-16
1206.0931775268114,1.9758130928562596e-16,7.100805807053508e-16
1206.146400280648,3.225703090685387e-16,7.761679454567973e-16
1206.1996227433447,1.0587955290874547e-16,6.160288537610309e-16
1206.252844914906,1.315031167904611e-16,6.503652757547809e-16
1206.3060667953375,5.4844267065943594e-17,6.123922221109416e-16
1206.3592883846432,4.027180049384332e-16,8.062646011802945e-16
1206.4125096828286,3.529007938178506e-16,7.137412354222441e-16
1206.4657306898978,1.694677923712143e-16,6.592449678919661e-16
1206.5189514058557,9.366729243680425e-17,5.961940653264611e-16
1206.5721718307075,2.008738068708474e-16,6.725811675070581e-16
1206.6253919644573,2.7877504661024523e-16,7.396887923492749e-16
1206.6786118071104,2.4534860810741746e-16,7.065967754843649e-16
1206.7318313586718,2.757957542233834e-16,7.511456082560868e-16
1206.7850506191457,1.0955243534495612e-16,6.194008834353731e-16
1206.838269588537,1.2401847797253436e-17,5.592294631406687e-16
1206.8914882668507,1.4301189518357987e-16,6.2972973480986e-16
1206.9447066540915,2.1008197146934186e-16,6.983099042432539e-16
1206.9979247502638,1.0698666702398348e-16,6.578872585375144e-16
1207.0511425553732,2.3601893077078384e-16,6.74723726955642e-16
1207.1043600694238,2.550471879949829e-16,6.941714507647436e-16
1207.1575772924205,9.102517532188366e-17,6.104224971158522e-16
1207.2107942243679,2.7595065439093756e-16,7.401414701605235e-16
1207.2640108652713,1.6776066652837737e-16,6.300209208714268e-16
1207.3172272151353,2.563168650619638e-16,7.170050422013476e-16
1207.3704432739642,2.175217283303935e-16,6.553550331721552e-16
1207.4236590417631,7.066197924378132e-17,6.078316088047277e-16
1207.4768745185372,1.6387735918791727e-16,6.513747514395172e-16
1207.5300897042905,1.697620143575833e-16,6.720575326856795e-16
1207.5833045990285,1.9020061537067886e-17,5.120599527556314e-16
1207.6365192027552,1.3226236672550612e-16,6.192025611471221e-16
1207.6897335154765,5.728044421909345e-17,5.982297357822615e-16
1207.742947537196,1.9312473533951e-16,7.173434944745353e-16
1207.7961612679187,1.68737326734604e-16,6.521678389664567e-16
