trappist-1/STIS/extracted_spectra/TRAPPIST-1_G140M_all_coadd2.ecsv
# %ECSV 0.9
# ---
# datatype:
# - name: WAVELENGTH
#   unit: Angstrom
#   datatype: float64
# - name: FLUX
#   unit: erg / (Angstrom cm2 s)
#   datatype: float64
# - name: ERROR
#   unit: erg / (Angstrom cm2 s)
#   datatype: float64
# delimiter: ','
# schema: astropy-2.0
WAVELENGTH,FLUX,ERROR
[from data line 248]
1207.5835022669587,-1.6396444584673967e-16,3.54602296840178e-20
1207.6367171134466,-1.4805994106503733e-16,3.539013860179894e-20
1207.689931668737,-1.3596226101499962e-16,3.66756220305185e-20
1207.7431459328338,-1.7022764960444957e-16,3.982848880788288e-20
1207.7963599057423,-2.6663949911564597e-16,4.27528511254067e-20
1207.8495735874671,-9.944064282330716e-17,4.36477189421031e-20
1207.9027869780132,-1.3633055098815378e-16,4.006652385460253e-20
1207.956000077385,-1.430274534624465e-16,3.946610809700219e-20
1208.0092128855877,-1.6029044747568206e-16,4.1379590824425607e-20
1208.0624254026259,-1.5556484974613302e-16,3.580296909923426e-20
1208.1156376285041,-1.776029334187065e-16,3.9321578904036065e-20
1208.1688495632275,-2.1784941102280413e-16,3.32675790433492e-20
1208.2220612068006,-2.244318073459455e-16,3.6256943165913816e-20
1208.2752725592286,-2.1026155892739626e-16,3.5615034313045483e-20
1208.3284836205157,-2.0514919589618754e-16,3.9471807245962135e-20
1208.381694390667,-1.461738537174951e-16,3.872631418319972e-20
1208.4349048696872,-1.4202345242844105e-16,3.8466820457097194e-20
1208.4881150575811,-1.9642585312577666e-16,3.601370014958277e-20
1208.5413249543537,-1.4064808257668465e-16,3.777977268450238e-20
1208.5945345600094,-1.583678471771187e-16,3.5340117754738974e-20
1208.6477438745533,-1.7379328127810353e-16,3.7847813490515805e-20
1208.7009528979897,-1.9833499686403961e-16,4.1540529803792677e-20
1208.754161630324,-1.7484243903972768e-16,3.7739354805130836e-20
1208.8073700715606,-1.9044728084616826e-16,3.4277989760123424e-20
1208.8605782217044,-1.9608795860211485e-16,3.7019986725379007e-20
1208.9137860807598,-1.6440724638112734e-16,3.732648106035413e-20
1208.9669936487326,-3.0304627414994237e-16,3.794521863062025e-20
1209.020200925626,-1.8047097362876985e-16,3.3764149160575174e-20
1209.0734079114463,-1.3015395028696606e-16,3.8688905114176925e-20
1209.1266146061973,-2.7153969958232643e-16,3.443613409088121e-20
1209.1798210098846,-1.6720452405024824e-16,3.849553688723282e-20
1209.233027122512,-1.3033979299384088e-16,3.790097590232314e-20
1209.2862329440852,-1.7612381367828088e-16,3.3072228838536025e-20
1209.3394384746082,-2.768370494218007e-16,3.120600490250622e-20
1209.392643714086,-1.9189774304680282e-16,3.637043352574273e-20
1209.445848662524,-8.369488391536066e-17,3.9014992689337363e-20
1209.4990533199264,-2.50644799325006e-16,3.439779111701272e-20
1209.5522576862975,-1.2779131870696117e-16,3.5825764202396195e-20
1209.6054617616433,-1.122805090303139e-16,3.2566696354765386e-20
1209.6586655459676,-1.6664275338813306e-16,3.1161895204251877e-20
1209.7118690392756,-1.6188438047185728e-16,3.4506405662493323e-20
1209.7650722415715,-2.139325624199062e-16,3.3168865174210484e-20
1209.8182751528611,-1.783439508387438e-16,3.455690561594316e-20
1209.8714777731484,-1.658363681289094e-16,3.392295658468595e-20
1209.924680102438,-1.6072911134379597e-16,3.8996368641591924e-20
1209.9778821407356,-1.0297510017688482e-16,4.709199101149129e-20
1210.0310838880453,-2.809941059117357e-16,3.6287781072487093e-20
1210.084285344372,-1.393891292471658e-16,3.257866996642359e-20
1210.1374865097202,-1.4206625787228308e-16,3.0574959537869815e-20
1210.1906873840953,-9.297631092769268e-17,3.7231712523573287e-20
1210.2438879675017,-1.0801337183035229e-16,4.087619651105446e-20
1210.297088259944,-1.3043227825766749e-16,3.628274824186862e-20
1210.3502882614275,-1.3163663648985774e-16,3.593693509265731e-20
1210.4034879719566,-9.648567507182207e-17,3.850582746237586e-20
1210.4566873915358,-1.270400954672827e-16,3.8304864238091844e-20
1210.5098865201703,-9.063694116349195e-17,3.8595193752960164e-20
1210.5630853578648,-9.637483438519098e-17,4.064473514484348e-20
1210.6162839046242,-1.4490204325577103e-16,3.5628409216365293e-20
1210.6694821604528,-2.0137767619024766e-16,3.5382196651503585e-20
1210.722680125356,-2.541365310189433e-16,3.836446986897507e-20
1210.775877799338,-1.184574585837893e-16,3.787743565543488e-20
1210.829075182404,-1.0035228192246528e-16,3.6717915872871676e-20
1210.8822722745588,-1.7730792215024345e-16,3.1917445110045214e-20
1210.9354690758066,-1.3689874678304837e-16,4.1419972923545907e-20
1210.988665586153,-1.4766955209897043e-16,4.268719958321707e-20
1211.041861805602,-1.742875611579364e-16,4.060978113859303e-20
1211.0950577341587,-1.6747108302778287e-16,3.7946586344704473e-20
1211.1482533718279,-1.4768662209055016e-16,3.326485880947341e-20
1211.2014487186143,-1.1200620515507449e-16,3.207871027363256e-20
1211.2546437745227,-1.644096863941559e-16,3.4486094302123787e-20
1211.3078385395581,-2.8801441843462407e-16,3.2387705432392046e-20
1211.3610330137249,-2.0197509690164215e-16,2.95803097203525e-20
1211.4142271970281,-1.945638340839552e-16,3.410792843572713e-20
1211.4674210894723,-1.7864319891258497e-16,3.7527704208910205e-20
1211.5206146910623,-1.7348637323946206e-16,4.51504209510281e-20
1211.5738080018032,-2.4526171623671805e-16,4.096083198485731e-20
1211.6270010216992,-2.0986721084425307e-16,4.165014246076809e-20
1211.6801937507557,-2.315153275562949e-16,3.795093391808053e-20
1211.7333861889767,-2.1822097789266993e-16,3.42329396504545e-20
1211.7865783363682,-9.51302559231907e-17,3.826484538057292e-20
1211.8397701929337,-1.1912622548467288e-16,3.8632912387544367e-20
1211.8929617586782,-1.4867232153748382e-16,3.677653140437932e-20
1211.9461530336073,-1.720980165365887e-16,3.441963466839206e-20
1211.9993440177248,-1.8012547388564205e-16,3.599653693025735e-20
1212.0525347110358,-1.417845795672134e-16,3.563878546486485e-20
1212.1057251135458,-2.1230113692925547e-16,3.2755580379822465e-20
1212.1589152252582,-1.6663382731603456e-16,3.3048273997542994e-20
1212.2121050461787,-1.3892303574034598e-16,3.3825449016831124e-20
1212.265294576312,-1.6603253677268525e-16,3.12364721195176e-20
1212.3184838156624,-2.6832189231542104e-16,3.205770062775965e-20
1212.3716727642352,-1.3984219537934908e-16,3.15955134429625e-20
1212.4248614220353,-1.9479656146565858e-16,3.1812962720507484e-20
1212.4780497890665,-1.4295333678503194e-16,3.494486154960311e-20
1212.5312378653346,-1.2991584923706861e-16,3.621777792486946e-20
1212.584425650844,-1.0523384269332973e-16,3.8020994319221017e-20
1212.6376131455993,-1.5173777367834782e-16,3.65830457587386e-20
1212.6908003496053,-1.0258883453191282e-16,3.3519075357700646e-20
1212.743987262867,-2.353581968168942e-16,3.231656106529375e-20
1212.797173885389,-1.499945662148415e-16,3.288323726452149e-20
1212.850360217176,-1.24456308568858e-16,3.6850958646913435e-20
1212.903546258233,-1.9114490407403866e-16,4.6885052531049963e-20
1212.9567320085648,-2.0797745377959475e-16,4.331433536586836e-20
1213.0099174681757,-1.1711316972158973e-16,4.358499249725922e-20
1213.0631026370709,-1.2891764929208738e-16,3.7688346139922136e-20
1213.1162875152552,-1.0998232622573881e-16,3.59803755645546e-20
1213.169472102733,-2.3840284882548977e-16,3.157134124178642e-20
1213.222656399509,-1.3790284558037612e-16,3.114927499231041e-20
1213.275840405589,-1.2613180850864982e-16,3.1598758238562203e-20
1213.3290241209763,-1.0320634064559114e-16,3.223577246420196e-20
1213.382207545677,-8.866675432255126e-17,3.2013903025489995e-20
1213.4353906796944,-1.03788812488222e-16,3.1086383616848115e-20
1213.4885735230348,-1.0901559869937406e-16,3.4054289570218484e-20
1213.541756075702,-2.254737993994334e-16,3.3540675338159563e-20
1213.5949383377013,-1.177394861640887e-16,3.8251216563870553e-20
1213.648120309037,-1.4346581491949394e-16,3.389810547017338e-20
1213.701301989714,-1.4548384459197737e-16,3.4831993118888393e-20
1213.7544833797374,-1.4409407734530506e-16,3.3144576543396127e-20
1213.8076644791113,-2.8136660700442066e-16,3.4017220364559535e-20
1213.8608452878414,-1.3298957805193057e-16,3.8080112532367075e-20
1213.9140258059315,-1.0749367366130107e-16,3.5941664635866626e-20
1213.967206033387,-1.2283284773274532e-16,3.543377053238877e-20
1214.0203859702124,-1.3969262366199776e-16,3.722807347023587e-20
1214.0735656164127,-9.60220375494782e-17,3.708885977050752e-20
1214.1267449719921,-1.0790586304243427e-16,3.76213614078789e-20
1214.179924036956,-1.632397369592847e-16,3.712410060856382e-20
1214.233102811309,-1.4942268243172737e-16,4.041159298299391e-20
1214.2862812950557,-2.2286563619209974e-16,4.7677674824724476e-20
1214.3394594882009,-1.0382658036656654e-16,4.842906674534236e-20
1214.3926373907495,-1.1215304509006926e-16,4.5474802287162586e-20
1214.4458150027062,-1.041268410622724e-16,4.2430256545871983e-20
1214.4989923240757,-9.633377349142838e-17,5.153522768934176e-20
1214.5521693548628,-1.1843191521249905e-16,5.3038699667075214e-20
1214.605346095072,-2.4360737819198697e-16,4.561945771609269e-20
1214.658522544709,-1.6760289457662271e-16,6.60136714966725e-20
1214.7116987037773,-2.96577472787965e-16,9.707558019217865e-20
1214.7648745722827,-7.414604053227303e-17,9.48784585799837e-20
1214.818050150229,-2.44692554744388e-16,1.5760166986483427e-19
1214.8712254376217,5.763895971612165e-18,1.1864347806984301e-17
1214.9244004344655,-5.744271809339569e-16,4.6893803426765306e-17
1214.977575140765,-8.286406747867064e-16,2.254567558826307e-17
1215.030749556525,4.479474175182703e-16,1.0811708320596612e-16
1215.08392368175,1.9170981195792037e-15,1.6299518077995907e-16
1215.1370975164452,1.0591013838312355e-15,1.4862659261333834e-16
1215.190271060615,4.2345207643683e-15,2.43594309582036e-16
1215.2434443142645,4.3296190382838754e-15,2.4926434885683966e-16
1215.2966172773984,2.794057219205932e-15,2.2312597745879057e-16
1215.3497899500212,1.7202265066344703e-15,2.0803927651740983e-16
1215.4029623321376,6.363454711865545e-16,1.8673069025527056e-16
1215.4561344237527,-4.893323238573699e-17,2.0443965691730588e-16
1215.5093062248711,-1.0172312923796787e-15,2.4734278181016947e-16
1215.5624777354979,-1.1954526438706169e-15,3.5052998007559255e-16
1215.6156489556372,-6.273813481474861e-16,4.3532445809224115e-16
1215.6688198852944,-1.4628558913195497e-15,3.9487256234780144e-16
1215.7219905244738,-4.3968223875559457e-16,3.080438018817961e-16
1215.77516087318,-8.281430825706732e-16,2.0120904519299228e-16
1215.8283309314186,1.6483207374441383e-16,1.6760276192073682e-16
1215.8815006991936,1.4597075110434529e-16,1.248582362844434e-16
1215.93467017651,-1.466129593328438e-16,1.1334943994197803e-16
1215.9878393633728,-4.1178384652418863e-16,1.1196053232429484e-19
1216.0410082597862,-3.0430163532193126e-16,3.9752278504372844e-17
1216.0941768657556,-2.806265051149539e-16,7.27668682968455e-20
1216.1473451812853,-2.794516193526394e-17,9.025397070871477e-20
1216.2005132063803,-8.067534854624133e-17,5.927131819608027e-20
1216.2536809410453,-7.098883422089008e-17,6.064987676168591e-20
1216.306848385285,-1.2921669474726165e-16,6.72561260344472e-20
1216.3600155391043,-8.349656972936156e-17,4.3918002979154587e-20
1216.4131824025076,-1.37789674091336e-16,5.449879338367676e-20
1216.4663489755,-6.713878064786859e-17,5.321723436878445e-20
1216.5195152580864,-1.7786781470002353e-16,4.279249680325771e-20
1216.572681250271,-1.0792653949074863e-16,4.4346994110411944e-20
1216.6258469520592,-9.272455551265204e-17,4.298493890613567e-20
1216.6790123634553,-4.679766478557623e-17,4.523434440942796e-20
1216.732177484464,-5.852924189817947e-17,4.6106925603572295e-20
1216.7853423150905,-1.5002901820117808e-16,4.421100997594597e-20
1216.8385068553391,-1.4361985199300095e-16,3.73895493040171e-20
1216.8916711052152,-1.1999314631246014e-16,3.892847574823899e-20
1216.9448350647228,-7.724035256534478e-17,5.182682383598924e-20
1216.997998733867,-7.835826718363082e-17,4.8685789802673284e-20
1217.0511621126525,-6.362290170964531e-17,4.3991453291633974e-20
1217.1043252010845,-1.5816581311419042e-16,3.89596423516323e-20
1217.157487999167,-2.82365519868764e-16,4.554020290808928e-20
1217.2106505069053,-5.515382622362249e-17,3.8771006387602625e-20
1217.2638127243042,-1.111376722598632e-16,3.036038685736794e-20
1217.3169746513674,-1.0124074365525367e-16,3.114878028006305e-20
1217.3701362881013,-1.3177240664091956e-16,3.451481652851151e-20
1217.4232976345097,-1.2082703245645964e-16,3.377283188381583e-20
1217.4764586905974,-1.1809688179576916e-16,3.317661295172618e-20
1217.5296194563691,-8.857985901339008e-17,3.8591434884866236e-20
1217.5827799318301,-1.6961602928003641e-16,3.372286635081991e-20
1217.6359401169846,-1.3183856978918126e-16,3.134072983045356e-20
1217.6891000118374,-1.3874917527012386e-16,3.2205325204152404e-20
1217.7422596163933,-1.395758407684904e-16,2.96801845018968e-20
1217.7954189306574,-1.1285690183039587e-16,3.447457928428712e-20
1217.848577954634,-9.853261414220193e-17,3.506684107339833e-20
1217.9017366883286,-9.156401957359412e-17,3.4724609291426113e-20
1217.954895131745,-1.2118584981021696e-16,3.074146620613713e-20
1218.008053284888,-1.3232798647992723e-16,2.8667001373750705e-20
1218.0612111477633,-1.1986175819826017e-16,3.3402125483785025e-20
1218.1143687203748,-1.658174341642715e-16,3.114073213874147e-20
1218.1675260027275,-2.2944647375334645e-16,3.1905019551950436e-20
1218.2206829948261,-1.9037961436103748e-16,3.336811988170426e-20
1218.2738396966759,-1.3816314929294918e-16,3.517624115343045e-20
1218.3269961082808,-1.2875959958848528e-16,3.4594565883266255e-20
1218.380152229646,-1.6816038628624555e-16,2.8813478167378486e-20
1218.4333080607764,-1.4870810047909845e-16,3.007187576920267e-20
1218.4864636016764,-1.5606573422674022e-16,3.112046442511172e-20
1218.539618852351,-1.878824796225786e-16,2.839594130678896e-20
1218.5927738128046,-1.7955348144590827e-16,2.86508822401866e-20
1218.6459284830423,-1.8063731207904987e-16,2.8048198266253864e-20
1218.699082863069,-1.5630137124366303e-16,2.9589016287908736e-20
1218.7522369528892,-1.259350245676845e-16,2.9772601876512494e-20
1218.8053907525075,-1.4147510358053032e-16,3.266484099748653e-20
1218.858544261929,-1.691829614284152e-16,3.119938732665116e-20
1218.9116974811582,-1.2457937133174503e-16,3.118145640474992e-20
1218.9648504101997,-1.3417288849427135e-16,2.9402413301457494e-20
1219.018003049059,-1.8364758325467217e-16,3.1853800209128005e-20
1219.07115539774,-1.8780938100751727e-16,2.827864753996247e-20
1219.1243074562478,-1.344994265002062e-16,2.811796507016156e-20
1219.1774592245872,-1.0748368740145702e-16,2.869903594804816e-20
1219.2306107027628,-1.7225276852308289e-16,3.118141447466175e-20
1219.2837618907795,-9.580370710639954e-17,3.0807948633169165e-20
1219.3369127886422,-8.299460031006723e-17,3.421273192961893e-20
1219.3900633963551,-7.351260480874932e-17,3.253413201135259e-20
1219.4432137139238,-9.619591941656752e-17,3.404909648485921e-20
1219.4963637413523,-7.468373534452246e-17,3.2063005579404684e-20
1219.5495134786456,-1.1281985223275836e-16,2.9200885431294854e-20
1219.6026629258083,-9.008644416906098e-17,2.834604388041859e-20
1219.6558120828456,-9.113423336406789e-17,2.900638395380603e-20
1219.7089609497618,-9.44520003950765e-17,2.969796079578225e-20
1219.762109526562,-7.416137871198742e-17,2.851949940215848e-20
1219.8152578132504,-7.737580610825521e-17,2.76961768967374e-20
1219.8684058098324,-9.805877109981708e-17,2.758927196588736e-20
1219.9215535163123,-8.331270668430257e-17,2.987613061267937e-20
1219.9747009326952,-8.4024357486271e-17,2.974161819337332e-20
1220.0278480589857,-9.925205524738759e-17,2.75572399384835e-20
1220.0809948951883,-9.943158074158561e-17,2.74543013171263e-20
1220.134141441308,-1.395346883997956e-16,2.4223526413480045e-20
1220.1872876973496,-1.1503422741276576e-16,2.5578961352114173e-20
1220.2404336633178,-7.97628908129825e-17,2.72928603504605e-20
1220.293579339217,-9.975090378189512e-17,2.877071112930211e-20
1220.3467247250528,-6.563712129041076e-17,3.1234534765400416e-20
1220.399869820829,-1.0190975511175597e-16,2.718841396072522e-20
1220.4530146265508,-1.1454729087358605e-16,2.8108585753999234e-20
1220.5061591422232,-1.2995968990370257e-16,3.090282350731016e-20
1220.5593033678506,-9.456027856037606e-17,3.0152575419855334e-20
1220.6124473034376,-1.4573741125086282e-16,2.767412941785696e-20
1220.6655909489893,-1.372343829745871e-16,2.76052835174e-20
