trappist-1/STIS/extracted_spectra/TRAPPIST-1_G140M_all_coadd.ecsv
# %ECSV 0.9
# ---
# datatype:
# - name: WAVELENGTH
#   unit: Angstrom
#   datatype: float64
# - name: FLUX
#   unit: erg / (Angstrom cm2 s)
#   datatype: float64
# - name: ERROR
#   unit: erg / (Angstrom cm2 s)
#   datatype: float64
# delimiter: ','
# schema: astropy-2.0
WAVELENGTH,FLUX,ERROR
[from data line 742]
1233.8359777584733,-4.2974704830792814e-17,5.99714056390946e-17
1233.8890491839384,-4.181788837933508e-17,6.385147095977142e-17
1233.94212032074,-9.148331009600926e-17,1.543380438636712e-16
1233.9951911688831,-6.227039582723567e-17,1.0951322416207697e-16
1234.0482617283722,-4.938225869521716e-17,9.139860736692748e-17
1234.1013319992117,-3.8953075894074105e-17,7.195906527386552e-17
1234.1544019814064,-4.8039801068255e-17,1.1156656590407765e-16
1234.2074716749612,-4.3283970269147204e-17,8.159477326642409e-17
1234.2605410798808,-3.996292074801361e-17,7.738101016874793e-17
1234.31361019617,-4.7144734841822595e-17,9.263957483376768e-17
1234.3666790238333,-3.231982007475016e-17,5.183212831473798e-17
1234.4197475628755,-3.409289094190396e-17,7.561586092850847e-17
1234.4728158133014,-2.882290279367503e-17,5.243469536651381e-17
1234.5258837751153,-5.349007203754507e-17,1.0734907032251313e-16
1234.5789514483226,-4.578665986728975e-17,1.0261618238119974e-16
1234.6320188329275,-3.6475626633897134e-17,8.4833543783051e-17
1234.6850859289348,-5.925413654398284e-17,1.2855633854109788e-16
1234.738152736349,-4.040282343910308e-17,8.099929683098239e-17
1234.7912192551753,-6.008519980648596e-17,1.1350511442524034e-16
1234.8442854854181,-4.587245378723106e-17,7.614239785091969e-17
1234.8973514270824,-5.694514635681432e-17,1.0927071667711055e-16
1234.9504170801724,-4.5840985448646666e-17,1.0062359164827009e-16
1235.0034824446934,-3.065821975412161e-17,5.463236716342076e-17
1235.0565475206492,-5.15403011182208e-17,1.0229496747339755e-16
1235.1096123080454,-3.8213504164145455e-17,7.624255489177415e-17
1235.1626768068866,-4.0364702820586276e-17,9.087149564380813e-17
1235.2157410171772,-3.108578716384641e-17,7.230202028673976e-17
1235.2688049389221,-2.864639091969509e-17,6.617925236524589e-17
1235.3218685721258,-3.998664416661734e-17,8.365415108003393e-17
1235.374931916793,-3.3452156300541683e-17,8.07527513048747e-17
1235.427994972929,-3.4282170563017427e-17,7.359421752603829e-17
1235.4810577405376,-3.7426470874233805e-17,7.520991926442544e-17
1235.534120219624,-3.791534250960325e-17,6.106470368709545e-17
1235.587182410193,-5.5198687622697654e-17,9.587258215425804e-17
1235.640244312249,-2.2267945032114253e-17,5.087501457673604e-17
1235.6933059257972,-4.988830985272842e-17,1.17785187994077e-16
1235.7463672508418,-3.54594763689303e-17,7.5901166682026e-17
1235.7994282873874,-5.0023950388974784e-17,9.476764360017537e-17
1235.8524890354395,-2.7791525315897544e-17,6.146161389650461e-17
1235.905549495002,-3.6868508620828586e-17,6.968857310320795e-17
1235.9586096660798,-4.24081134125227e-17,1.0079742752235112e-16
1236.011669548678,-2.442436133158115e-17,5.291159692383349e-17
1236.0647291428008,-3.5391179130884624e-17,8.873518094922856e-17
1236.1177884484532,-3.8327231051474196e-17,9.691427917092337e-17
1236.1708474656398,-2.853555843488011e-17,6.50866361251807e-17
1236.2239061943653,-1.389301724963603e-17,2.8547421307319156e-17
1236.2769646346346,-3.586303406776384e-17,7.954282744417032e-17
1236.3300227864522,-4.426692734863103e-17,9.966974807616297e-17
1236.3830806498224,-4.7719438041251277e-17,1.0941254002659584e-16
1236.436138224751,-2.908116189401753e-17,6.459730296005118e-17
1236.4891955112416,-3.6213514246500626e-17,7.218659363065254e-17
1236.5422525092995,-5.667120388082352e-17,1.0990904464102872e-16
1236.5953092189293,-3.703092236632729e-17,9.703279764809838e-17
1236.6483656401356,-2.6958458522750468e-17,6.66197563501141e-17
1236.7014217729231,-1.555362630619981e-17,4.1457726496703123e-17
1236.7544776172965,-3.1536940388949705e-17,7.139675419473307e-17
1236.8075331732607,-3.6213086078937454e-17,8.34340224614048e-17
1236.8605884408205,-4.565908093437271e-17,9.774201698082233e-17
1236.9136434199802,-2.336021940344251e-17,6.441856640801538e-17
1236.9666981107446,-2.61349588109471e-17,7.549967812348014e-17
1237.0197525131184,-3.340854312912727e-17,6.861035024781912e-17
1237.0728066271067,-4.170999008741903e-17,8.717470981261854e-17
1237.1258604527134,-2.880212158842682e-17,9.023431488385342e-17
1237.178913989944,-3.4131890963353885e-17,7.653037829448117e-17
1237.231967238803,-3.8520748470997126e-17,8.820107618162178e-17
1237.2850201992949,-4.22464631486825e-17,1.0636574417911766e-16
1237.3380728714244,-4.776509657811281e-17,1.1148994880174116e-16
1237.3911252551964,-1.8097212254031787e-17,6.026908435622252e-17
1237.4441773506157,-2.8704424394552665e-17,6.748758439482413e-17
1237.4972291576864,-3.9621523100540893e-17,9.200175702842555e-17
1237.5502806764139,-4.160604072039903e-17,9.385185563827663e-17
1237.6033319068024,-1.6964771188078117e-17,3.1710235523544786e-17
1237.6563828488568,-2.5914484423131635e-17,6.893475482630417e-17
1237.709433502582,-3.560303691597297e-17,7.919483183802585e-17
1237.7624838679824,-2.901869381908838e-17,6.471095859206288e-17
1237.815533945063,-1.4887269743034574e-17,4.3990142967515543e-17
1237.868583733828,-1.225352292543344e-17,5.467081494158802e-17
1237.9216332342826,-2.2109809390177644e-17,6.554200973181921e-17
1237.9746824464314,-4.092811760452898e-17,9.187462665073076e-17
1238.0277313702788,-5.2149674241248724e-17,1.110670206973098e-16
1238.0807800058296,-3.569880067805406e-17,7.849735710063283e-17
1238.133828353089,-3.809293010369388e-17,8.380395203072287e-17
1238.186876412061,-4.1767201196131903e-17,9.378765394056061e-17
1238.239924182751,-5.2747787089684463e-17,1.001619093006237e-16
1238.292971665163,-4.313599278366717e-17,1.104676276219337e-16
1238.3460188593024,-2.958829868938308e-17,7.264447035168388e-17
1238.3990657651732,-9.913032596789266e-18,4.568632138224308e-17
1238.4521123827801,-3.0485617386246224e-17,7.846186601427731e-17
1238.5051587121286,-3.7745831106553036e-17,8.500153504738739e-17
1238.5582047532228,-1.4611928942355405e-17,5.3845287343810736e-17
1238.611250506067,-1.5226309069276428e-17,5.557060166988827e-17
1238.6642959706671,-5.039446969035858e-18,3.064697499213677e-17
1238.7173411470271,-6.5912044863515856e-18,2.2535390244894293e-17
1238.7703860351514,-2.1618459941696678e-17,5.931851674265009e-17
1238.823430635045,-1.489153814300842e-17,4.8883312952132904e-17
1238.8764749467127,-2.206018907276332e-17,5.673239698143412e-17
1238.929518970159,-2.855519404994701e-17,8.316965852218094e-17
1238.982562705389,-2.3933534317824252e-17,7.787900108204056e-17
1239.035606152407,-1.5073465504810803e-17,6.474881282825267e-17
1239.0886493112175,-1.5504146741358545e-17,6.914749587670576e-17
1239.1416921818259,-1.0258343192210381e-17,4.059676971396038e-17
1239.194734764236,-1.0198642958091245e-17,4.3491637008075467e-17
1239.2477770584535,-9.611911463591389e-18,4.231737200404066e-17
1239.300819064482,-2.692691088722805e-17,6.628411052214139e-17
1239.3538607823273,-1.422862676713284e-17,5.2374371637564105e-17
1239.4069022119934,-4.62899807296197e-18,2.91040533153947e-17
1239.4599433534854,-1.0695723675602135e-17,4.2742025287057514e-17
1239.5129842068075,-2.3110172870501067e-17,6.831827639017744e-17
1239.5660247719645,-2.5749598749877284e-17,5.648712894303734e-17
1239.6190650489618,-1.3286471914042922e-17,3.776086809238495e-17
1239.672105037803,-2.3024410154818384e-17,5.647302190547054e-17
1239.7251447384938,-2.8081017655912627e-17,7.238728425259052e-17
1239.7781841510384,-2.016742113146879e-17,7.935824356576802e-17
1239.8312232754415,-3.026375286550621e-17,9.299633748005242e-17
1239.8842621117078,-3.216519644143009e-17,8.786897059202726e-17
1239.937300659842,-2.0204359974149837e-17,6.171197546548336e-17
1239.990338919849,-3.1116623774277526e-17,7.782473512352169e-17
1240.0433768917333,-3.345262256721823e-17,8.401868871485415e-17
1240.0964145754997,-2.6346282876199082e-17,7.482084136869317e-17
1240.1494519711525,-3.202553073269341e-17,6.928591163266411e-17
1240.202489078697,-2.5717567644328317e-17,7.153178805805324e-17
1240.2555258981374,-2.7184910110149276e-17,6.584603947783163e-17
1240.3085624294788,-1.871973387146958e-17,6.027453658060586e-17
1240.3615986727257,-2.1307612647781877e-17,6.302080182384065e-17
1240.4146346278826,-1.5534785129857538e-17,5.79363014424091e-17
1240.4676702949548,-2.4655677765021705e-17,6.428210544905154e-17
1240.5207056739464,-1.0846947320085669e-17,4.331453312004203e-17
1240.5737407648624,-1.9806864630848277e-17,5.300439523704594e-17
1240.6267755677072,-1.360194833425404e-17,4.366288867907032e-17
1240.6798100824858,-5.496024948560344e-18,4.719130114595855e-17
1240.7328443092024,-7.62584294046731e-18,6.819720051466772e-17
1240.7858782478625,-1.689817523051534e-17,6.835684140485434e-17
1240.83891189847,-7.560009559142802e-18,4.2224430506074814e-17
1240.8919452610303,-6.521875964947917e-18,5.086049826455756e-17
1240.9449783355476,-2.096658189099341e-17,6.609546939372129e-17
1240.9980111220266,-1.675922794698762e-17,5.436453873002073e-17
1241.0510436204725,-7.840631626706107e-18,4.2827310877127096e-17
1241.1040758308895,-1.3561603531669683e-17,4.060050391193515e-17
1241.1571077532822,-3.4348354654221096e-17,7.761861139702698e-17
1241.2101393876555,-3.233889211734258e-17,7.889777138571777e-17
1241.2631707340145,-2.061526343879813e-17,6.230963257816564e-17
1241.316201792363,-1.0275184703278684e-17,4.80716488664102e-17
1241.3692325627064,-1.575786988128695e-17,4.6870999843065364e-17
1241.422263045049,-7.758239219499746e-18,3.568889584868099e-17
1241.4752932393963,-6.57768013182522e-18,3.401095769554678e-17
1241.528323145752,-9.6481102321902e-18,2.9634408327926014e-17
1241.5813527641208,-1.920937428160889e-17,4.678758670903667e-17
1241.6343820945083,-2.6263184924566843e-17,5.5351341357734957e-17
1241.6874111369182,-7.671962344396808e-18,3.4030218787584463e-17
1241.7404398913557,-2.934195651871183e-17,6.600189470820393e-17
1241.7934683578255,-1.5202376247254286e-17,4.5100426227652057e-17
1241.8464965363323,-2.0296156168154815e-17,5.561759208009886e-17
1241.8995244268808,-2.4604400202099574e-17,6.469519813519305e-17
1241.9525520294756,-1.627077632539872e-17,6.313370637693249e-17
1242.005579344121,-1.687039659511634e-17,4.3051745710313684e-17
1242.0586063708222,-1.582051791418157e-17,4.394611228362457e-17
1242.1116331095839,-8.968386709539081e-18,4.187112401273424e-17
1242.1646595604107,-2.1089190226882543e-17,5.659233791898722e-17
1242.217685723307,-1.4821299578484064e-17,5.0250360356405113e-17
1242.270711598278,-1.3373329882316472e-17,5.0621304778167786e-17
1242.3237371853281,-9.805390584552239e-18,4.019581461044899e-17
1242.376762484462,-1.4540825021017082e-17,5.1255163167008885e-17
1242.4297874956844,-1.8237588937982738e-17,4.9701959392519415e-17
1242.482812219,-2.585255623079845e-17,5.4233878837795325e-17
1242.5358366544135,-2.4732620723305633e-17,4.742869271464482e-17
1242.5888608019295,-1.5293541252062182e-17,3.6181439553708583e-17
1242.641884661553,-1.3961888709769405e-17,2.440394019114796e-17
1242.694908233288,-1.9361891472017266e-17,4.782952083281861e-17
1242.74793151714,-1.456743567733101e-17,4.5966824586616575e-17
1242.8009545131133,-1.4310646938327713e-17,4.6538091561520006e-17
1242.8539772212125,-9.278899442598227e-18,3.385732325968307e-17
1242.9069996414426,-1.3796604288656379e-17,4.06338434386845e-17
1242.9600217738077,-8.601444100654138e-18,3.2619968123503525e-17
1243.0130436183133,-9.287028624907167e-18,3.718497230230218e-17
1243.0660651749638,-8.079000463230782e-18,2.8788463494370555e-17
1243.1190864437635,-1.0132022527235409e-17,2.989520730840411e-17
1243.1721074247175,-9.71908719853427e-18,3.339088990159865e-17
1243.22512811783,-1.9447560754736476e-17,3.9378691612963685e-17
1243.2781485231064,-2.0929722089496728e-17,3.545228850912458e-17
1243.331168640551,-2.440432302620499e-17,4.8067458762462183e-17
1243.3841884701683,-1.5115442810141802e-17,3.5053886409890785e-17
1243.437208011963,-1.292718484582477e-17,2.9155210608852764e-17
1243.4902272659403,-8.538760534584458e-18,2.5865847862572817e-17
1243.5432462321046,-1.0457710893747941e-17,2.769529629820072e-17
1243.5962649104604,-1.6467255533393235e-17,3.547637935675875e-17
1243.649283301013,-2.209287017839239e-17,3.668276225648134e-17
1243.7023014037661,-2.434321848829587e-17,4.669018852915022e-17
1243.755319218725,-1.7462411193437063e-17,3.748059132118073e-17
1243.8083367458944,-1.5501278684434424e-17,2.4721081308495978e-17
1243.8613539852788,-1.6978318029886352e-17,2.863700293005387e-17
1243.9143709368832,-1.785163751741747e-17,3.0235343764912293e-17
1243.9673876007116,-2.100048008134797e-17,3.457459767874592e-17
1244.0204039767696,-1.8272416078532832e-17,3.488596367377052e-17
1244.0734200650613,-1.5762667408703697e-17,2.483006393126906e-17
1244.1264358655915,-1.535931451171786e-17,2.3109367537213984e-17
1244.179451378365,-2.0981216460967042e-17,3.112220099311397e-17
1244.2324666033862,-1.906826750097596e-17,3.080679839248387e-17
1244.28548154066,-2.455510431851451e-17,3.9960094062088814e-17
1244.3384961901913,-2.466454864385808e-17,3.7124187079879624e-17
1244.391510551984,-1.8765871890899817e-17,2.7030605722611116e-17
1244.4445246260439,-2.5676607150076426e-17,3.488116227288275e-17
1244.497538412375,-3.0592235050304575e-17,4.245579502758259e-17
1244.550551910982,-2.566792377034423e-17,4.1775462459515007e-17
1244.60356512187,-2.046244965895404e-17,3.402978667798936e-17
1244.6565780450428,-2.8962392940882065e-17,4.255493166806259e-17
1244.709590680506,-2.6676612475036888e-17,3.518877840427248e-17
1244.7626030282638,-2.4012836416932026e-17,3.188482994398722e-17
1244.8156150883212,-2.4639643882730908e-17,3.580391740883883e-17
1244.8686268606825,-3.08247714599065e-17,4.6425475910649145e-17
1244.9216383453527,-2.3586320485260756e-17,3.4571205789322825e-17
1244.9746495423362,-2.6893209917741045e-17,3.5474410336951466e-17
1245.0276604516382,-2.519249430970923e-17,3.3291950610528896e-17
1245.080671073263,-2.542394303909361e-17,3.8898340210248994e-17
1245.1336814072151,-2.6490022966603305e-17,3.842353714539047e-17
1245.1866914534996,-2.7295542315722523e-17,3.236833260221622e-17
1245.2397012121207,-2.4824883407929713e-17,2.8056312586623317e-17
1245.2927106830837,-2.551220564966866e-17,3.3380560838600025e-17
1245.345719866393,-2.804652183372368e-17,3.6901657514050084e-17
1245.398728762053,-3.503653170924555e-17,4.362997701464662e-17
1245.4517373700685,-3.272248539812314e-17,4.1874386098702643e-17
1245.5047456904447,-2.776449615988869e-17,3.6991418794714443e-17
1245.5577537231857,-3.337048835164417e-17,4.5969227305212975e-17
1245.6107614682962,-3.3693807929772275e-17,4.694347086292462e-17
1245.6637689257811,-3.467716292774886e-17,4.37373342580127e-17
1245.7167760956452,-3.482496853421959e-17,4.591740357463359e-17
1245.769782977893,-3.210614029463635e-17,4.1410571132455386e-17
1245.8227895725292,-2.655811948215246e-17,3.087036592581951e-17
1245.8757958795586,-3.088156107781038e-17,4.4015113202593496e-17
1245.9288018989857,-3.0729682755180557e-17,4.948341639222969e-17
1245.981807630815,-3.6336886264235083e-17,4.6858716889658744e-17
1246.0348130750517,-3.912493324010082e-17,5.01359486860195e-17
1246.0878182316999,-3.507370833856721e-17,4.3887098434328275e-17
1246.140823100765,-3.216927945402359e-17,4.175162770868848e-17
1246.193827682251,-3.4666335397795726e-17,3.867807019030416e-17
1246.2468319761626,-3.485161097563453e-17,3.708694567824859e-17
1246.299835982505,-3.2493959305709997e-17,4.354870053867976e-17
1246.3528397012826,-3.584358548076603e-17,5.030972341656125e-17
1246.4058431325002,-5.030414491080613e-17,6.720976582175099e-17
1246.4588462761624,-4.5834646538234157e-17,6.089747730832397e-17
1246.5118491322737,-3.7453465058686286e-17,4.9322367710614946e-17
1246.564851700839,-3.824516118557394e-17,4.911481268373622e-17
1246.617853981863,-4.4346668148205827e-17,6.072297779861274e-17
1246.67085597535,-4.8414611226706764e-17,7.182502564757987e-17
1246.723857681305,-5.210674261438739e-17,7.297558683074573e-17
1246.7768590997327,-4.7562115782153533e-17,5.388861679389783e-17
1246.829860230638,-5.074748165305532e-17,5.635377513755399e-17
1246.8828610740252,-3.706373459176913e-17,4.29119892406245e-17
1246.935861629899,-3.4556762724104405e-17,3.667012492374071e-17
