trappist-1/STIS/extracted_spectra/TRAPPIST-1_G140M_all_coadd2.ecsv
# %ECSV 0.9
# ---
# datatype:
# - name: WAVELENGTH
#   unit: Angstrom
#   datatype: float64
# - name: FLUX
#   unit: erg / (Angstrom cm2 s)
#   datatype: float64
# - name: ERROR
#   unit: erg / (Angstrom cm2 s)
#   datatype: float64
# delimiter: ','
# schema: astropy-2.0
WAVELENGTH,FLUX,ERROR
1194.37721698802,-1.833916440485774e-16,2.5202795376958417e-20
1194.4305041995433,-1.7901713199101087e-16,2.5359262925815004e-20
1194.483791118679,-1.7721208561486587e-16,2.6404886579197337e-20
1194.5370777454316,-1.7327664184066406e-16,2.759147715170851e-20
1194.5903640798065,-1.4778437633074495e-16,2.6498475354568386e-20
1194.6436501218082,-1.5632977462487717e-16,2.755954299424868e-20
1194.6969358714418,-9.990377533124539e-17,3.102219228454872e-20
1194.7502213287116,-4.419407923641826e-17,3.275252262088243e-20
1194.8035064936228,6.885555462744444e-18,3.340808504260607e-20
1194.8567913661802,-1.1908521355899776e-17,3.527899601910114e-20
1194.9100759463888,5.393978104809638e-17,3.5698533321238025e-20
1194.9633602342526,1.2336727674692366e-17,3.5464030684745486e-20
1195.0166442297775,-3.767849044979061e-17,3.3962289026497084e-20
1195.0699279329672,9.498111116383381e-17,3.5629449060503436e-20
1195.1232113438275,5.466489895164314e-17,3.531774432321802e-20
1195.1764944623628,-7.870004462197442e-18,3.505522445734489e-20
1195.2297772885777,-1.5943231044762546e-17,3.5102347539159876e-20
1195.2830598224775,-8.328050287637745e-17,3.3502287168072685e-20
1195.3363420640667,1.9689882634495372e-17,3.727269333918778e-20
1195.3896240133497,4.550881445500224e-17,3.686232436534535e-20
1195.442905670332,-6.488980751656192e-17,3.591268228701023e-20
1195.4961870350182,2.3475898562725737e-17,3.612137465693433e-20
1195.549468107413,8.333651202809855e-17,3.788382180242095e-20
1195.6027488875216,-4.561060902656115e-18,3.5036404831283495e-20
1195.6560293753482,2.0948767018989037e-17,3.2117295197282246e-20
1195.709309570898,-7.800716312534729e-17,3.317940293928408e-20
1195.7625894741757,-3.8670919641386006e-18,3.332559568304437e-20
1195.815869085186,3.951703117721107e-17,3.387282491000199e-20
1195.8691484039339,-5.501407880500057e-17,3.2856686015230765e-20
1195.9224274304242,-4.489552648316257e-17,3.398122150624368e-20
1195.9757061646617,3.059437463859299e-17,3.7576199229392057e-20
1196.028984606651,-3.895749488850615e-17,3.861712063855651e-20
1196.082262756397,-5.872085187734499e-17,3.713801182926449e-20
1196.135540613905,3.7568081725508615e-17,3.650167540516426e-20
1196.1888181791792,1.8367229304772154e-17,3.5864690743071636e-20
1196.2420954522245,-4.2937591837088525e-17,3.360861578814987e-20
1196.2953724330455,1.1385643602724188e-17,3.56929010940706e-20
1196.348649121648,-6.339191480048541e-17,3.72918565628621e-20
1196.4019255180358,1.0564554627622178e-17,3.759748444427303e-20
1196.455201622214,6.268166786424952e-18,3.781619281596222e-20
1196.5084774341872,-5.219394769235193e-18,3.626890873314375e-20
1196.5617529539609,-9.596505286993416e-18,3.4798704199968067e-20
1196.615028181539,2.8453558721829562e-18,3.9828962074092326e-20
1196.668303116927,1.2923394370624237e-17,3.9847062079229314e-20
1196.7215777601295,-2.640263341856801e-17,3.4454638335385285e-20
1196.7748521111512,-6.142690204470715e-17,3.5824322068428696e-20
1196.828126169997,-7.161680596335028e-17,3.5272017530319386e-20
1196.8813999366716,-5.860323211493014e-17,3.523545133817411e-20
1196.9346734111803,-2.7460817527846433e-17,3.671634315138487e-20
1196.987946593527,-5.635472700110656e-17,3.4797927741842953e-20
1197.0412194837172,-7.403876891233987e-17,3.185862613063616e-20
1197.0944920817556,-8.530086102075745e-17,3.3929436078312515e-20
1197.147764387647,-6.135687101048512e-17,3.705887694256984e-20
1197.2010364013959,-2.963665621937167e-17,3.759124446426792e-20
1197.2543081230076,-4.8382399933077234e-17,3.659538350226872e-20
1197.3075795524862,-7.434396567101494e-17,3.612084491368187e-20
1197.3608506898372,-4.0175815783287235e-17,3.432890024633022e-20
1197.4141215350653,-1.0517624648489954e-16,3.468196650473419e-20
1197.467392088175,-1.1071427824244341e-16,3.557700613195673e-20
1197.5206623491713,-4.958066964830802e-17,3.400176048278314e-20
1197.5739323180592,-7.575775004361973e-17,3.594686788925444e-20
1197.6272019948428,-5.133053199684537e-17,4.0567158589412683e-20
1197.6804713795277,-6.827585687571423e-17,3.7975713653844195e-20
1197.7337404721184,-6.071311688079588e-17,3.490049990537309e-20
1197.7870092726196,-6.43652896562644e-17,3.481764419198872e-20
1197.8402777810363,-5.93275322342063e-17,3.730342996088042e-20
1197.893545997373,-9.53126448085499e-17,3.608780966941271e-20
1197.9468139216349,-1.06258948223667e-16,3.4806117662486317e-20
1198.0000815538265,-1.1565894028259372e-16,3.4900320152561506e-20
1198.0533488939527,-1.3308053898626698e-16,3.424779096603289e-20
1198.1066159420184,-1.0646237122313416e-16,3.436018842831099e-20
1198.1598826980282,-9.737493713498399e-17,3.26394747388079e-20
1198.2131491619873,-8.214455204105188e-17,3.478813555568395e-20
1198.2664153338999,-5.924529021262335e-17,3.579450828284507e-20
1198.3196812137714,-8.288033080086162e-17,3.380297969576672e-20
1198.3729468016063,-1.132082871482895e-16,3.169580393599356e-20
1198.4262120974092,-1.5921115526985277e-16,3.271560226978341e-20
1198.4794771011852,-1.439729127398032e-16,3.390205408303685e-20
1198.5327418129393,-1.3451110250229856e-16,3.3616673682126885e-20
1198.5860062326758,-1.5234196961721436e-16,3.48311159735698e-20
1198.6392703604,-1.0335439003062978e-16,3.423195955758578e-20
1198.692534196116,-1.0205752488788371e-16,3.4512765380600873e-20
1198.7457977398296,-1.1001403667778326e-16,3.7026902414597987e-20
1198.7990609915448,-1.0954254373608698e-16,3.584928204704494e-20
1198.8523239512665,-1.2162192898625306e-16,3.303068157319064e-20
1198.905586619,-1.3162235157258152e-16,3.2327663994328563e-20
1198.9588489947498,-1.437021189428147e-16,3.390289771514453e-20
1199.0121110785203,-1.955086656220842e-16,3.087979919352243e-20
1199.0653728703169,-1.5737119389037577e-16,2.9833350068953047e-20
1199.118634370144,-1.7533726823903182e-16,3.159418449323594e-20
1199.171895578007,-1.1466159484728595e-16,3.706657777242032e-20
1199.2251564939097,-1.1833518050797366e-16,3.7304272928555475e-20
1199.2784171178578,-1.4534836977392667e-16,3.6263657379129846e-20
1199.3316774498558,-1.8853308145730606e-16,3.4368838228347835e-20
1199.3849374899085,-2.0811539794061851e-16,3.476012199077851e-20
1199.4381972380204,-1.5708800468586358e-16,3.7519602846516614e-20
1199.4914566941968,-1.2159418871484208e-16,3.7585434263027254e-20
1199.5447158584425,-1.7960450452046046e-16,3.389639366118537e-20
1199.5979747307615,-1.5149952438920197e-16,3.54339690428402e-20
1199.6512333111598,-1.5729928805246325e-16,3.4959846775659995e-20
1199.7044915996412,-1.121832530049222e-16,3.5829560629936694e-20
1199.7577495962107,-1.1024881213735123e-16,3.626682425358898e-20
1199.8110073008736,-1.1988630659459477e-16,3.608368927710196e-20
1199.8642647136346,-1.3836257671245035e-16,3.3142679567860664e-20
1199.9175218344978,-1.0542694415034357e-16,3.540030841748506e-20
1199.970778663469,-1.4672850563858923e-16,3.4285863161561717e-20
1200.0240352005517,-1.606538257371853e-16,3.49204290163987e-20
1200.0772914457523,-1.550617265608775e-16,3.903875779598155e-20
1200.1305473990744,-2.064187182891705e-16,3.8420884494817904e-20
1200.1838030605231,-1.7455757575265795e-16,3.855487121678089e-20
1200.2370584301034,-1.815608232041034e-16,3.61428317172384e-20
1200.29031350782,-1.5813892931764117e-16,3.469139827205439e-20
1200.3435682936774,-1.424195684816309e-16,3.7273635406745074e-20
1200.396822787681,-8.334491197443275e-17,4.108660309522286e-20
1200.4500769898352,-1.8615231827087927e-16,3.962184748620808e-20
1200.5033309001449,-1.0333388096524161e-16,4.199499969139218e-20
1200.5565845186147,-1.2078658304307673e-16,3.7600692599386774e-20
1200.6098378452498,-1.4079757923347945e-16,3.583233077535831e-20
1200.6630908800546,-1.72232310305314e-16,4.104771204625027e-20
1200.7163436230342,-2.184769052178623e-16,4.443106107427899e-20
1200.769596074193,-1.7785294778110233e-16,3.710148830935016e-20
1200.8228482335362,-1.5170499221018246e-16,3.803456096015016e-20
1200.8761001010685,-1.0187363598920769e-16,3.806342717294641e-20
1200.9293516767946,-1.0612218648923629e-16,3.654659926646616e-20
1200.9826029607193,-1.5394593820850712e-16,3.733854022889945e-20
1201.0358539528474,-1.6144668542643537e-16,3.8719897635571795e-20
1201.0891046531838,-8.105435980496141e-17,3.9122195821900636e-20
1201.1423550617333,-9.426063407859014e-17,4.040343755296839e-20
1201.1956051785005,-7.927151298326713e-17,3.9459095224682343e-20
1201.2488550034905,-1.1435387057759732e-16,3.928717888969075e-20
1201.302104536708,-1.09210742639016e-16,4.200652044215198e-20
1201.3553537781575,-1.0909317416688364e-16,3.8438782239102984e-20
1201.408602727844,-1.5132211368179462e-16,3.455520750000247e-20
1201.4618513857724,-1.4135434900807084e-16,3.479403596652589e-20
1201.5150997519474,-8.244744862316686e-17,3.902477531872397e-20
1201.5683478263738,-7.300635564047222e-17,3.9198904684936815e-20
1201.6215956090564,-1.930381072675952e-16,3.410371242426383e-20
1201.6748431,-2.089207696385717e-16,3.515011811336834e-20
1201.7280902992093,-1.7224866114264738e-16,3.461555212699309e-20
1201.7813372066894,-1.5021621810333864e-16,3.5091615982000934e-20
1201.8345838224448,-1.5221947842347946e-16,3.6427543036585066e-20
1201.8878301464804,-1.9297721238740336e-16,3.6217802947578094e-20
1201.9410761788008,-2.0942562842731934e-16,3.5026626565821606e-20
1201.994321919411,-2.443851836521224e-16,3.490213479302353e-20
1202.0475673683156,-1.9576685606322717e-16,3.4558860230115555e-20
1202.1008125255198,-2.348159717664159e-16,3.5516211052432974e-20
1202.1540573910286,-2.0648656991058644e-16,3.584721407794143e-20
1202.2073019648456,-2.833364267101661e-16,3.422266895271953e-20
1202.2605462469764,-2.1621850993973385e-16,3.351775862033244e-20
1202.313790237426,-2.4476173132106083e-16,3.323715317813968e-20
1202.3670339361988,-2.643617552536712e-16,3.405384275483338e-20
1202.4202773432999,-1.2659133087708374e-16,3.746804798108213e-20
1202.4735204587337,-1.2122467021460049e-16,3.822591680650417e-20
1202.5267632825053,-1.3565021680342052e-16,4.1225583747706657e-20
1202.5800058146194,-1.8171295445375685e-16,4.109758640514656e-20
1202.6332480550807,-1.6873247882576157e-16,4.1496845596471094e-20
1202.686490003894,-1.7048482492612653e-16,3.826359871453349e-20
1202.7397316610643,-1.8889735233461413e-16,3.8453580500761486e-20
1202.7929730265964,-2.2548502625792973e-16,3.5688305743042984e-20
1202.8462141004945,-1.458177546704658e-16,3.796093392294013e-20
1202.8994548827645,-1.6356040941293343e-16,3.5886131583950016e-20
1202.9526953734103,-1.4283529888706892e-16,3.590209901797361e-20
1203.005935572437,-1.234379675735634e-16,3.7354783442669756e-20
1203.059175479849,-1.3595759461740333e-16,3.614935416888879e-20
1203.1124150956514,-1.3424053256788778e-16,3.572711838073696e-20
1203.1656544198493,-1.4133594105904632e-16,3.573414781806283e-20
1203.2188934524472,-1.1497514000662762e-16,4.0362321112868284e-20
1203.2721321934498,-1.5444786649161556e-16,4.2825946767834437e-20
1203.325370642862,-1.5626124682251314e-16,3.912604701131558e-20
1203.3786088006884,-2.0056421831648297e-16,3.462688175170054e-20
1203.4318466669342,-1.5826277877033033e-16,3.9799689310411925e-20
1203.4850842416038,-1.8250355183671573e-16,4.0468208487766535e-20
1203.5383215247023,-2.122433210993398e-16,3.5038705164453805e-20
1203.5915585162343,-2.1054403245974697e-16,3.9150834867725313e-20
1203.6447952162046,-2.2201313893925134e-16,3.755848323186433e-20
1203.698031624618,-1.8141263275118778e-16,4.1321645823736675e-20
1203.7512677414793,-2.775775477147022e-16,3.5796768446474235e-20
1203.8045035667933,-1.6458860885758717e-16,3.460449545177946e-20
1203.857739100565,-1.9654472637362848e-16,3.663149936846826e-20
1203.9109743427987,-2.1518004470699563e-16,3.673680637972305e-20
1203.9642092934996,-1.7223223001033446e-16,3.8515017319867874e-20
1204.017443952672,-1.3151742483210105e-16,3.998677743044019e-20
1204.0706783203216,-1.6035015058184954e-16,3.7002394028475015e-20
1204.1239123964524,-1.8108677232661418e-16,4.1585852902516754e-20
1204.1771461810695,-1.5361150472629785e-16,3.889164763781306e-20
1204.2303796741776,-1.9078094109259781e-16,4.265165343499978e-20
1204.2836128757813,-2.288592841105178e-16,3.850520339820216e-20
1204.3368457858858,-2.229489511899196e-16,4.15808958438907e-20
1204.3900784044956,-2.0361075540807573e-16,4.528061183068986e-20
1204.4433107316156,-1.9687780250841506e-16,4.808974954338555e-20
1204.4965427672503,-1.4719827198442336e-16,4.156791849451602e-20
1204.5497745114053,-2.337651221553154e-16,3.8649159031637234e-20
1204.6030059640843,-2.1985594183689699e-16,3.8049562698668445e-20
1204.6562371252928,-2.9488576590411454e-16,3.34157812132821e-20
1204.7094679950358,-2.549404361512589e-16,3.996887670133319e-20
1204.762698573317,-1.8452027893815283e-16,3.5387866556130514e-20
1204.8159288601423,-1.655688302803175e-16,3.4027015178663395e-20
1204.869158855516,-1.6539488956382783e-16,3.8371042704861725e-20
1204.922388559443,-2.8553540996621485e-16,3.8358331893031814e-20
1204.9756179719282,-2.3773409994676266e-16,3.6252321534050936e-20
1205.0288470929756,-3.3700655489674053e-16,3.6594515988854116e-20
1205.0820759225915,-1.1931067953630215e-16,4.454637385598484e-20
1205.1353044607793,-1.416641757739134e-16,3.859235328270458e-20
1205.1885327075443,-1.8177911942666e-16,3.6277404266868004e-20
1205.2417606628912,-1.0412986139900001e-16,3.8296501431323143e-20
1205.2949883268252,-8.999971808127567e-17,3.71733782365338e-20
1205.3482156993507,-9.161921497567608e-17,3.894109451324396e-20
1205.4014427804723,-1.5115148015495415e-16,3.994300700735377e-20
1205.4546695701952,-1.74542375475682e-16,3.969375886605719e-20
1205.507896068524,-1.6965136353580383e-16,4.802817196920162e-20
1205.5611222754635,-2.216312318923164e-16,4.280881586167774e-20
1205.6143481910183,-1.580646186542975e-16,4.094501037997457e-20
1205.6675738151937,-1.755204347994063e-16,3.649764412032269e-20
1205.7207991479938,-1.2891390246082918e-16,3.796680001778447e-20
1205.774024189424,-9.712155891887246e-17,4.2658189071972176e-20
1205.8272489394885,-1.8405320251069424e-16,3.913599671917008e-20
1205.8804733981924,-1.9286055812214523e-16,3.77825931137979e-20
1205.933697565541,-1.6204605052241203e-16,3.74666217495855e-20
1205.9869214415382,-1.4305801616232954e-16,3.626513472065774e-20
1206.0401450261893,-1.0409144711656534e-16,3.7812250444489355e-20
1206.0933683194992,-1.6159153046024248e-16,3.817018285951049e-20
1206.1465913214718,-1.960943953711813e-16,3.613830978688194e-20
1206.199814032113,-2.2709154549338815e-16,3.6869353856534286e-20
1206.2530364514269,-2.6744645401155047e-16,3.506644934145735e-20
1206.3062585794185,-1.7601787806664215e-16,3.8618964694762446e-20
1206.3594804160925,-2.0665727704102533e-16,4.159877718971097e-20
1206.412701961454,-2.284384052143154e-16,3.8140275227905994e-20
1206.4659232155075,-1.7442738412826872e-16,3.680735611635509e-20
1206.5191441782576,-1.6192550443431272e-16,3.8861912117586314e-20
1206.5723648497094,-2.0159832833852598e-16,3.910797795024671e-20
1206.6255852298675,-1.8101536177360599e-16,3.492877202412143e-20
1206.678805318737,-2.2154458654523347e-16,3.604476259220242e-20
1206.7320251163221,-1.9264249233078606e-16,3.498263968983706e-20
1206.7852446226282,-1.8149961444450706e-16,3.435120473096588e-20
1206.8384638376597,-1.9255539655420311e-16,3.32976290341826e-20
1206.8916827614216,-1.3999511366810911e-16,4.1161595864477815e-20
1206.9449013939186,-1.4403532927697232e-16,3.967548241852484e-20
1206.9981197351556,-1.8683077122930306e-16,3.6355329281031073e-20
1207.0513377851369,-1.5128699136161725e-16,4.290931745578522e-20
1207.1045555438677,-1.7616258367919935e-16,4.1633046457991033e-20
1207.1577730113527,-4.182441895428591e-16,4.158921396375113e-20
1207.210990187597,-2.1364817443423883e-16,4.527079265541957e-20
1207.2642070726047,-2.5258880291705503e-16,4.1428814869634305e-20
1207.317423666381,-1.887158574202773e-16,3.6951182977989384e-20
1207.3706399689306,-1.7949097892332638e-16,3.667092713651775e-20
1207.4238559802586,-2.0344048488542202e-16,3.188336086820348e-20
1207.4770717003694,-2.1378481537154194e-16,3.409798333525987e-20
