trappist-1/STIS/extracted_spectra/TRAPPIST-1_G140M_2016_mean.ecsv
# %ECSV 0.9
# ---
# datatype:
# - name: WAVELENGTH
#   unit: Angstrom
#   datatype: float64
# - name: FLUX
#   unit: erg / (Angstrom cm2 s)
#   datatype: float64
# - name: ERROR
#   unit: erg / (Angstrom cm2 s)
#   datatype: float64
# delimiter: ','
# schema: astropy-2.0
WAVELENGTH,FLUX,ERROR
[from data line 505]
1221.2521518022293,1.6205158331080852e-16,3.8646366266567317e-16
1221.3052909935232,1.3776748465471837e-16,3.623946616335328e-16
1221.3584298960604,7.774560215839637e-17,3.0593698239662037e-16
1221.411568509846,2.8370026664077813e-16,4.79412337486031e-16
1221.4647068348847,6.702739029270788e-17,3.3752317853035256e-16
1221.5178448711806,1.3189640053865453e-16,4.120565925913677e-16
1221.570982618739,1.2723780346809513e-16,3.8382780062494485e-16
1221.6241200775644,2.108487898785322e-16,4.223678275633851e-16
1221.6772572476616,6.03690240481068e-17,2.7562671610889064e-16
1221.7303941290352,2.927953033728236e-16,4.374122203210574e-16
1221.7835307216897,2.7348216842740294e-16,4.2781041937889457e-16
1221.8366670256303,1.981749585886675e-17,1.902460489986093e-16
1221.8898030408614,5.6854974946849695e-18,2.0306365480891782e-16
1221.9429387673877,7.024276473069249e-17,3.1017574577525204e-16
1221.9960742052137,2.411347561457232e-16,4.2536703536478885e-16
1222.0492093543448,1.490373967206053e-16,3.675243179012325e-16
1222.1023442147848,9.892969672561575e-17,2.8325620813002537e-16
1222.1554787865393,1.2764309198258399e-16,3.555932019129523e-16
1222.2086130696123,1.845253162555078e-16,4.044486067072785e-16
1222.2617470640091,1.2893721746331325e-16,3.4786257178611266e-16
1222.314880769734,4.1682664296510276e-17,2.0110166842868717e-16
1222.3680141867915,1.2950781465389586e-16,3.6118737306106123e-16
1222.4211473151868,-7.665395599681169e-18,1.3886022586985176e-16
1222.4742801549241,7.073773590464958e-17,3.355095020694789e-16
1222.5274127060088,1.5599460332555527e-17,2.6665990013899354e-16
1222.5805449684449,1.5312396202314444e-16,3.6188422760972715e-16
1222.6336769422378,1.9212656335139825e-16,3.6957859729515455e-16
1222.6868086273917,1.024869128895491e-16,2.581538979863666e-16
1222.7399400239112,2.1747841175009307e-16,4.578839376337469e-16
1222.7930711318013,2.5022315700065004e-16,4.890867691017691e-16
1222.8462019510669,1.0435668697075354e-16,3.1616739241108063e-16
1222.8993324817118,-4.291984401221936e-17,1.8149549985373455e-16
1222.9524627237417,3.5975558815493746e-17,3.7230851612855176e-16
1223.005592677161,-2.4300928342812028e-17,2.635467968965329e-16
1223.0587223419745,1.4929906333695692e-16,3.576245432659381e-16
1223.1118517181865,5.684106767931512e-17,2.837397790376665e-16
1223.164980805802,5.2719920666900235e-17,2.831433810365435e-16
1223.2181096048257,2.352837384568768e-16,4.329404581177931e-16
1223.2712381152621,3.342816454858136e-16,4.969665592243684e-16
1223.3243663371163,1.670005111251042e-16,3.9046918483362777e-16
1223.3774942703928,1.1001060511635721e-16,2.613857020855852e-16
1223.430621915096,7.178683512780955e-17,2.5772012648363053e-16
1223.483749271231,-2.567258842987324e-17,1.1041365615549954e-16
1223.5368763388024,6.397414596278874e-17,2.9014922510754786e-16
1223.5900031178144,5.077981733491411e-17,2.9389973991876394e-16
1223.6431296082728,-3.1373553038682223e-17,2.7241486059014515e-16
1223.6962558101816,1.1977194098620414e-16,3.547659559785369e-16
1223.7493817235454,1.09644978324165e-16,2.815605520720067e-16
1223.802507348369,5.083790254053713e-17,2.6710214557669755e-16
1223.8556326846572,1.958982646433965e-18,2.419228847531254e-16
1223.9087577324146,-5.822266870599996e-17,1.3597776139852197e-16
1223.9618824916463,4.8013727835014254e-17,3.1107536862957487e-16
1224.0150069623564,-9.296473111940949e-18,1.600277159164421e-16
1224.06813114455,2.7392034159921074e-16,4.1052289482727647e-16
1224.1212550382318,2.3093971062673857e-16,4.4285480363766183e-16
1224.1743786434063,1.5888267768395607e-16,3.498073045876922e-16
1224.227501960078,-1.3458205192301344e-17,1.4295422586620592e-16
1224.2806249882522,2.7169712026745748e-17,2.799760954976395e-16
1224.333747727933,-1.1341616053391788e-17,3.0767910423901765e-16
1224.3868701791255,-9.367625807527208e-17,8.581697357258644e-17
1224.4399923418346,-9.743104109671464e-18,1.466468844784823e-16
1224.4931142160642,6.123173699684649e-17,2.803850437504292e-16
1224.54623580182,4.302083304907366e-18,1.36840572409501e-16
1224.5993570991059,6.96237692000206e-17,2.8585046086899657e-16
1224.6524781079268,4.7810832179219856e-17,1.931909880008381e-16
1224.7055988282875,8.747241528007375e-17,2.6038438223253785e-16
1224.7587192601927,5.235414544783666e-17,1.9868536431605035e-16
1224.8118394036474,1.0479922782715367e-16,3.088665228562045e-16
1224.8649592586555,1.261357261772792e-16,3.2453848212404464e-16
1224.9180788252222,6.147069266695874e-17,2.851530117260583e-16
1224.9711981033524,1.0521872248182692e-16,2.975830470043317e-16
1225.0243170930505,-1.0034152661470174e-17,1.41175750602867e-16
1225.0774357943214,8.829440243814979e-17,2.5842157448785373e-16
1225.1305542071696,5.192134053775129e-17,1.8061350640467023e-16
1225.1836723315998,-2.331942626331981e-18,1.6105729167631177e-16
1225.2367901676168,1.0451225053559834e-16,2.9385883120694863e-16
1225.2899077152254,1.907667504192835e-16,3.7616188365102797e-16
1225.34302497443,1.6463535104134077e-16,3.3297588420299937e-16
1225.3961419452355,9.254455019168471e-18,1.6783022275630512e-16
1225.4492586276463,1.7342679417071505e-17,1.5101208986768506e-16
1225.5023750216678,1.5938759364761633e-16,3.3677782796180284e-16
1225.5554911273039,1.5203482715853026e-16,3.6645728378458385e-16
1225.6086069445596,3.579095807381402e-17,2.8663307658868597e-16
1225.66172247344,2.4063396149268602e-17,3.858689631460567e-16
1225.7148377139492,1.217817755966859e-16,3.8039166691366296e-16
1225.7679526660925,3.820577334189862e-16,5.460354831985578e-16
1225.8210673298738,1.6379669465471385e-16,3.76496464048188e-16
1225.8741817052985,1.9882387553525675e-16,4.0049659082156054e-16
1225.9272957923708,2.686663766791612e-16,4.3920427619104555e-16
1225.9804095910958,-5.007030880870566e-17,3.1785777272830433e-18
1226.0335231014778,-2.0218656379110147e-17,8.398893898919418e-17
1226.0866363235223,1.53258408518553e-17,1.799173461190965e-16
1226.1397492572328,8.728336122620722e-17,2.698011684746966e-16
1226.1928619026146,2.0899531559101853e-16,3.7623507874264616e-16
1226.2459742596727,2.3465331275417796e-16,3.881430370215695e-16
1226.2990863284115,8.133019470841807e-17,2.418498468930565e-16
1226.3521981088356,1.138914484197641e-16,2.9508915940095775e-16
1226.4053096009497,1.69819229684521e-16,3.4464242156626614e-16
1226.4584208047588,5.6908281180084954e-18,1.6038568296621856e-16
1226.5115317202674,1.459905406451206e-16,2.9762337359255493e-16
1226.5646423474802,1.9801958992331817e-16,3.5967888291100877e-16
1226.6177526864014,9.040341072432406e-17,2.9934257187341314e-16
1226.6708627370365,5.8288924628141636e-18,1.5886084658044121e-16
1226.7239724993897,-1.9741155982255444e-17,8.257686637690945e-17
1226.777081973466,5.512001514005975e-17,2.575905111365589e-16
1226.83019115927,2.0527050931695296e-16,4.023524842265263e-16
1226.8833000568063,2.4534221867621755e-16,4.001589760004981e-16
1226.9364086660798,4.13149424049961e-16,5.056137917839632e-16
1226.989516987095,-2.6258121181538592e-17,5.1533024904584235e-17
1227.0426250198561,4.355237682230156e-16,5.051331505942246e-16
1227.095732764369,2.7237440334605916e-16,3.8544272737545e-16
1227.148840220637,1.2077599294296036e-16,3.0208535441845844e-16
1227.2019473886662,1.0317644608825215e-16,2.614700788575594e-16
1227.2550542684603,1.2138831192409677e-16,2.477737600979041e-16
1227.3081608600244,1.582788592047721e-16,3.5511588427664506e-16
1227.3612671633628,1.5540474333284728e-16,3.6916810548114435e-16
1227.4143731784807,2.948469082919254e-16,4.759830551015059e-16
1227.4674789053824,2.6556454049428293e-16,4.3016717985655236e-16
1227.520584344073,1.9788153842239358e-16,3.6804429598480234e-16
1227.573689494557,1.4498531926087043e-16,3.05726469047272e-16
1227.6267943568387,2.519819018578202e-16,4.079666407124637e-16
1227.6798989309232,2.564210382834916e-17,1.7235855854259954e-16
1227.7330032168154,1.529014853139053e-16,3.5585199741241153e-16
1227.7861072145195,1.38070886936455e-16,3.1685638874994147e-16
1227.8392109240406,1.407938192547982e-17,1.7782928612196107e-16
1227.892314345383,1.295794023422748e-16,3.1858327951317845e-16
1227.9454174785517,1.8245329450043387e-16,3.8811553174172456e-16
1227.9985203235512,2.9221272168062055e-16,4.87195177276496e-16
1228.0516228803865,1.0970252127444158e-16,2.930841146655673e-16
1228.1047251490618,-1.2445825039551363e-18,1.3532451851989262e-16
1228.157827129582,2.3083961947671788e-17,1.4084831219561713e-16
1228.2109288219522,6.522621740688101e-17,2.3685907662166727e-16
1228.2640302261766,4.855779641700496e-17,1.3846204500502784e-16
1228.31713134226,1.478391574993207e-16,3.1690430551465744e-16
1228.3702321702074,8.374223071087236e-17,2.5845729397445894e-16
1228.4233327100228,-7.078555446356959e-18,8.943247327655571e-17
1228.4764329617115,-1.001695678236948e-17,8.129941509336142e-17
1228.5295329252779,1.0761388114471357e-16,2.9397726062468243e-16
1228.5826326007268,3.6220096983951e-17,2.1927611705831226e-16
1228.6357319880628,-2.5303872289179538e-17,3.306426133583351e-17
1228.688831087291,6.90922336490579e-17,2.250651322795728e-16
1228.7419298984155,1.1691048306414308e-16,2.9286353566378424e-16
1228.795028421441,9.637315314797549e-17,2.4469336634178897e-16
1228.8481266563729,1.8783111328104076e-16,3.553937128762044e-16
1228.9012246032153,1.0747470836762424e-16,2.6599629866962716e-16
1228.954322261973,5.336538238537744e-17,1.8517906248464337e-16
1229.0074196326507,-5.701647699031492e-18,1.2967292323849464e-16
1229.060516715253,4.9283447656764385e-17,2.348821543282596e-16
1229.1136135097847,7.355514570372715e-17,2.3523219292984925e-16
1229.1667100162504,1.178045488348995e-16,3.032374506787718e-16
1229.219806234655,4.39492304253171e-17,2.3387672237870703e-16
1229.272902165003,8.276204012765723e-18,1.0310845517106085e-16
1229.3259978072988,1.7778902592681648e-16,3.40187976812341e-16
1229.3790931615479,2.428064666278277e-17,1.6253204214572227e-16
1229.4321882277545,1.5787273968259653e-16,3.9529736675564837e-16
1229.485283005923,6.229069047713883e-17,3.5481026649323963e-16
1229.5383774960585,1.5668557493997547e-16,3.3748930812946487e-16
1229.5914716981656,2.0055689822605857e-16,3.4707251453640984e-16
1229.6445656122492,2.6681915617256395e-16,4.387564711956144e-16
1229.6976592383135,1.0699803576930933e-16,2.410268402592682e-16
1229.7507525763633,-2.606879739697934e-17,1.4976553255425843e-17
1229.8038456264035,1.1766394707390263e-16,3.1650886771520495e-16
1229.8569383884387,-2.784644292018427e-17,5.200576628445495e-18
1229.9100308624736,4.3255769577087345e-17,2.1689543748875034e-16
1229.9631230485131,6.115841141753761e-17,2.3172436786100454e-16
1230.0162149465616,2.9878487648860234e-17,2.0001042284638891e-16
1230.0693065566238,1.6589829768397519e-16,2.9627705523902835e-16
1230.1223978787043,1.3097922151207498e-16,2.781624079027899e-16
1230.175488912808,6.80439914900251e-17,1.8359172855695425e-16
1230.2285796589395,1.2171186262673444e-16,2.75896492834852e-16
1230.2816701171034,1.2936247660373489e-16,2.8958680074399116e-16
1230.3347602873048,1.5455889943544459e-16,2.9944616526976283e-16
1230.387850169548,9.376198566383051e-17,2.5393792360960166e-16
1230.4409397638376,3.797157285752303e-17,1.9858508368572382e-16
1230.4940290701786,1.61751675033314e-16,3.3328942338728964e-16
1230.5471180885752,4.930351341030047e-17,2.2491299673026117e-16
1230.6002068190326,4.949879667157209e-17,2.3135701584812987e-16
1230.6532952615555,4.7379629144692507e-17,2.1520492262198768e-16
1230.7063834161481,-2.5791980394372887e-17,4.383140813617168e-19
1230.7594712828154,9.449040351529322e-18,1.1491246343901176e-16
1230.8125588615624,1.7263374977503767e-16,3.4639999383665427e-16
1230.865646152393,-2.0869026006807517e-17,1.012391968918491e-17
1230.9187331553123,1.0427889549615101e-18,7.833351182967746e-17
1230.9718198703256,1.201568032272632e-16,3.077453725580087e-16
1231.0249062974365,1.5442497491646316e-17,1.2020350941183884e-16
1231.07799243665,5.0064789992884525e-17,2.2091549706571124e-16
1231.1310782879714,-2.319386371458762e-17,2.9886701515467717e-18
1231.1841638514047,5.502184960856787e-17,1.3773733016341333e-16
1231.2372491269548,1.4845035679647625e-16,2.9687070940320474e-16
1231.2903341146266,2.1883101122426646e-16,3.6979849802676506e-16
1231.3434188144245,6.091614923959382e-17,1.8094103861615836e-16
1231.3965032263532,1.6700765224602855e-16,3.348273788815805e-16
1231.4495873504175,5.3414844783298404e-17,2.245928737847025e-16
1231.502671186622,3.199130477227418e-17,1.0999229636560353e-16
1231.5557547349713,1.0667002037931374e-16,2.1955291928926705e-16
1231.6088379954706,2.0983136884501102e-16,3.5461694584720026e-16
1231.6619209681237,1.466005367647949e-16,2.721273015100073e-16
1231.715003652936,1.0083268121938204e-16,2.4891689297872737e-16
1231.768086049912,1.381017090528262e-16,3.0078771174794613e-16
1231.8211681590562,2.2109884357725615e-16,3.8446310108785134e-16
1231.8742499803736,1.6269857487161902e-16,3.224399213858509e-16
1231.9273315138687,1.366619455832354e-16,3.363854304467476e-16
1231.9804127595462,1.915896651986638e-16,2.567025680440461e-16
1232.0334937174107,5.841484874310165e-16,5.87196001045741e-16
1232.0865743874667,5.28675112112086e-16,5.344099304631928e-16
1232.1396547697193,1.447340247374545e-16,3.02867950751431e-16
1232.1927348641732,1.2468167960373464e-16,2.666768900741222e-16
1232.2458146708327,2.5636626104353486e-17,1.3026178117081276e-16
1232.2988941897027,-1.8469142141513777e-17,1.348719777492276e-19
1232.3519734207878,1.6832667123787319e-16,3.213270990249846e-16
1232.4050523640929,1.1706259226741632e-16,2.2270484111434883e-16
1232.4581310196222,2.6701841798589585e-17,1.3233940642221749e-16
1232.5112093873809,7.693509877611236e-17,2.3615955176082166e-16
1232.5642874673738,1.456496874984977e-16,2.9916650799504086e-16
1232.6173652596049,1.0795046659860679e-16,2.7079044295955967e-16
1232.670442764079,1.116721455036142e-16,2.81216382366261e-16
1232.7235199808015,2.840711453948759e-18,5.29650267759213e-17
1232.7765969097763,2.3218350186829835e-16,3.6161916329714113e-16
1232.8296735510082,2.0737868416342632e-16,3.626630502440346e-16
1232.8827499045026,1.695593038105457e-16,3.1230578517245457e-16
1232.935825970263,5.48649025591727e-17,2.1217105568334557e-16
1232.9889017482953,4.766718563314572e-17,1.8920104731093546e-16
1233.0419772386033,-8.124511480388856e-20,4.719932631465347e-17
1233.095052441192,3.014284488122999e-17,1.330423095920212e-16
1233.1481273560662,2.5901176579673154e-16,3.9506844850777613e-16
1233.2012019832302,5.064523172011791e-17,1.5457013354144092e-16
1233.254276322689,2.6235612977159205e-17,9.140197485008065e-17
1233.3073503744472,2.943214387365756e-16,4.2263596132327895e-16
1233.3604241385092,1.6419527030961837e-17,6.30600037284614e-17
1233.4134976148805,8.76394966036927e-17,1.8878962614657565e-16
1233.4665708035648,2.362064658088531e-16,3.558709333860728e-16
1233.5196437045672,1.4365361093229797e-16,2.8230754390227993e-16
1233.5727163178924,1.5473237605215476e-16,2.79491021824027e-16
1233.6257886435455,1.0294345120820127e-16,2.22079041054912e-16
1233.6788606815303,3.772724050348515e-17,1.5356801460096249e-16
1233.7319324318519,-1.3759690468735128e-17,1.3474635093315596e-19
1233.7850038945153,1.1483798199621483e-17,7.076615965435382e-17
1233.8380750695244,3.619410620813497e-17,1.4530966149315745e-16
1233.8911459568847,1.281812946071393e-16,2.4961732876937057e-16
1233.9442165566004,2.0677425554476713e-16,3.371903827328068e-16
1233.9972868686764,-1.080599189483504e-17,4.63127045621789e-18
1234.0503568931172,1.3947355069951842e-17,7.73769471005765e-17
1234.1034266299275,1.0855285388277784e-16,2.5945131683684626e-16
1234.156496079112,8.278628547343381e-17,2.2153432207396609e-16
1234.2095652406756,1.6498637466014522e-16,3.061119272998721e-16
1234.2626341146224,2.4558627035254e-16,3.8925554893232937e-16
1234.315702700958,1.389093484923899e-16,2.8451849997512614e-16
1234.368770999686,2.1484491467063734e-16,3.281475720568134e-16
1234.4218390108122,1.1005853865478433e-16,2.237311353408109e-16
