trappist-1/STIS/extracted_spectra/TRAPPIST-1_G140M_all_coadd.ecsv
# %ECSV 0.9
# ---
# datatype:
# - name: WAVELENGTH
#   unit: Angstrom
#   datatype: float64
# - name: FLUX
#   unit: erg / (Angstrom cm2 s)
#   datatype: float64
# - name: ERROR
#   unit: erg / (Angstrom cm2 s)
#   datatype: float64
# delimiter: ','
# schema: astropy-2.0
WAVELENGTH,FLUX,ERROR
[from data line 248]
1207.5833045990285,-1.6352497324451017e-16,1.655373695687005e-16
1207.6365192027552,-1.3301120557936348e-16,1.7580781140267603e-16
1207.6897335154765,-2.0042797913929187e-16,2.9592306995181985e-16
1207.742947537196,-1.8785702841525003e-16,2.592989482046596e-16
1207.7961612679187,-2.434953366833724e-16,3.326384627731973e-16
1207.8493747076502,-1.1286953458502582e-16,1.0795811603232537e-16
1207.9025878563943,-1.2117363387993845e-16,1.1551402733980833e-16
1207.955800714156,-1.4286417005113545e-16,1.0521740000449514e-16
1208.0090132809407,-1.5793275805989534e-16,2.1146732353210306e-16
1208.0622255567528,-1.485553486329377e-16,1.7283876702718837e-16
1208.1154375415965,-1.5496238307365501e-16,1.537708988484306e-16
1208.1686492354775,-1.6656824130700135e-16,1.9866519479754995e-16
1208.2218606383997,-2.347414137074885e-16,3.3670396472021204e-16
1208.2750717503686,-2.465183583007008e-16,3.8102784572762883e-16
1208.3282825713886,-2.063355590878842e-16,3.2336541900686756e-16
1208.3814931014647,-1.3922920893136434e-16,1.365011693335664e-16
1208.4347033406016,-1.843921912872765e-16,3.1787835871879587e-16
1208.4879132888036,-1.7485174468570436e-16,2.558140241268831e-16
1208.541122946076,-1.451724787040447e-16,2.066939590617936e-16
1208.5943323124236,-1.6929073529659435e-16,2.1492459373061987e-16
1208.647541387851,-1.9031301682950368e-16,2.23804678386083e-16
1208.7007501723629,-2.366739082573557e-16,2.6573377268999783e-16
1208.7539586659643,-1.6891160534466141e-16,2.0996557242906414e-16
1208.8071668686598,-2.10680450718862e-16,3.5664781648095277e-16
1208.860374780454,-2.3551855510152896e-16,3.1702000989514073e-16
1208.9135824013522,-1.7709206712327628e-16,1.9171480286935778e-16
1208.9667897313586,-2.614645847626195e-16,4.369859225365105e-16
1209.0199967704784,-1.2374093242772456e-16,1.3350781950006117e-16
1209.073203518716,-1.2614856078224737e-16,1.3447201405832424e-16
1209.1264099760763,-2.2945508202566684e-16,4.022858480455999e-16
1209.1796161425643,-1.122728404494686e-16,1.0040884171557368e-16
1209.2328220181846,-1.8338878354381472e-16,2.09897282332362e-16
1209.2860276029419,-1.550977903077353e-16,1.7470619036154622e-16
1209.3392328968412,-1.8439205333095842e-16,2.3487848697099743e-16
1209.392437899887,-2.1167658662892706e-16,2.740601940855743e-16
1209.445642612084,-7.077944285982178e-17,7.593437849608199e-17
1209.4988470334372,-1.9989645077638394e-16,3.3216407123943603e-16
1209.5520511639515,-1.37099340670399e-16,1.8737096152997736e-16
1209.6052550036316,-1.592431684774792e-16,2.921993642118344e-16
1209.6584585524818,-1.4262897207109492e-16,1.377556487279122e-16
1209.7116618105072,-1.628223304540524e-16,1.6438206689022434e-16
1209.7648647777128,-1.881387752166158e-16,2.6262368037510025e-16
1209.8180674541031,-1.3751008190353744e-16,1.4729952641124118e-16
1209.871269839683,-1.070272785223524e-16,8.446113778527478e-17
1209.9244719344574,-1.381646801049293e-16,1.685280621012548e-16
1209.9776737384307,-2.290166931802903e-16,3.715464147079269e-16
1210.0308752516075,-1.8845032026797753e-16,3.5700530140588327e-16
1210.0840764739935,-1.526575360538371e-16,1.4126285939135851e-16
1210.1372774055924,-1.563410503296617e-16,1.564220998026979e-16
1210.1904780464097,-1.3608632164845338e-16,1.6590253016076725e-16
1210.2436783964497,-1.5818617382172978e-16,2.2661559853445956e-16
1210.2968784557177,-1.3744968306875326e-16,1.1341367569053734e-16
1210.350078224218,-1.3269105792789756e-16,1.2921791540757848e-16
1210.4032777019552,-9.080548587479207e-17,9.86856551882974e-17
1210.4564768889347,-1.2236508959308481e-16,1.4745560184041433e-16
1210.5096757851609,-1.1638108112363544e-16,1.3067618238431824e-16
1210.5628743906386,-9.906719103151209e-17,9.932263824997159e-17
1210.6160727053727,-1.2180206394915104e-16,1.0740188127082164e-16
1210.6692707293678,-2.436861888125586e-16,3.2766578712137297e-16
1210.7224684626287,-2.4176022535424067e-16,2.9806901505671876e-16
1210.77566590516,-1.7745698568847306e-16,2.7044979040056086e-16
1210.8288630569668,-8.807451512650502e-17,9.530451419671129e-17
1210.8820599180538,-1.6329198577189389e-16,1.9740162407542725e-16
1210.9352564884257,-1.3334752022989804e-16,1.1186603545364625e-16
1210.9884527680872,-1.777013591115961e-16,2.4653121023731994e-16
1211.041648757043,-1.8619329019263406e-16,2.5395742748872674e-16
1211.0948444552982,-1.6993916928940027e-16,1.8070632545925158e-16
1211.1480398628569,-1.7156981613146963e-16,2.496602988393949e-16
1211.2012349797249,-1.132437449856412e-16,1.0950946658204507e-16
1211.254429805906,-1.701207394718031e-16,1.9772163767709194e-16
1211.3076243414052,-3.3669006359471277e-16,4.389206901848936e-16
1211.3608185862279,-1.6256034670936072e-16,1.5530147161846276e-16
1211.414012540378,-1.3652379195436649e-16,1.1426547923143634e-16
1211.4672062038608,-2.0026110706984364e-16,3.28830916588205e-16
1211.520399576681,-1.8344027074303157e-16,2.354509271385164e-16
1211.573592658843,-2.9934802465363024e-16,2.9364235971715426e-16
1211.626785450352,-1.8638008869023601e-16,2.00579244734329e-16
1211.6799779512125,-1.2725681805228916e-16,1.0677719102949657e-16
1211.7331701614294,-1.4436511402151674e-16,1.1740484927588052e-16
1211.7863620810076,-1.1551103582027193e-16,1.07293290954278e-16
1211.8395537099516,-1.1524088616650892e-16,1.1793713887656558e-16
1211.8927450482659,-1.9879994149331644e-16,2.7203485350422035e-16
1211.945936095956,-1.6326806357583084e-16,2.3437124170682173e-16
1211.9991268530262,-1.902250744966831e-16,3.899991878004989e-16
1212.0523173194813,-1.291416532766416e-16,1.1856108457005875e-16
1212.1055074953263,-1.4465559818022228e-16,1.52501086646307e-16
1212.1586973805656,-1.6888444782528996e-16,2.0341954537480529e-16
1212.2118869752042,-1.3438477364027433e-16,1.4678494752070354e-16
1212.2650762792466,-1.9320771406293674e-16,2.9193312229475005e-16
1212.318265292698,-2.091086422954004e-16,3.333587579934647e-16
1212.3714540155627,-1.526925000713768e-16,1.644855789487464e-16
1212.424642447846,-1.675031057915791e-16,2.9060505729810757e-16
1212.477830589552,-1.3681276754271057e-16,1.9372286260721638e-16
1212.5310184406862,-1.0438324045731549e-16,1.0339556357710724e-16
1212.5842060012526,-1.4498658609496836e-16,2.4051112818600876e-16
1212.6373932712565,-1.121161765234373e-16,1.4252943357195222e-16
1212.6905802507024,-1.7310550249446465e-16,2.977013711971364e-16
1212.7437669395954,-2.731310386612278e-16,3.984253281883162e-16
1212.7969533379398,-2.1021767992843857e-16,3.022135407953373e-16
1212.8501394457408,-1.285893097052283e-16,1.3476447650917333e-16
1212.9033252630027,-1.880659823613778e-16,2.0173378060772852e-16
1212.9565107897306,-2.0578096856423118e-16,2.4817993120355955e-16
1213.009696025929,-1.703413309119134e-16,2.286164981612728e-16
1213.0628809716031,-8.966610754392073e-17,9.075100611693864e-17
1213.1160656267573,-1.471213400467659e-16,2.285458234369967e-16
1213.1692499913966,-1.8503366345012185e-16,2.1884259690910494e-16
1213.2224340655252,-1.3648169257302502e-16,1.6122271030216327e-16
1213.2756178491484,-1.225316141998962e-16,1.3195011454269027e-16
1213.3288013422712,-1.1259771350822857e-16,1.196151090285578e-16
1213.3819845448975,-7.298193419506854e-17,8.0218695953448e-17
1213.435167457033,-9.72969287035483e-17,9.875691185285328e-17
1213.4883500786818,-1.0497001659717585e-16,1.300175926340576e-16
1213.5415324098487,-2.045014479876252e-16,2.9680220378022433e-16
1213.5947144505387,-1.2289747605980428e-16,1.0640400010188413e-16
1213.6478962007568,-9.639541573250064e-17,9.54592647299245e-17
1213.701077660507,-1.2842231104917285e-16,1.5395314085072335e-16
1213.754258829795,-1.6268669381335277e-16,1.9770593214832675e-16
1213.8074397086248,-3.0609761101788716e-16,5.104518475726067e-16
1213.8606202970016,-1.6773527781327967e-16,1.9468615750623244e-16
1213.9138005949294,-1.0137216273934592e-16,1.3669034083533718e-16
1213.9669806024142,-1.2896242783117102e-16,1.165359300310634e-16
1214.0201603194598,-1.3861251786190906e-16,1.1944618172195869e-16
1214.0733397460713,-1.1649976343440063e-16,1.0246797564056597e-16
1214.1265188822535,-1.0401112836212123e-16,1.0154485629960333e-16
1214.179697728011,-1.5637146828461806e-16,2.1754214637304284e-16
1214.2328762833488,-1.8326219656584373e-16,2.446325127350559e-16
1214.2860545482713,-1.4364631808163752e-16,2.1339534752611748e-16
1214.3392325227835,-9.849923282889534e-17,1.378889204432255e-16
1214.3924102068902,-1.7368657750118405e-16,2.80305242385548e-16
1214.4455876005957,-1.1323499242918285e-16,1.4000130089908077e-16
1214.4987647039056,-8.312327105826907e-17,1.0432893406001618e-16
1214.5519415168242,-1.2164564565156828e-16,1.7076350148413182e-16
1214.605118039356,-3.1975849875834434e-16,4.379140595313894e-16
1214.6582942715058,-2.784891853622443e-16,2.861200936148692e-16
1214.711470213279,-2.5251033015608735e-16,3.1382971529550346e-16
1214.7646458646796,-1.0443440260822437e-16,9.795275942079084e-17
1214.8178212257128,-2.930047386894501e-16,1.3642660771089287e-16
1214.870996296383,-3.5802358413950505e-16,1.4869983411710444e-16
1214.9241710766958,1.392000866730104e-15,1.2790924083728636e-15
1214.9773455666548,7.823771671192984e-16,1.4560044178109175e-15
1215.0305197662653,1.9426394105628933e-15,1.4970941415692128e-15
1215.0836936755322,2.4005418967646296e-15,1.9763035836418367e-15
1215.1368672944602,3.4099286698386287e-15,2.303091590311663e-15
1215.1900406230536,4.258586346033738e-15,2.392887989163379e-15
1215.243213661318,4.185939579416517e-15,2.842088489104049e-15
1215.2963864092571,2.9654406459932372e-15,2.314942044049918e-15
1215.3495588668768,1.839597954985815e-15,1.917224623409877e-15
1215.4027310341812,1.0987620094916692e-15,2.074976557579624e-15
1215.455902911175,3.733013079330782e-16,2.0282417372731024e-15
1215.509074497863,-3.0518225378257e-16,2.931389694271504e-15
1215.56224579425,-7.47438147329732e-16,3.573728076362953e-15
1215.615416800341,2.4076404558059246e-16,4.351799610679091e-15
1215.6685875161404,-7.418948292461486e-16,3.600771940507262e-15
1215.7217579416533,-2.80332008979918e-16,2.950612432302034e-15
1215.7749280768842,-3.9319168030135066e-16,2.7550185338192446e-15
1215.8280979218378,1.0944316340854541e-16,2.2373288727370395e-15
1215.881267476519,4.2720958414630214e-16,1.7451315952901487e-15
1215.9344367409326,5.525667483401947e-16,1.457002772644651e-15
1215.9876057150836,-1.0558784348233677e-15,2.3984741222936945e-16
1216.040774398976,-9.53875196198571e-16,2.5234281702052276e-16
1216.093942792615,-2.6883074620489943e-16,5.133580903290186e-16
1216.1471108960054,-6.957475063376441e-17,9.558311182215899e-17
1216.2002787091521,-1.0682585808280454e-16,9.04239435977399e-17
1216.2534462320596,-5.2085031998614935e-17,6.08945994937865e-17
1216.3066134647327,-1.108521659033147e-16,1.7903041665242553e-16
1216.359780407176,-7.305691595922191e-17,8.257657403125396e-17
1216.4129470593946,-1.495299077451992e-16,2.2064810318092417e-16
1216.466113421393,-6.492026520027713e-17,9.202758366746572e-17
1216.5192794931759,-1.7056210296329687e-16,2.6010236992277115e-16
1216.5724452747484,-1.383901427580059e-16,2.1742509361296607e-16
1216.6256107661147,-7.657669907764546e-17,1.3039414373221023e-16
1216.67877596728,-3.717007165932554e-17,4.716210231368116e-17
1216.731940878249,-3.1273844374116616e-17,6.623798743404951e-17
1216.7851054990263,-5.328566280580099e-17,6.02466306393003e-17
1216.8382698296168,-9.603939116654572e-17,1.0264174651851393e-16
1216.8914338700254,-1.0942619906054639e-16,9.841490064431953e-17
1216.9445976202562,-8.432137881103801e-17,9.994641891724959e-17
1216.9977610803146,-7.917794105589316e-17,6.028078937836298e-17
1217.050924250205,-6.92161338302492e-17,7.470924055572427e-17
1217.1040871299324,-1.2485178241888777e-16,1.781629845220337e-16
1217.1572497195018,-1.6041143593791212e-16,2.1701247863895335e-16
1217.210412018917,-6.430610722412764e-17,8.062032539932758e-17
1217.2635740281837,-1.143370018481869e-16,1.1123511685684572e-16
1217.316735747306,-9.941265359976562e-17,1.0296786443611159e-16
1217.369897176289,-1.5270366559057912e-16,2.6247123609527734e-16
1217.4230583151375,-1.2897862814397152e-16,1.5759950420493508e-16
1217.4762191638563,-1.1344537621164962e-16,1.5695516173316256e-16
1217.52937972245,-1.0144898938869211e-16,1.1477428977633568e-16
1217.582539990923,-1.17056557884387e-16,1.1726984833024978e-16
1217.6356999692805,-1.3137032481868633e-16,1.5510210146973374e-16
1217.6888596575272,-1.2710022869290157e-16,1.8360822104250918e-16
1217.7420190556677,-1.2952407746423126e-16,1.1166050384888293e-16
1217.795178163707,-1.0925535921757196e-16,1.0509871814619487e-16
1217.8483369816497,-8.792210863355689e-17,9.989267677130894e-17
1217.9014955095004,-1.0625963643511191e-16,1.4448017428731678e-16
1217.954653747264,-1.144809440733043e-16,1.6236301742063632e-16
1218.0078116949453,-1.1026677125805297e-16,1.4748289624654472e-16
1218.0609693525491,-2.4384498726949073e-16,5.064861435016272e-16
1218.1141267200799,-1.6335370402915863e-16,1.7909439260481387e-16
1218.1672837975423,-1.9196815962002168e-16,2.9686255506834754e-16
1218.220440584942,-2.371889515858681e-16,2.9553612477753573e-16
1218.2735970822825,-1.5312813838514394e-16,2.0186639810264378e-16
1218.3267532895693,-1.283046468423285e-16,1.6120221795070092e-16
1218.3799092068073,-1.6964477516311167e-16,2.320191331013602e-16
1218.4330648340006,-1.4018343371683793e-16,2.0083214309328923e-16
1218.486220171154,-1.224469315039276e-16,1.160037159657894e-16
1218.5393752182729,-1.8842980644340313e-16,2.6653622385142673e-16
1218.5925299753617,-1.7805374074301724e-16,2.032261165288583e-16
1218.645684442425,-1.6229351057417116e-16,2.0128580801706485e-16
1218.6988386194676,-1.5597461523316937e-16,2.230649980714502e-16
1218.7519925064944,-1.3547698098985686e-16,1.8851280043856408e-16
1218.80514610351,-1.9786430385339108e-16,2.4535405711302797e-16
1218.8582994105193,-1.822750085369875e-16,2.237981639845895e-16
1218.911452427527,-1.3242975820809637e-16,1.8375725575006143e-16
1218.9646051545374,-1.3306542737057787e-16,1.6126066665057155e-16
1219.0177575915561,-1.80973434027209e-16,2.286082560351582e-16
1219.0709097385873,-1.6749283751954338e-16,2.236039277101935e-16
1219.1240615956358,-1.765472719913371e-16,2.967981973777908e-16
1219.1772131627063,-1.6015208128070197e-16,2.6836823868445244e-16
1219.2303644398037,-1.4837011926562146e-16,2.5675938264367935e-16
1219.2835154269324,-8.793015478640206e-17,8.998207104635945e-17
1219.3366661240977,-1.4206847528470972e-16,3.017324934768389e-16
1219.3898165313042,-1.0323465920760443e-16,1.1689518044516073e-16
1219.4429666485562,-1.351760879923854e-16,2.0234441122968754e-16
1219.4961164758588,-8.720534076411821e-17,9.843033528061385e-17
1219.549266013217,-7.689902180482554e-17,7.713918003208516e-17
1219.6024152606349,-8.795556404784502e-17,8.231000037711101e-17
1219.6555642181177,-9.380984956256374e-17,8.731060688693761e-17
1219.7087128856701,-9.452873340316652e-17,1.0889653022951876e-16
1219.7618612632966,-7.83883237782078e-17,1.0220887247694735e-16
1219.8150093510026,-8.788379382667883e-17,1.0890527065100657e-16
1219.868157148792,-1.0495548715672235e-16,9.691966584123248e-17
1219.92130465667,-8.526030904517585e-17,7.434911202447058e-17
1219.974451874641,-1.246030280208439e-16,1.5379423973986945e-16
1220.0275988027104,-1.4584890924481073e-16,1.711901778926192e-16
1220.080745440882,-1.0918726971181641e-16,1.681215455287333e-16
1220.1338917891617,-1.4467790036248311e-16,1.5119878626050977e-16
1220.1870378475535,-1.1219804822989e-16,1.2684766750388522e-16
1220.240183616062,-8.898256047743249e-17,7.726910387050667e-17
1220.2933290946926,-7.438107033564224e-17,7.201774569383233e-17
1220.3464742834494,-6.332227970418684e-17,7.287382026650862e-17
1220.3996191823373,-1.0141308202368175e-16,9.72620003076694e-17
1220.4527637913611,-1.495628224392532e-16,1.4725795103602424e-16
1220.505908110526,-1.3886901662944338e-16,2.3174817361451373e-16
1220.5590521398362,-1.4519403404486204e-16,2.293601103561176e-16
1220.6121958792967,-1.2828555524896521e-16,2.0569311536026124e-16
