trappist-1/STIS/extracted_spectra/TRAPPIST-1_G140M_all_mean.ecsv
# %ECSV 0.9
# ---
# datatype:
# - name: WAVELENGTH
#   unit: Angstrom
#   datatype: float64
# - name: FLUX
#   unit: erg / (Angstrom cm2 s)
#   datatype: float64
# - name: ERROR
#   unit: erg / (Angstrom cm2 s)
#   datatype: float64
# delimiter: ','
# schema: astropy-2.0
WAVELENGTH,FLUX,ERROR
1194.377085465669,2.32658198006085e-16,1.817026854532019e-15
1194.4303723866494,2.2174753649155974e-16,1.339555072657142e-15
1194.4836590154355,1.5757350275427036e-16,9.412249389637382e-16
1194.5369453520323,9.785386041300899e-17,6.678811971192422e-16
1194.5902313964446,8.681053310357945e-17,5.651066030134542e-16
1194.6435171486771,3.897974608084596e-17,5.079603645172988e-16
1194.6968026087347,1.4649620848558872e-16,5.296838303832606e-16
1194.7500877766224,3.074192157449781e-16,6.082316836824389e-16
1194.8033726523447,4.126671815979833e-16,6.528997924291739e-16
1194.8566572359066,4.666062639616206e-16,7.047099683553425e-16
1194.9099415273129,4.764608128073638e-16,6.523789961287444e-16
1194.963225526568,4.800003446478719e-16,7.311371329140655e-16
1195.0165092336777,3.823389857429429e-16,6.06064169072123e-16
1195.0697926486453,3.369216240036438e-16,5.696892518388049e-16
1195.1230757714773,2.8370652655119657e-16,5.335839628182711e-16
1195.176358602177,4.113523149444575e-16,6.436745316392244e-16
1195.2296411407501,3.6653987135042703e-16,6.205728105074857e-16
1195.2829233872012,3.7437365944701697e-16,6.4134245497681285e-16
1195.336205341535,3.686317571256205e-16,6.447203552753791e-16
1195.3894870037566,4.3659792105485865e-16,7.119192374004587e-16
1195.4427683738704,3.749062253784906e-16,6.451048149568946e-16
1195.4960494518816,2.1421817277501618e-16,5.234847300113462e-16
1195.5493302377945,3.8768566671355585e-16,6.802059530935084e-16
1195.6026107316145,3.0441846214957384e-16,6.211586648238776e-16
1195.655890933346,3.475592627339148e-16,6.659751914527224e-16
1195.7091708429937,3.083989586945238e-16,6.207007374077215e-16
1195.7624504605628,2.4684434984662004e-16,5.891169763878252e-16
1195.8157297860578,2.1934688057216042e-16,5.617131410261123e-16
1195.8690088194835,1.7912468153710505e-16,5.0335322272230445e-16
1195.9222875608452,4.032044018422294e-16,7.515655469781328e-16
1195.9755660101473,5.935275812265038e-16,8.334081611452422e-16
1196.0288441673943,6.024004031941893e-16,8.842651626544525e-16
1196.0821220325913,4.074711618841667e-16,7.515354033893288e-16
1196.1353996057437,3.9931397598291403e-16,7.338232717172042e-16
1196.188676886855,3.5770383370064213e-16,7.089024870033099e-16
1196.2419538759314,2.7201706608869014e-16,6.623144925645943e-16
1196.2952305729768,2.6966627471828055e-16,6.705719044226669e-16
1196.3485069779958,3.1742071010108445e-16,7.175036847539751e-16
1196.401783090994,3.1592339395176044e-16,6.960543694940828e-16
1196.455058911976,3.019480461976271e-16,6.892636917667824e-16
1196.5083344409463,2.1904045954953853e-16,6.321525535305938e-16
1196.56160967791,2.502661311544972e-16,6.708087199053842e-16
1196.6148846228714,3.7753185173369086e-16,7.829378472015434e-16
1196.668159275836,4.406902355745437e-16,8.244030361520345e-16
1196.7214336368081,2.4894591463029484e-16,7.003102727888394e-16
1196.7747077057925,4.160106749028895e-16,8.027178924289082e-16
1196.8279814827943,2.271983115893511e-16,6.564918417691715e-16
1196.8812549678182,2.545903333669065e-16,7.277458148909576e-16
1196.934528160869,2.3405794684094317e-16,7.068593989991455e-16
1196.9878010619514,3.211815983160729e-16,7.665278115881784e-16
1197.04107367107,3.2877985371143887e-16,7.872114853725508e-16
1197.09434598823,2.1791433267859612e-16,6.775867305900074e-16
1197.1476180134362,2.627143838817405e-16,7.033063307949352e-16
1197.2008897466933,2.5687443198518776e-16,7.126927794390767e-16
1197.254161188006,2.8497810308813307e-16,7.456556896437992e-16
1197.307432337379,3.0553197110979506e-16,7.942310109904294e-16
1197.3607031948175,1.5672458865318727e-16,6.654315011995396e-16
1197.4139737603261,2.22234313698512e-16,7.10792613867667e-16
1197.467244033909,3.035248728893667e-16,7.676687825114238e-16
1197.5205140155722,1.4852409224395305e-16,6.720161015307477e-16
1197.5737837053196,2.8070790889796606e-16,7.618828506971848e-16
1197.6270531031562,3.713987950248289e-16,8.450792506999295e-16
1197.6803222090869,2.251186796753266e-16,7.565946602018183e-16
1197.7335910231163,2.1149257701681036e-16,7.308367577442446e-16
1197.7868595452496,2.9275577467856257e-16,8.063728804432823e-16
1197.840127775491,2.5357509160453827e-16,7.806855710580483e-16
1197.893395713846,1.686220783173579e-16,6.950629145759141e-16
1197.946663360319,2.5966661629237534e-16,7.860068481786443e-16
1197.9999307149149,2.7464967924038073e-16,8.003029314911981e-16
1198.0531977776382,2.858033590541208e-16,8.273351682397628e-16
1198.106464548494,3.127148871878913e-16,8.44453855455187e-16
1198.159731027487,3.642987717471061e-16,9.039533100538437e-16
1198.2129972146222,1.8248049267656173e-16,7.601266459441958e-16
1198.2662631099042,2.494944380135001e-16,8.202274182984438e-16
1198.3195287133376,2.5599065937026055e-16,8.183921891600195e-16
1198.3727940249275,1.3767525863618824e-16,7.350522818167573e-16
1198.4260590446788,8.521214547082012e-17,7.280334236218914e-16
1198.4793237725962,1.2197173593032225e-16,7.359865549207849e-16
1198.532588208684,1.3614593076466476e-16,7.607048286452854e-16
1198.585852352948,8.757267318452531e-17,7.192162174230436e-16
1198.639116205392,2.0716361912395457e-16,7.999045208343654e-16
1198.692379766021,3.026720960932986e-16,8.719824850062802e-16
1198.7456430348404,2.7627561807409715e-16,8.415539253258217e-16
1198.7989060118546,1.6068053542896253e-16,7.681218726724941e-16
1198.852168697068,1.6160688599482277e-16,7.551477199617724e-16
1198.9054310904862,1.217007354737413e-16,7.6401778693012e-16
1198.9586931921135,8.360840929611172e-17,7.277410992452792e-16
1199.0119550019544,3.7880265434058024e-17,7.125908533629607e-16
1199.0652165200145,8.792793512714391e-17,7.616881914261891e-16
1199.1184777462981,2.228366075310572e-16,8.454874841811716e-16
1199.17173868081,2.0056245626125478e-16,8.207903649507483e-16
1199.2249993235553,3.066421591001756e-16,9.04182929925143e-16
1199.2782596745383,1.3666259992773712e-16,7.828750939522811e-16
1199.3315197337638,1.565862687794703e-16,7.862998933474549e-16
1199.3847795012373,3.532939218068667e-16,9.29556373910125e-16
1199.4380389769628,2.643938067712149e-16,8.830297941919553e-16
1199.4912981609457,1.769457384286735e-16,8.179276139427602e-16
1199.5445570531904,6.209041246030835e-17,7.423774842674177e-16
1199.597815653702,5.383322884211017e-17,7.384248271295244e-16
1199.6510739624848,1.8286360604740486e-16,8.242495680149288e-16
1199.704331979544,3.2536641820561493e-16,9.094465393896592e-16
1199.7575897048844,2.345090302259196e-16,8.621140018231793e-16
1199.810847138511,2.2931154380858544e-16,8.523272764103349e-16
1199.8641042804277,1.8385002927673538e-16,8.566651305692629e-16
1199.91736113064,2.069522173459741e-16,8.417226288703424e-16
1199.970617689153,2.3080782342891226e-16,8.549036012661007e-16
1200.0238739559709,1.0518737536347721e-16,8.167624604886273e-16
1200.0771299310984,1.4313975312819145e-16,8.19595997843265e-16
1200.1303856145407,1.9858418886654352e-16,8.721599797979572e-16
1200.1836410063024,1.6916563551172913e-16,8.482216615578961e-16
1200.2368961063883,1.8571966759170271e-16,8.692680583135526e-16
1200.2901509148037,3.6796617344116494e-16,9.668208395017671e-16
1200.3434054315524,2.1534434286241862e-16,8.704489188072563e-16
1200.39665965664,3.4090453110497685e-16,9.43321160403101e-16
1200.4499135900708,4.611943542773333e-16,1.0182817243646624e-15
1200.50316723185,3.2423101684167848e-16,9.14138687673882e-16
1200.556420581982,3.1851743959554595e-16,9.452199485598167e-16
1200.6096736404718,3.2682920125287227e-16,9.64961615359733e-16
1200.6629264073242,4.284892003656205e-16,9.949242040011907e-16
1200.716178882544,4.639896990908738e-16,1.009814980765011e-15
1200.7694310661361,3.619391859573776e-16,9.466510385990682e-16
1200.8226829581051,4.031516177619509e-16,9.966024252332956e-16
1200.8759345584556,4.294901015268713e-16,1.0018108698358931e-15
1200.929185867193,2.7711646515690295e-16,9.204145728541022e-16
1200.9824368843215,3.5200482161607487e-16,9.677902856966626e-16
1201.035687609846,4.0867129385843786e-16,9.996596482916716e-16
1201.0889380437716,4.10295278868254e-16,9.927227874254e-16
1201.1421881861029,5.808773748007579e-16,1.0847966803813436e-15
1201.1954380368445,7.230098665422195e-16,1.165979501474986e-15
1201.2486875960017,6.330545923560761e-16,1.125323204169789e-15
1201.3019368635785,3.725679864057518e-16,1.0916061650189612e-15
1201.3551858395806,1.3839753786064632e-16,9.22912540076802e-16
1201.408434524012,1.12595906157133e-16,8.647336136373674e-16
1201.461682916878,2.1222469945614624e-16,9.1563469757085e-16
1201.5149310181832,1.8081664378079357e-16,9.035090909384573e-16
1201.5681788279326,2.0734167141112807e-16,9.036776542599175e-16
1201.6214263461304,1.3255599707787524e-16,8.511893239551081e-16
1201.6746735727818,2.1194379865876526e-16,9.080467932249579e-16
1201.7279205078921,2.8360920179190517e-16,9.361088374380736e-16
1201.781167151465,2.5159778677129417e-16,9.19762388933934e-16
1201.8344135035063,1.4733038731805705e-16,8.633383493193904e-16
1201.8876595640202,7.486088858817846e-17,8.238836949422658e-16
1201.9409053330114,3.645476549122465e-16,9.900855449309969e-16
1201.9941508104853,4.1973144461833214e-16,1.0142008994345303e-15
1202.0473959964463,2.987693548090871e-16,9.663610948646967e-16
1202.1006408908986,2.0986313798966332e-16,9.296434569940239e-16
1202.1538854938483,2.37501475009673e-16,9.500137930415902e-16
1202.2071298052992,1.875090986417842e-16,9.282078741119285e-16
1202.2603738252562,2.0292013009763604e-16,9.217135630858078e-16
1202.3136175537245,5.4064340188495317e-17,8.286005052438927e-16
1202.3668609907083,9.127714548157474e-17,8.724960699765652e-16
1202.420104136213,3.223110307173417e-16,9.669343823383611e-16
1202.4733469902433,2.494860480715021e-16,9.373328327546053e-16
1202.5265895528034,1.189421974941647e-16,9.366911049792112e-16
1202.5798318238985,-4.53338554361382e-17,8.519529627680572e-16
1202.6330738035338,-1.0827311727905339e-16,7.975599238912908e-16
1202.686315491713,6.773053905106404e-17,8.616090543109215e-16
1202.7395568884422,9.593728460469476e-17,8.840315565138475e-16
1202.7927979937251,1.0542683101013428e-16,8.770124620819392e-16
1202.846038807567,2.3121643893796977e-16,9.401595463219948e-16
1202.8992793299726,1.7260794627499292e-16,8.957530730470806e-16
1202.952519560947,3.3204301980332235e-16,9.817478908510271e-16
1203.0057595004944,3.137195439439105e-16,9.457701497661001e-16
1203.0589991486197,2.2283175749442373e-16,9.222397048629692e-16
1203.112238505328,3.060267578240146e-16,9.69349178235398e-16
1203.165477570624,7.07591800316632e-17,8.523897690759377e-16
1203.2187163445124,2.2420006630746956e-16,9.395295272153569e-16
1203.271954826998,4.837346589979328e-16,1.0604485546415572e-15
1203.3251930180854,3.596652084782527e-16,9.846645376551532e-16
1203.3784309177795,2.410663955266223e-16,9.629493434366932e-16
1203.4316685260856,2.0808247065162408e-16,9.53968622321572e-16
1203.4849058430077,2.6073255069164995e-16,9.691859513252104e-16
1203.538142868551,1.427055214951932e-16,8.924112341461234e-16
1203.5913796027203,1.027629160115651e-16,8.640232688217182e-16
1203.6446160455203,7.459388130782483e-17,8.616591529969047e-16
1203.6978521969554,3.298758648120187e-16,9.910958303181557e-16
1203.7510880570312,1.6289251790341906e-16,9.195925880573262e-16
1203.8043236257517,2.4095234688768027e-16,9.574297996892502e-16
1203.8575589031223,1.0538926869633422e-16,8.93682839134082e-16
1203.9107938891475,4.8225890450072726e-18,8.491020000192629e-16
1203.964028583832,2.3011039777919654e-16,9.83831994293291e-16
1204.0172629871809,1.6836684031370362e-16,9.13619216797059e-16
1204.0704970991985,2.554101985205639e-16,9.515432804869487e-16
1204.12373091989,2.130036941140774e-16,9.312717519840754e-16
1204.1769644492597,1.754017163938163e-16,9.797738436734677e-16
1204.2301976873127,1.6544068959236175e-16,9.633056624602908e-16
1204.2834306340542,6.229349799513806e-17,8.950980275825703e-16
1204.3366632894883,-1.269765689690785e-17,8.329862648768438e-16
1204.38989565362,3.757196486681082e-16,1.031551604293866e-15
1204.4431277264546,5.094531416854187e-16,1.1090466590320083e-15
1204.496359507996,3.331426423192332e-16,1.0150660010755415e-15
1204.5495909982496,3.835680940903611e-16,1.0240513032980132e-15
1204.6028221972197,3.088838455713484e-16,9.962051897743794e-16
1204.6560531049115,1.0490525489771793e-16,8.936837635579882e-16
1204.70928372133,-2.1484445784874918e-17,8.044195608316124e-16
1204.7625140464793,2.7112689910191957e-16,9.607899627755085e-16
1204.8157440803645,2.824869088090918e-16,9.827200217293027e-16
1204.8689738229903,1.292673228287486e-16,8.920016825270485e-16
1204.9222032743617,1.6047211698732113e-16,9.317597332659633e-16
1204.9754324344833,6.377003970563143e-17,8.6139586594095665e-16
1205.0286613033597,1.053121340121866e-16,8.97205626448403e-16
1205.0818898809964,1.6995474214119992e-16,9.140152939330077e-16
1205.1351181673974,3.733982885015421e-16,1.0167900769218427e-15
1205.188346162568,1.3314828927109007e-16,8.817392408385384e-16
1205.2415738665125,1.575209260331636e-16,8.950045758959043e-16
1205.2948012792363,2.7629451838448256e-16,9.599823495829e-16
1205.3480284007433,1.7683147982223617e-16,9.288577833498456e-16
1205.4012552310392,3.1736783211688375e-16,1.0218349575040196e-15
1205.4544817701283,3.1255780014652805e-16,1.0401370208126353e-15
1205.5077080180151,1.2184845362846994e-16,9.389031215579614e-16
1205.560933974705,2.7399604403976354e-16,1.0172385499011516e-15
1205.6141596402026,1.658953108927034e-16,9.40305493633185e-16
1205.6673850145125,3.016440840145748e-16,1.0064352098502834e-15
1205.7206100976396,4.1673056962379836e-16,1.0310323023347888e-15
1205.7738348895887,3.8301057507410094e-16,1.0040808988963848e-15
1205.8270593903644,3.975214668038705e-16,1.0220279268938187e-15
1205.8802835999718,1.088262349173041e-16,8.89144807628604e-16
1205.9335075184154,1.7941648713777606e-16,9.336983619271926e-16
1205.9867311456999,4.019697295532103e-16,1.0533044580562637e-15
1206.0399544818304,2.396366567649458e-16,9.636510664430652e-16
1206.0931775268114,3.7228359489760605e-16,1.0241149293361675e-15
1206.146400280648,2.5422879803406866e-16,9.687481586141684e-16
1206.1996227433447,1.5122600699142938e-16,9.058354456420618e-16
1206.252844914906,1.0898389427334378e-16,8.770215715277973e-16
1206.3060667953375,2.945898578909427e-16,9.911348224239547e-16
1206.3592883846432,3.40465967850275e-16,1.0097695330575512e-15
1206.4125096828286,1.917020442633922e-16,9.159049509213888e-16
1206.4657306898978,1.8753166814384772e-16,9.33942408484968e-16
1206.5189514058557,2.8903659765782033e-16,9.702724862339051e-16
1206.5721718307075,4.0807202461365554e-16,1.0273982124743263e-15
1206.6253919644573,1.1504034775777155e-16,8.878346546275795e-16
1206.6786118071104,7.883417869990086e-17,8.656686628709415e-16
1206.7318313586718,3.2541940859511927e-16,1.0006039266191978e-15
1206.7850506191457,2.3745565509543793e-16,9.562146962742927e-16
1206.838269588537,1.599061858920202e-16,9.261506097089953e-16
1206.8914882668507,3.4906871009771655e-16,1.0151287004485625e-15
1206.9447066540915,1.7982733448976118e-16,9.232573033496336e-16
1206.9979247502638,8.911545201533287e-17,8.804774851174611e-16
1207.0511425553732,2.1701072655737696e-16,9.331045052319155e-16
1207.1043600694238,1.9194742711667458e-16,9.283284734078534e-16
1207.1575772924205,2.2837094549136043e-16,9.497570520471522e-16
1207.2107942243679,2.378383062100524e-16,9.685161575538186e-16
1207.2640108652713,1.5947170938600845e-16,9.220495385460411e-16
1207.3172272151353,1.4164595221188752e-16,9.13739306468528e-16
1207.3704432739642,5.90953703215294e-17,8.628817708385505e-16
1207.4236590417631,-7.451699121126915e-17,7.949374077551799e-16
1207.4768745185372,2.979462994203459e-16,9.79498604169393e-16
1207.5300897042905,3.549064668582571e-16,1.0023731594185306e-15
1207.5833045990285,1.8115812549598127e-16,9.088870150258155e-16
1207.6365192027552,1.8384553102471623e-16,9.357628968094001e-16
1207.6897335154765,1.1312290507170173e-16,9.136320628825566e-16
1207.742947537196,3.102228621261092e-16,9.954430298921774e-16
1207.7961612679187,3.7053337540776177e-16,1.0191350233491817e-15
