trappist-1/STIS/extracted_spectra/TRAPPIST-1_G140M_2018_mean.ecsv
# %ECSV 0.9
# ---
# datatype:
# - name: WAVELENGTH
#   unit: Angstrom
#   datatype: float64
# - name: FLUX
#   unit: erg / (Angstrom cm2 s)
#   datatype: float64
# - name: ERROR
#   unit: erg / (Angstrom cm2 s)
#   datatype: float64
# delimiter: ','
# schema: astropy-2.0
WAVELENGTH,FLUX,ERROR
[from data line 254]
1207.9025878563943,2.0129303099131672e-16,7.112158693270523e-16
1207.955800714156,2.4971975942727953e-16,7.572724312273118e-16
1208.0090132809407,8.048533990579144e-17,5.728605979537726e-16
1208.0622255567528,1.1617974034503188e-16,6.463485501500901e-16
1208.1154375415965,1.9938518303524139e-16,6.740522743029549e-16
1208.1686492354775,1.0528506227700637e-16,5.840768501774667e-16
1208.2218606383997,4.513210837244007e-17,6.035959927624544e-16
1208.2750717503686,1.3949086006210822e-16,6.845432290687501e-16
1208.3282825713886,4.344010107238426e-16,8.137107454247631e-16
1208.3814931014647,3.350372382985988e-16,7.642387070161159e-16
1208.4347033406016,2.28147792892523e-16,7.366447326388038e-16
1208.4879132888036,8.044137671758886e-17,6.33514828317977e-16
1208.541122946076,1.880658499237768e-16,6.760311098851111e-16
1208.5943323124236,9.365446922558741e-17,5.798667326681449e-16
1208.647541387851,2.2344113793998257e-16,7.186956319410531e-16
1208.7007501723629,3.037276026528035e-16,7.513990786949977e-16
1208.7539586659643,3.253265542618342e-16,7.658448137454598e-16
1208.8071668686598,5.040267779970509e-16,8.603065048292078e-16
1208.860374780454,2.931203798281165e-16,6.767630271100616e-16
1208.9135824013522,2.6410225971362286e-16,6.961546907602849e-16
1208.9667897313586,-9.182126676727817e-18,5.53040589518332e-16
1209.0199967704784,5.541520344787636e-17,5.700729437379086e-16
1209.073203518716,7.558593916543994e-17,6.231765996512859e-16
1209.1264099760763,8.41249041475781e-17,6.138547632630548e-16
1209.1796161425643,-2.510604136804464e-17,5.525330416773743e-16
1209.2328220181846,8.882975804668522e-17,6.277357400455811e-16
1209.2860276029419,1.9946966205217146e-16,7.083362608748725e-16
1209.3392328968412,1.420215929928468e-16,7.096276469615645e-16
1209.392437899887,2.172561469087202e-17,5.958006833013973e-16
1209.445642612084,1.651113108449218e-16,7.039991515235929e-16
1209.4988470334372,1.2466349468677012e-17,5.52688507682217e-16
1209.5520511639515,7.87375585881875e-17,5.720226217443855e-16
1209.6052550036316,3.260066078375096e-16,6.932091331099062e-16
1209.6584585524818,1.201297820485273e-16,6.600380730187278e-16
1209.7116618105072,2.1492034618676344e-16,6.859593820722317e-16
1209.7648647777128,1.0778450241695087e-16,6.6704460955587885e-16
1209.8180674541031,2.408964307693383e-16,6.929170980458069e-16
1209.871269839683,7.039549726043392e-17,5.910344611169319e-16
1209.9244719344574,2.6841409704409343e-16,7.413834952248296e-16
1209.9776737384307,1.9965368410501517e-16,6.6841786138615e-16
1210.0308752516075,9.575401095960138e-17,6.053476678928906e-16
1210.0840764739935,4.826875703108943e-16,8.164553778631244e-16
1210.1372774055924,2.3889429438161976e-16,6.70541955435711e-16
1210.1904780464097,2.849073827040799e-16,7.353365629087051e-16
1210.2436783964497,3.3834524625890637e-16,7.371659462313654e-16
1210.2968784557177,2.6673786546102817e-16,7.343847984722005e-16
1210.350078224218,4.99450595532169e-16,8.151515600472992e-16
1210.4032777019552,9.481334588094675e-16,9.447671496813184e-16
1210.4564768889347,8.790408535840722e-16,8.6596331559973e-16
1210.5096757851609,2.43323870024609e-16,7.12983061969004e-16
1210.5628743906386,2.0417420399652762e-16,6.340151977163838e-16
1210.6160727053727,-8.999094562541274e-18,5.206077982139943e-16
1210.6692707293678,-6.621230338875552e-17,4.755964958827299e-16
1210.7224684626287,1.2496709993155714e-16,6.232830313508819e-16
1210.77566590516,3.402812210928528e-16,7.70192100724823e-16
1210.8288630569668,1.468618157836563e-16,6.582650826072827e-16
1210.8820599180538,-5.3677988983744074e-17,4.869127842957149e-16
1210.9352564884257,4.3414397783823024e-16,8.135414824465818e-16
1210.9884527680872,5.816449173443662e-16,8.86948838507806e-16
1211.041648757043,1.8223328550709163e-16,6.18365565113896e-16
1211.0948444552982,2.3292363091670236e-16,7.048287583300406e-16
1211.1480398628569,2.3038816180717933e-16,6.843385227512165e-16
1211.2012349797249,2.0787187920884272e-16,6.48217321148747e-16
1211.254429805906,9.146205359351375e-17,5.984385105475408e-16
1211.3076243414052,9.423406873178731e-17,6.042525091106621e-16
1211.3608185862279,1.3300237232353468e-16,5.742680643304356e-16
1211.414012540378,2.4034376990383296e-16,6.484983600255084e-16
1211.4672062038608,5.687165660992405e-17,5.675873903567871e-16
1211.520399576681,1.148005682492006e-16,6.0542568661567425e-16
1211.573592658843,2.906067517323122e-16,6.745610020553995e-16
1211.626785450352,1.1995436942954227e-16,6.19204874982217e-16
1211.6799779512125,2.0315144509254674e-16,6.634652381221162e-16
1211.7331701614294,7.670127319394351e-17,5.934367394428164e-16
1211.7863620810076,2.2659165888112983e-16,6.918003543336638e-16
1211.8395537099516,1.9858087315992505e-16,6.861921072459152e-16
1211.8927450482659,2.807583306052884e-16,7.121878855757439e-16
1211.945936095956,2.6543347769328667e-16,6.850599869888378e-16
1211.9991268530262,1.6278627892851363e-16,6.5035181234344905e-16
1212.0523173194813,6.44446501371871e-18,5.797608940157609e-16
1212.1055074953263,1.926813914657665e-16,6.50237465527577e-16
1212.1586973805656,3.600606498469393e-16,7.345534893704739e-16
1212.2118869752042,1.4059904450176835e-16,6.599164284518863e-16
1212.2650762792466,3.747383941645953e-16,8.364759588061256e-16
1212.318265292698,6.094853707615134e-16,8.732497215401857e-16
1212.3714540155627,2.9844480785558383e-16,7.459097615015262e-16
1212.424642447846,3.4272017188619107e-16,7.171828791772758e-16
1212.477830589552,8.991710742039536e-17,6.080274037916297e-16
1212.5310184406862,1.2223942431233713e-16,6.248595187460106e-16
1212.5842060012526,1.6870968435294181e-16,6.350475331705998e-16
1212.6373932712565,4.648406633816047e-16,7.958261062292237e-16
1212.6905802507024,3.537179784095274e-16,7.158363726527916e-16
1212.7437669395954,1.8868212857626798e-16,6.514496648643066e-16
1212.7969533379398,1.8817135753642337e-16,6.47078371912997e-16
1212.8501394457408,4.1519178134397485e-16,7.766352996524919e-16
1212.9033252630027,1.0100604351968796e-16,6.221605208330344e-16
1212.9565107897306,7.144114002226237e-17,6.412949872388846e-16
1213.009696025929,4.4317525441939595e-17,6.270441681520126e-16
1213.0628809716031,1.0483374318740261e-16,6.594000074274986e-16
1213.1160656267573,2.0129453377832586e-16,6.982434197128727e-16
1213.1692499913966,1.9987511287925496e-16,6.353765866001837e-16
1213.2224340655252,8.455097873758699e-17,5.943323207594647e-16
1213.2756178491484,-2.9669534565228483e-17,4.943831856666278e-16
1213.3288013422712,-3.651438454220965e-17,4.726561637468859e-16
1213.3819845448975,4.302602832549665e-16,7.527417047758483e-16
1213.435167457033,7.351819775331152e-16,8.309964610688261e-16
1213.4883500786818,4.385893550265579e-16,7.520779011770465e-16
1213.5415324098487,2.7057912279552195e-16,6.81723400405163e-16
1213.5947144505387,5.366677230836971e-16,7.941743352658128e-16
1213.6478962007568,5.450192038613467e-16,8.268918850990762e-16
1213.701077660507,2.091421009219214e-16,6.630271339531642e-16
1213.754258829795,-4.377621366732001e-18,5.085878725047034e-16
1213.8074397086248,2.6538642358444404e-16,7.012338859435121e-16
1213.8606202970016,5.915896997510388e-16,8.94354182607102e-16
1213.9138005949294,3.586705114503202e-16,7.111904805753218e-16
1213.9669806024142,2.0943528479647773e-16,6.604299588255506e-16
1214.0201603194598,2.403832552332779e-16,6.741495695068597e-16
1214.0733397460713,3.26201785921285e-16,6.975025354420148e-16
1214.1265188822535,3.301410632967749e-16,6.970178826087302e-16
1214.179697728011,4.3626754008927035e-16,7.71948419678228e-16
1214.2328762833488,3.348629261589693e-16,7.369461430933191e-16
1214.2860545482713,2.456518904247805e-16,7.004203789264884e-16
1214.3392325227835,2.938580552362978e-16,6.892806352824048e-16
1214.3924102068902,4.055889165729083e-16,7.698198684671359e-16
1214.4455876005957,4.901179775192059e-16,7.787659039498773e-16
1214.4987647039056,5.9877794308511215e-16,8.008121303987249e-16
1214.5519415168242,3.765301232039177e-16,6.855946560344498e-16
1214.605118039356,6.315698790039259e-16,8.761022443988881e-16
1214.6582942715058,5.855627296263983e-16,8.55870334860031e-16
1214.711470213279,7.253200440669941e-16,8.841168478262601e-16
1214.7646458646796,1.1496725788267105e-15,1.0736457010193414e-15
1214.8178212257128,1.1982561446903813e-15,1.075408567619955e-15
1214.870996296383,1.1951463955859522e-15,1.1065884149336933e-15
1214.9241710766958,2.0728553214437286e-15,1.409261115851549e-15
1214.9773455666548,2.2888213531257696e-15,1.5182895783676406e-15
1215.0305197662653,2.420835313486393e-15,1.5760039007505207e-15
1215.0836936755322,3.107162776423156e-15,1.7822601617830377e-15
1215.1368672944602,3.870368717200971e-15,2.0218224717100447e-15
1215.1900406230536,4.506398422323112e-15,2.2612181204660973e-15
1215.243213661318,4.5627123879509834e-15,2.358958044448347e-15
1215.2963864092571,3.469123750474137e-15,2.3051328284885543e-15
1215.3495588668768,1.634663191562429e-15,2.2435800658414788e-15
1215.4027310341812,1.7202244462870537e-15,2.627520211211104e-15
1215.455902911175,9.121676940707765e-16,3.329749307967529e-15
1215.509074497863,2.7817888548756807e-16,4.115992178965829e-15
1215.56224579425,3.059595482482874e-17,4.442282190835207e-15
1215.615416800341,1.0718707134073293e-16,4.4391889796687625e-15
1215.6685875161404,-5.385658433638388e-16,4.816520676412157e-15
1215.7217579416533,1.093373576799163e-15,6.0243489440014216e-15
1215.7749280768842,1.3708884481193161e-15,6.356297323305696e-15
1215.8280979218378,2.75537429083961e-15,5.6986408154671694e-15
1215.881267476519,6.614176319608052e-16,3.865529260565097e-15
1215.9344367409326,4.402366488311468e-16,2.590181062945929e-15
1215.9876057150836,9.526158361737199e-17,1.93002997395527e-15
1216.040774398976,7.487790492454501e-16,1.6406350942460149e-15
1216.093942792615,1.5176397308797387e-15,1.5253777609980098e-15
1216.1471108960054,1.6787458884087814e-15,1.466867159677136e-15
1216.2002787091521,1.6324197887707613e-15,1.2452002325883106e-15
1216.2534462320596,1.215039721935675e-15,1.073187854737618e-15
1216.3066134647327,1.2560387938402088e-15,1.0806691361749385e-15
1216.359780407176,1.0894513842906063e-15,1.0333687123887007e-15
1216.4129470593946,8.920538902040583e-16,9.44320031113904e-16
1216.466113421393,8.294089614877265e-16,9.33329282770494e-16
1216.5192794931759,5.031544176474566e-16,7.781713801425594e-16
1216.5724452747484,7.045312675109851e-16,8.904187558501846e-16
1216.6256107661147,5.812474377057928e-16,8.37570187512607e-16
1216.67877596728,6.840084323716865e-16,8.595063538189381e-16
1216.731940878249,7.339955958122497e-16,9.025702833478191e-16
1216.7851054990263,6.334016196910089e-16,8.244058335534558e-16
1216.8382698296168,3.966031506191854e-16,7.197323528375614e-16
1216.8914338700254,3.64555797196559e-16,6.821414403540623e-16
1216.9445976202562,2.3066227553005524e-16,6.006506580329607e-16
1216.9977610803146,5.269596454435285e-16,7.6899106116018e-16
1217.050924250205,5.31842809398996e-16,7.671497724719589e-16
1217.1040871299324,4.246087834332005e-16,7.182318758902303e-16
1217.1572497195018,4.696501193649268e-16,7.352651391863988e-16
1217.210412018917,1.9333957045544377e-16,5.490739824763698e-16
1217.2635740281837,1.254085397504183e-16,5.260779477131619e-16
1217.316735747306,2.2275298485185436e-16,6.173822246031049e-16
1217.369897176289,2.3988289353863353e-16,6.259600765314777e-16
1217.4230583151375,2.5205263510135955e-16,6.312303442217948e-16
1217.4762191638563,2.4489205214996895e-16,6.310223528433177e-16
1217.52937972245,-9.473973711186551e-18,4.662871029884586e-16
1217.582539990923,2.1412058049797583e-16,5.973403990621292e-16
1217.6356999692805,5.071697263259005e-16,7.671000310507437e-16
1217.6888596575272,2.8256127947365264e-16,6.223698415906514e-16
1217.7420190556677,9.857766244586238e-17,5.400275469678982e-16
1217.795178163707,1.5381409806033015e-16,5.79958705269176e-16
1217.8483369816497,8.818502774199227e-17,5.116283590133342e-16
1217.9014955095004,1.5412559041474077e-16,5.3416923048752955e-16
1217.954653747264,2.887065617955526e-16,6.160280818357556e-16
1218.0078116949453,1.1703918314834784e-16,5.125182892271968e-16
1218.0609693525491,2.822085909232194e-16,6.466198643617753e-16
1218.1141267200799,2.5689853188277923e-17,4.861222528546655e-16
1218.1672837975423,1.0941586237063493e-16,5.100849656049814e-16
1218.220440584942,1.1410176441137529e-16,5.508420629516982e-16
1218.2735970822825,1.9379057393102303e-16,5.745054930985384e-16
1218.3267532895693,6.60583713551094e-17,4.633235815084363e-16
1218.3799092068073,1.150453755109239e-16,5.380452280576986e-16
1218.4330648340006,1.7872529431331094e-16,5.43615298181233e-16
1218.486220171154,1.8656504838404545e-16,5.593377314024217e-16
1218.5393752182729,1.0565943116558192e-16,5.340175792142715e-16
1218.5925299753617,-4.412503541366721e-17,4.31801416448122e-16
1218.645684442425,1.0606553088470988e-16,5.263291411218149e-16
1218.6988386194676,2.9430596488657337e-16,6.350228402775559e-16
1218.7519925064944,1.8357164760036686e-16,5.406657474927554e-16
1218.80514610351,1.08080473434035e-16,5.164100861011984e-16
1218.8582994105193,-1.0582006921014178e-16,4.0138752477622935e-16
1218.911452427527,8.134633798990911e-17,5.04260392928583e-16
1218.9646051545374,1.618348536502285e-16,5.694231844569321e-16
1219.0177575915561,1.6937311361241394e-16,5.636828854326569e-16
1219.0709097385873,-2.1363451016546006e-17,4.015206179253555e-16
1219.1240615956358,3.45241816075767e-17,4.493267248284299e-16
1219.1772131627063,7.92112916822089e-17,5.047916702923488e-16
1219.2303644398037,1.4119816627672312e-16,5.194018425556426e-16
1219.2835154269324,1.9241359234603074e-16,5.602253029135604e-16
1219.3366661240977,2.5394240829884034e-16,6.298317364578174e-16
1219.3898165313042,3.6165062259831683e-16,6.661034859071395e-16
1219.4429666485562,2.195367610320475e-16,5.780133069596e-16
1219.4961164758588,5.890593900034033e-16,7.690739083706445e-16
1219.549266013217,5.653824541920796e-16,7.745768075481614e-16
1219.6024152606349,1.063276482246871e-16,5.107570939111582e-16
1219.6555642181177,2.4488149329321534e-16,5.872292811413311e-16
1219.7087128856701,1.839413321907006e-16,5.23288818570941e-16
1219.7618612632966,2.798206859486449e-16,6.221795318778017e-16
1219.8150093510026,1.9269335325169059e-16,5.575045931984141e-16
1219.868157148792,1.2666350287944225e-16,4.697879104429847e-16
1219.92130465667,2.2118702991947852e-16,5.394177783305668e-16
1219.974451874641,1.5905708772716655e-16,5.257142020067036e-16
1220.0275988027104,8.85744443742566e-17,4.729268913815077e-16
1220.080745440882,1.450070807303905e-16,4.957935419803312e-16
1220.1338917891617,1.527481329390733e-16,5.100282897818779e-16
1220.1870378475535,1.7461927007500977e-16,5.261777771129832e-16
1220.240183616062,1.2534310511313756e-16,4.902880405238171e-16
1220.2933290946926,1.7898840039099984e-16,5.391649003594301e-16
1220.3464742834494,1.353288847752258e-16,5.105737102137796e-16
1220.3996191823373,1.2688427625413146e-16,5.069488373980278e-16
1220.4527637913611,-2.143010469515697e-17,4.0265655459353207e-16
1220.505908110526,1.8574179502335702e-16,5.529363996431166e-16
1220.5590521398362,-3.9226581146497127e-17,3.4620979138549134e-16
1220.6121958792967,-7.609797810706893e-17,3.435204712759616e-16
1220.6653393289118,-7.247744189121269e-18,3.8251218675495403e-16
1220.7184824886867,-2.0560743095240386e-17,4.010605076601357e-16
1220.771625358626,9.006208193048552e-17,4.946384110576679e-16
1220.8247679387346,-1.1009334445490364e-16,3.3430298334137373e-16
1220.8779102290168,-1.0362494214589069e-16,3.5202303134649755e-16
1220.931052229478,1.811581411753761e-16,5.241228094888492e-16
1220.9841939401222,1.403861984116942e-16,5.028409295441081e-16
1221.0373353609546,3.0178886562191144e-16,6.149965977087073e-16
1221.09047649198,2.1306349403661066e-16,5.668208243573147e-16
1221.1436173332029,-9.623737478896661e-17,2.873182977591326e-16
1221.1967578846281,7.922714101501804e-17,4.816787336970267e-16
1221.2498981462606,1.8452974623890056e-16,5.402172235973489e-16
