trappist-1/STIS/extracted_spectra/TRAPPIST-1_G140M_2018_mean.ecsv
# %ECSV 0.9
# ---
# datatype:
# - name: WAVELENGTH
#   unit: Angstrom
#   datatype: float64
# - name: FLUX
#   unit: erg / (Angstrom cm2 s)
#   datatype: float64
# - name: ERROR
#   unit: erg / (Angstrom cm2 s)
#   datatype: float64
# delimiter: ','
# schema: astropy-2.0
WAVELENGTH,FLUX,ERROR
[from data line 759]
1234.738152736349,1.267387240938494e-16,2.8794506656406547e-16
1234.7912192551753,1.1904947792538301e-16,2.736756744246554e-16
1234.8442854854181,7.983756643566794e-17,2.1769433813030521e-16
1234.8973514270824,1.534709457969465e-16,3.266005335579026e-16
1234.9504170801724,1.332121421700124e-16,3.0984489417569077e-16
1235.0034824446934,1.705575426789249e-16,3.159513720872378e-16
1235.0565475206492,2.1130207719542445e-16,3.648280859445245e-16
1235.1096123080454,2.8889016499361103e-16,4.2645791454070725e-16
1235.1626768068866,2.1991707188937634e-16,3.706681220658669e-16
1235.2157410171772,1.7951492381235724e-16,3.291383355132798e-16
1235.2688049389221,1.2131427014247243e-16,2.8024609585589257e-16
1235.3218685721258,2.200195583623725e-16,3.5118194185900473e-16
1235.374931916793,1.299573371423308e-16,2.6318253410819823e-16
1235.427994972929,1.4312351781621026e-16,2.953548133214544e-16
1235.4810577405376,1.727039387164775e-16,3.391660796766987e-16
1235.534120219624,2.304203397255173e-16,3.823940347847234e-16
1235.587182410193,1.0990671188317149e-16,2.3148797259200017e-16
1235.640244312249,1.5558753024097722e-16,3.003043696992138e-16
1235.6933059257972,1.1643532518003201e-16,2.7276841724218303e-16
1235.7463672508418,4.210725174939952e-17,1.7899229712914183e-16
1235.7994282873874,6.845821027163859e-17,2.088723284967478e-16
1235.8524890354395,1.3558549587369818e-16,2.8904209716332326e-16
1235.905549495002,9.364701481450065e-17,2.2918421259658945e-16
1235.9586096660798,1.6490953166813739e-16,3.3262747085873037e-16
1236.011669548678,1.4475265050206702e-16,2.95133611475165e-16
1236.0647291428008,7.807468800133265e-17,2.1911748303567191e-16
1236.1177884484532,9.575251526429889e-17,2.488400223776766e-16
1236.1708474656398,1.3112212293547154e-16,2.8697852110164273e-16
1236.2239061943653,1.0004522795388588e-16,2.3176612871981456e-16
1236.2769646346346,1.6240022516552024e-16,3.06824557596008e-16
1236.3300227864522,2.4939846939187518e-17,1.3417930533255878e-16
1236.3830806498224,1.2480589271992594e-16,2.693431128297189e-16
1236.436138224751,1.0004896158614092e-16,2.217496030403673e-16
1236.4891955112416,1.3732654788182614e-16,2.7442719438211086e-16
1236.5422525092995,1.2208230404371097e-16,2.4855308363389486e-16
1236.5953092189293,1.0404046873458859e-16,2.184279864065182e-16
1236.6483656401356,1.6171938898533104e-16,3.085750316985719e-16
1236.7014217729231,3.611613897495827e-17,1.761441223559639e-16
1236.7544776172965,8.680512793448695e-17,2.4003826322209105e-16
1236.8075331732607,2.8418125983770507e-16,3.9291411596484217e-16
1236.8605884408205,2.0332268051958146e-16,3.0592375870904166e-16
1236.9136434199802,7.982811538742103e-17,2.079683637954287e-16
1236.9666981107446,6.141232803368737e-17,1.8401024691721575e-16
1237.0197525131184,1.0682641861129458e-16,2.351757376741468e-16
1237.0728066271067,1.349129263801093e-16,2.583624990642058e-16
1237.1258604527134,1.1127160146161333e-16,2.0218647115664808e-16
1237.178913989944,2.8405830990820246e-16,3.705659316087913e-16
1237.231967238803,2.378693911869164e-16,3.5075725103320717e-16
1237.2850201992949,1.9667896237392843e-16,3.4257655706634626e-16
1237.3380728714244,1.028145290402911e-16,2.5207336768209376e-16
1237.3911252551964,1.1646149367959865e-16,2.60449797742873e-16
1237.4441773506157,2.0893492999187138e-16,3.292309138449352e-16
1237.4972291576864,2.1187522563808686e-16,3.105808919586329e-16
1237.5502806764139,1.605060401231839e-16,2.928961516281225e-16
1237.6033319068024,4.988586289316534e-17,1.7100529969592642e-16
1237.6563828488568,1.782323505424595e-16,3.1956016184590156e-16
1237.709433502582,1.1649964181597783e-16,2.5098267631500963e-16
1237.7624838679824,1.6605537495546215e-16,3.2057022336940997e-16
1237.815533945063,1.6322324766595863e-16,3.0914457380010435e-16
1237.868583733828,1.3090089585188781e-16,2.58129884591523e-16
1237.9216332342826,8.855027681987403e-17,2.1393939891161094e-16
1237.9746824464314,1.3472916904214623e-16,2.591821051510159e-16
1238.0277313702788,1.4344499986710202e-16,2.694947148508075e-16
1238.0807800058296,8.014619555144744e-17,1.946983555710511e-16
1238.133828353089,8.917198958420766e-17,2.2894783174808313e-16
1238.186876412061,5.3637578582004785e-17,1.7086799748799651e-16
1238.239924182751,1.137204564836001e-16,2.677053981503213e-16
1238.292971665163,1.5255941413880606e-16,2.906375001710048e-16
1238.3460188593024,8.749096829891716e-17,2.185393837112335e-16
1238.3990657651732,2.661158323399235e-16,3.924904817748711e-16
1238.4521123827801,2.2240092007947405e-16,3.3860577751848046e-16
1238.5051587121286,2.7349569040228395e-16,3.785681240847641e-16
1238.5582047532228,3.189378230786875e-16,3.7828420759944325e-16
1238.611250506067,2.7087477308268134e-16,3.6846326812628395e-16
1238.6642959706671,2.3999959839389983e-16,3.450917735625583e-16
1238.7173411470271,1.817278035518077e-16,3.0571559658184713e-16
1238.7703860351514,1.153111773277488e-16,2.3977655007642204e-16
1238.823430635045,3.47470212874357e-17,1.3383070131987318e-16
1238.8764749467127,1.429868831256718e-16,2.849708662392191e-16
1238.929518970159,1.6497690726578134e-16,2.9160636008228513e-16
1238.982562705389,1.0439513675419602e-16,2.381827940035761e-16
1239.035606152407,1.1423379765523088e-16,2.386074625115028e-16
1239.0886493112175,1.4636489940173694e-16,2.815670534061889e-16
1239.1416921818259,7.253715181357368e-17,1.972569793696045e-16
1239.194734764236,1.1205422865037034e-16,2.374515582028161e-16
1239.2477770584535,7.77933998736232e-17,1.9945852549295268e-16
1239.300819064482,3.918687964886235e-17,1.354488791538648e-16
1239.3538607823273,8.22668145512296e-17,1.8275869971051652e-16
1239.4069022119934,1.424237793565832e-16,2.736744667234579e-16
1239.4599433534854,1.474939763731737e-16,2.732049722287043e-16
1239.5129842068075,1.0477962653932353e-16,2.279648402097925e-16
1239.5660247719645,1.6631557131822867e-16,2.902141356438974e-16
1239.6190650489618,1.1582437075763074e-16,2.515339088619366e-16
1239.672105037803,1.246872626270231e-16,2.5802806681888386e-16
1239.7251447384938,1.51557542808585e-16,2.806518806634066e-16
1239.7781841510384,6.639889987212516e-17,1.6908313080652035e-16
1239.8312232754415,2.1879110810878188e-16,3.510619338406331e-16
1239.8842621117078,1.198828838134016e-16,2.2031263353190806e-16
1239.937300659842,6.300409760266591e-17,1.8924591410665956e-16
1239.990338919849,1.114945896177476e-16,2.505414828153456e-16
1240.0433768917333,5.460942180317821e-17,1.6315155833403492e-16
1240.0964145754997,1.2991129215757919e-16,2.525683133547106e-16
1240.1494519711525,5.51292659854944e-17,1.543898521161551e-16
1240.202489078697,1.5054033850494454e-16,2.6753157370728687e-16
1240.2555258981374,1.3088735586616146e-16,2.321900844897554e-16
1240.3085624294788,1.1079079128445812e-16,2.414688056385573e-16
1240.3615986727257,5.010648095686854e-17,1.0498545430960612e-16
1240.4146346278826,1.0139403161673206e-16,2.0727886212735418e-16
1240.4676702949548,1.0493241087278225e-16,2.3035382211021864e-16
1240.5207056739464,1.4182909424557647e-16,2.7086647597210195e-16
1240.5737407648624,9.277705799830492e-17,1.7588551486965255e-16
1240.6267755677072,8.106634441000903e-17,1.79125705305892e-16
1240.6798100824858,1.2379470120696781e-16,2.5065373702427596e-16
1240.7328443092024,1.6609483832286546e-16,3.0180223630083364e-16
1240.7858782478625,8.086961833080965e-17,1.7546272498992947e-16
1240.83891189847,5.823571546544867e-17,1.4989364945612334e-16
1240.8919452610303,1.1011308766198111e-16,2.1891568366506305e-16
1240.9449783355476,6.938730227565782e-17,1.8177803614935136e-16
1240.9980111220266,1.0989760373573999e-16,2.4594262487463425e-16
1241.0510436204725,1.9283848834568314e-16,2.927986287782839e-16
1241.1040758308895,1.0536102978559504e-16,2.1471581004472588e-16
1241.1571077532822,1.0996060728777902e-16,2.3112132926754167e-16
1241.2101393876555,1.3889609754812215e-16,2.4035817522702683e-16
1241.2631707340145,1.1505572858701975e-16,2.3906326999601767e-16
1241.316201792363,1.0370267679274391e-16,2.1979642614927025e-16
1241.3692325627064,6.759357391357806e-17,1.7694565275791261e-16
1241.422263045049,1.1004697705694996e-16,2.2020020646909798e-16
1241.4752932393963,8.065265605329511e-17,1.727169652951282e-16
1241.528323145752,1.1719334172740324e-16,2.3415411579478453e-16
1241.5813527641208,1.9058137378460235e-16,3.0426517556587684e-16
1241.6343820945083,9.246502833795257e-17,1.9723202869836418e-16
1241.6874111369182,1.0363170505547454e-16,2.1556428666578806e-16
1241.7404398913557,7.387274855075076e-17,1.845083130047691e-16
1241.7934683578255,6.524419067118773e-17,1.6982789918374977e-16
1241.8464965363323,1.4633650976559162e-16,2.783082716108317e-16
1241.8995244268808,1.3471775033823724e-16,2.7654252161064575e-16
1241.9525520294756,1.563376562826068e-16,2.709456001361828e-16
1242.005579344121,1.7501475371338028e-16,2.9342049927294837e-16
1242.0586063708222,1.3491904233264605e-16,2.445448812859477e-16
1242.1116331095839,1.0120607972734424e-16,2.1798411389956132e-16
1242.1646595604107,4.4644224441236786e-17,1.368892254847002e-16
1242.217685723307,5.266399266603561e-17,1.7156356281314984e-16
1242.270711598278,2.6987675178153313e-17,9.841674305200246e-17
1242.3237371853281,6.401330560554744e-17,1.688343810790861e-16
1242.376762484462,1.548537330547916e-16,2.767164347451948e-16
1242.4297874956844,1.0934010454373169e-16,2.079416631395646e-16
1242.482812219,2.0006287863773833e-16,2.9922580905154795e-16
1242.5358366544135,2.932051387665943e-16,3.664742371889589e-16
1242.5888608019295,1.7767138754357185e-16,2.920435673786348e-16
1242.641884661553,1.142991419882076e-16,2.1534716007086111e-16
1242.694908233288,8.139500119456723e-17,1.8957897117328244e-16
1242.74793151714,1.0102586449707761e-16,2.305924701791846e-16
1242.8009545131133,4.9775439542919964e-17,1.671693061899223e-16
1242.8539772212125,1.3914897529954623e-16,2.595227949622493e-16
1242.9069996414426,1.4646042710814832e-16,2.6218123226719376e-16
1242.9600217738077,1.8219641705552117e-16,2.880691130903814e-16
1243.0130436183133,5.966318007913878e-17,1.8020919683190105e-16
1243.0660651749638,5.610921246271533e-17,1.7041761989090066e-16
1243.1190864437635,9.06689788266612e-17,2.0499885397842965e-16
1243.1721074247175,1.4684097601475598e-17,9.212068230906048e-17
1243.22512811783,8.545815532358518e-17,1.8283083390340214e-16
1243.2781485231064,1.2454641792902657e-16,2.346427268884092e-16
1243.331168640551,1.1377780826478598e-16,2.226175320067864e-16
1243.3841884701683,3.725873253764517e-17,1.5224265374902346e-16
1243.437208011963,3.209590354016125e-17,1.118471059615125e-16
1243.4902272659403,1.3196117008730022e-16,2.6561084555273274e-16
1243.5432462321046,1.8802540171055407e-16,3.2577814503142425e-16
1243.5962649104604,8.316962636623154e-17,1.760324132688745e-16
1243.649283301013,1.7570641336580428e-16,2.755599112769436e-16
1243.7023014037661,1.524396465927902e-16,2.5463036104181778e-16
1243.755319218725,6.177668902599223e-17,1.4854047644253315e-16
1243.8083367458944,6.983385820277157e-17,1.7879374365738089e-16
1243.8613539852788,5.100261489268967e-17,1.5572588161302548e-16
1243.9143709368832,6.898847306670377e-17,1.840520746147726e-16
1243.9673876007116,1.982466981650452e-16,3.156356257224497e-16
1244.0204039767696,9.912413362913781e-17,1.9506298200892809e-16
1244.0734200650613,8.633972830454371e-17,2.1449978525902233e-16
1244.1264358655915,1.2266712738859938e-16,2.3831515633418155e-16
1244.179451378365,5.859328610358854e-17,1.525790044750601e-16
1244.2324666033862,3.158715208030046e-17,1.364341147126459e-16
1244.28548154066,3.064277928998267e-17,1.50519448378224e-16
1244.3384961901913,7.86224163437616e-17,2.020829809174803e-16
1244.391510551984,6.603632803438179e-17,1.792461627723769e-16
1244.4445246260439,6.661669780202403e-17,1.7709925336973029e-16
1244.497538412375,8.550107410133952e-17,2.1472047392788506e-16
1244.550551910982,1.1868642187214456e-16,2.5367730452303715e-16
1244.60356512187,8.58059347851911e-17,2.0838447036711142e-16
1244.6565780450428,7.084451292842176e-17,1.900685160243029e-16
1244.709590680506,3.7090522370364017e-17,1.29514463673747e-16
1244.7626030282638,1.0799347150387734e-16,2.4267275694399e-16
1244.8156150883212,6.075533810549688e-17,1.875719838393057e-16
1244.8686268606825,1.398186518695679e-16,2.6199458539434176e-16
1244.9216383453527,1.0935215655567025e-16,2.374174825633194e-16
1244.9746495423362,1.432711489045724e-16,2.722279105386046e-16
1245.0276604516382,6.484956181638812e-17,1.6487166592075648e-16
1245.080671073263,5.503211861181787e-17,1.5963301199847842e-16
1245.1336814072151,3.4924638935369363e-17,1.308089535482218e-16
1245.1866914534996,3.899099671834561e-17,1.4793601071627572e-16
1245.2397012121207,1.3682882335000422e-16,2.6117825619183556e-16
1245.2927106830837,5.67485187413207e-17,1.7206706709921169e-16
1245.345719866393,1.2633099199282155e-16,2.4958751341403655e-16
1245.398728762053,5.499714039731819e-17,1.5256964904047093e-16
1245.4517373700685,3.938061315899207e-17,1.5371923129807918e-16
1245.5047456904447,4.7078834572392017e-17,1.662071067903808e-16
1245.5577537231857,1.4977212762990952e-17,1.2596541166724055e-16
1245.6107614682962,1.8824249509653413e-17,1.1719153688564332e-16
1245.6637689257811,7.560000426266988e-17,2.030885934296486e-16
1245.7167760956452,7.487102147809532e-17,1.9273379396400932e-16
1245.769782977893,7.934011650000703e-17,2.0645993366714376e-16
1245.8227895725292,8.014830010568653e-17,2.254282057132133e-16
1245.8757958795586,2.7680340070640634e-17,1.3537206593739746e-16
1245.9288018989857,5.871082464509968e-17,1.985085400598889e-16
1245.981807630815,2.2776816091699668e-17,1.1653696035250469e-16
1246.0348130750517,1.554133183002696e-16,2.905254251895281e-16
1246.0878182316999,9.942996781437167e-17,2.220337863163567e-16
1246.140823100765,4.3585943012932694e-17,1.534785470409176e-16
1246.193827682251,9.727352572335307e-18,1.057083468586782e-16
1246.2468319761626,1.9734774715009332e-17,1.2760744444979184e-16
1246.299835982505,3.8434050358571123e-17,1.426778746707585e-16
1246.3528397012826,8.124343427310136e-17,2.0538713181808213e-16
1246.4058431325002,5.299523264510614e-17,1.7419333048815178e-16
1246.4588462761624,6.443200877001856e-17,2.007246053340047e-16
1246.5118491322737,5.0448524447953455e-17,1.7639277116686105e-16
1246.564851700839,5.386142963261687e-17,1.7755757525991504e-16
1246.617853981863,6.691300317944117e-17,1.864909499425799e-16
1246.67085597535,6.530972885574666e-17,2.0045927369416101e-16
1246.723857681305,4.71478692368963e-17,1.7134279926662003e-16
1246.7768590997327,4.8627042058992405e-18,1.0349399229985267e-16
1246.829860230638,1.261506218536435e-16,2.6994857580239863e-16
1246.8828610740252,9.252620072041402e-17,2.1379507751891986e-16
1246.935861629899,6.620323190500668e-17,1.9855828901937793e-16
1246.988861898264,8.310467851054846e-17,2.221894035411428e-16
1247.0418618791252,9.246118116524287e-17,2.3489562413188183e-16
1247.0948615724872,6.647274305190009e-17,1.9196143444008096e-16
1247.1478609783544,1.4868557201255939e-16,2.8765994406966664e-16
1247.200860096732,1.1457726035546181e-16,2.461714935658863e-16
1247.2538589276242,7.220717881581806e-17,2.1933290385940448e-16
1247.3068574710358,8.176837510993426e-17,2.2980375605556316e-16
1247.3598557269715,5.2503714996674223e-17,1.9799660172071304e-16
1247.4128536954358,1.5769239688363836e-17,1.2401731015759465e-16
1247.4658513764339,8.270883904117895e-17,2.2921902416275696e-16
1247.51884876997,2.945523415399877e-17,1.6247295841297914e-16
1247.571845876049,-8.56201250217743e-18,9.477835775091417e-17
1247.6248426946754,1.0252706532717801e-17,1.309820621869522e-16
1247.6778392258539,6.065483432357229e-17,2.0168020655635523e-16
1247.7308354695895,9.924312214601828e-19,1.058404796565632e-16
1247.7838314258865,4.523383582982453e-17,1.8433697213919934e-16
1247.8368270947499,1.1762379313677945e-16,2.673033909676987e-16
1247.889822476184,8.176675995163557e-17,2.233010328816315e-16
1247.9428175701935,8.580749697301598e-17,2.269579941646112e-16
