trappist-1/STIS/extracted_spectra/TRAPPIST-1_G140M_2016_mean.ecsv
# %ECSV 0.9
# ---
# datatype:
# - name: WAVELENGTH
#   unit: Angstrom
#   datatype: float64
# - name: FLUX
#   unit: erg / (Angstrom cm2 s)
#   datatype: float64
# - name: ERROR
#   unit: erg / (Angstrom cm2 s)
#   datatype: float64
# delimiter: ','
# schema: astropy-2.0
WAVELENGTH,FLUX,ERROR
[from data line 252]
1207.7986454904706,4.87391029887413e-16,7.543589653838153e-16
1207.8518578887636,-5.3333859788939325e-17,2.6990199233079076e-16
1207.9050699971046,5.75990847224183e-17,3.943055815931339e-16
1207.9582818154993,6.423945868884672e-17,3.696609485868873e-16
1208.0114933439518,7.154314034696137e-17,3.161263854954965e-16
1208.064704582467,2.8857410992521966e-16,5.754025654413126e-16
1208.1179155310494,1.8032456223972605e-16,5.150518347853145e-16
1208.171126189704,2.728464212257219e-16,5.871881314235238e-16
1208.2243365584354,-7.57891546209556e-18,2.822508264574209e-16
1208.2775466372484,2.3345631874929187e-16,4.991591298764601e-16
1208.330756426148,1.9569622679375898e-16,4.574404297841448e-16
1208.3839659251382,3.480057093020137e-16,6.92877253028168e-16
1208.4371751342244,2.914841364188163e-16,5.839169573171344e-16
1208.4903840534112,2.87641679577533e-16,5.402720599231992e-16
1208.5435926827035,4.488494593402494e-16,7.106540949036725e-16
1208.5968010221059,3.332064693265395e-16,5.908312243373306e-16
1208.6500090716227,2.384989069847553e-16,5.672698006041064e-16
1208.7032168312592,7.784400182800688e-17,3.7943204439141197e-16
1208.7564243010197,-1.150595627649195e-16,1.0126196605752418e-16
1208.8096314809093,-8.01862247014363e-17,1.4873271295279872e-16
1208.8628383709329,9.925926170956467e-17,4.2900317722783603e-16
1208.9160449710944,3.0850856698050844e-16,4.960864613381332e-16
1208.9692512813997,3.5112995331018964e-16,6.462075817691689e-16
1209.0224573018525,3.9669256848326175e-16,7.129559639815213e-16
1209.0756630324581,1.9023855269284856e-16,5.284966278709552e-16
1209.128868473221,2.525413946990889e-16,6.118205374850709e-16
1209.1820736241461,-4.046918961804912e-18,3.43374449230953e-16
1209.2352784852385,2.858932653121895e-16,6.255841253174989e-16
1209.288483056502,1.833109287349972e-16,4.78513998711215e-16
1209.3416873379417,2.5135833396196896e-17,3.6453446229814826e-16
1209.394891329563,9.693300067811058e-17,4.0703899038637045e-16
1209.44809503137,1.8114968364216698e-16,4.399092523888063e-16
1209.5012984433677,5.907292152925173e-17,3.5197867099794917e-16
1209.55450156556,3.384288455746201e-17,3.5820235743265376e-16
1209.607704397953,-1.0976018822935563e-16,5.414555563139161e-17
1209.6609069405506,-1.3503157368818716e-16,2.171599822972022e-19
1209.7141091933577,5.533495962162846e-17,4.080668032729114e-16
1209.767311156379,1.3757998610758791e-16,4.2911553391430407e-16
1209.8205128296192,4.9552880952748815e-17,3.5784770850948746e-16
1209.8737142130833,1.7519727050342535e-17,3.272448369543703e-16
1209.9269153067758,1.2027943090739288e-16,4.634219922809374e-16
1209.9801161107014,3.661003687026115e-16,6.645711307624835e-16
1210.0333166248647,5.0201561417677566e-17,3.0066658918070073e-16
1210.086516849271,7.598620803920516e-17,3.888368113616212e-16
1210.1397167839245,5.3818305588477806e-17,4.0998123772757556e-16
1210.1929164288304,6.332464815728418e-17,3.092012492207884e-16
1210.2461157839928,3.566082324321612e-16,6.426990868354528e-16
1210.2993148494168,3.271216028350679e-16,6.291939112804683e-16
1210.3525136251073,1.9885236904278112e-16,5.167539390107536e-16
1210.4057121110686,2.313805582919859e-16,5.735792818332706e-16
1210.4589103073058,6.352533542825276e-17,3.2982289258216975e-16
1210.512108213824,6.484441938666014e-17,3.348441126705866e-16
1210.5653058306266,2.634118729776965e-16,5.19606955482147e-16
1210.6185031577197,1.8015396581010883e-16,4.50201797955742e-16
1210.6717001951076,1.5734865244878514e-17,3.0690602220451816e-16
1210.7248969427947,1.1901036629382814e-16,3.999738578008108e-16
1210.778093400786,-4.640631660168308e-17,1.47241180203086e-16
1210.831289569086,3.696663314963929e-17,3.15768814318326e-16
1210.8844854477002,3.0490003241328045e-17,3.872331703478023e-16
1210.9376810366327,1.1279136213698328e-16,5.377266430081228e-16
1210.9908763358878,-1.8451076799463497e-16,5.354429201306074e-16
1211.0440713454714,9.667327385995363e-17,6.472593945917643e-16
1211.0972660653872,7.157716191986186e-17,4.449684259828819e-16
1211.1504604956403,-1.0512991012103972e-16,9.810395460010948e-17
1211.2036546362356,-8.757003054998171e-17,1.7829627137524995e-16
1211.2568484871776,2.0216377785531045e-16,5.416283657535548e-16
1211.310042048471,1.0377585093426365e-16,4.225638429612537e-16
1211.3632353201208,1.0848157153897843e-16,3.757545946028198e-16
1211.4164283021314,1.5207962007255032e-16,4.979041307888789e-16
1211.4696209945077,2.4119480488470724e-16,5.2389041300098e-16
1211.5228133972546,1.7134019757020172e-16,4.626443298373462e-16
1211.5760055103765,2.461769033973071e-16,5.245149667950647e-16
1211.6291973338787,-1.3651343367961245e-16,1.8018202044535168e-16
1211.6823888677652,-1.2921598534566033e-16,1.0841821340482974e-16
1211.735580112041,8.178342830206607e-17,3.9026021649316807e-16
1211.7887710667108,1.450771741157109e-16,4.933543374006291e-16
1211.8419617317795,2.954079662451621e-16,6.024361185823627e-16
1211.895152107252,1.8405143231456532e-16,4.616458949366623e-16
1211.9483421931325,6.804195701604334e-17,3.419199553093018e-16
1212.0015319894262,6.460686766134064e-17,3.028823440075488e-16
1212.0547214961375,1.3894215803728173e-16,4.2660433251598417e-16
1212.1079107132714,1.2404153586957549e-16,4.632973736993705e-16
1212.1610996408322,1.6513749177803244e-16,4.3222512413864994e-16
1212.2142882788253,4.507856869947535e-16,7.088874762864981e-16
1212.2674766272546,1.2582384530654296e-16,4.613392152511533e-16
1212.3206646861258,1.6518927295103925e-17,2.961702810900209e-16
1212.3738524554428,5.4184095567560057e-17,3.393798669977035e-16
1212.4270399352108,-6.848912232087346e-17,1.7571867755613454e-16
1212.4802271254343,1.4257048099149285e-16,4.574600148893018e-16
1212.533414026118,1.7999584705095355e-16,4.3355660728621747e-16
1212.5866006372669,3.319481566783572e-16,5.806141832583718e-16
1212.6397869588855,-2.0343926096562952e-17,2.950684760734415e-16
1212.6929729909782,1.2366503323886958e-16,4.66667003124833e-16
1212.7461587335506,1.8585035687401998e-16,4.769651675456914e-16
1212.7993441866067,1.5240247970459503e-16,4.0371363789729396e-16
1212.8525293501516,8.635122185093803e-17,4.0192231521251376e-16
1212.90571422419,-1.33652710506114e-16,2.01968155291976e-16
1212.9588988087262,-1.0643597631867471e-16,5.22933070625566e-16
1213.0120831037655,2.734829080075312e-16,6.438683490715752e-16
1213.0652671093123,3.4683966010524797e-17,3.598551126213039e-16
1213.1184508253714,1.6617357112523052e-16,5.112496780983007e-16
1213.1716342519476,2.52239610857226e-16,5.355124416545688e-16
1213.2248173890455,3.61380781041066e-16,5.086040345584171e-16
1213.27800023667,7.475800790418473e-16,8.471130405191636e-16
1213.3311827948255,3.668833791007041e-16,6.43379479058632e-16
1213.3843650635172,2.857784491285262e-16,5.286478644648447e-16
1213.4375470427492,1.2649249252779064e-16,4.403693024268032e-16
1213.4907287325268,4.187694533574953e-17,2.505466714524752e-16
1213.5439101328548,2.4828788233260847e-16,5.562552894607653e-16
1213.597091243737,3.3357490820581394e-16,6.232636368226784e-16
1213.6502720651793,7.751536215665245e-17,4.32009711031255e-16
1213.7034525971858,-1.033311383294771e-17,3.134643901959195e-16
1213.756632839761,-2.02132111188864e-17,3.3391162601773567e-16
1213.8098127929104,3.733577376196123e-17,3.466162285070322e-16
1213.862992456638,3.315182298557024e-16,5.995755867490035e-16
1213.9161718309488,3.512271248117402e-17,2.370214489774935e-16
1213.9693509158478,2.0972285522532684e-16,4.855863854223053e-16
1214.022529711339,2.1034953433262346e-17,2.6104844273571746e-16
1214.075708217428,2.4205638464236896e-16,4.779132518038487e-16
1214.1288864341188,3.0923402937409627e-16,5.570451957686245e-16
1214.1820643614165,1.816666126002848e-16,4.560673889623273e-16
1214.2352419993258,3.6743840473180657e-16,5.616209608877077e-16
1214.2884193478512,4.779413510166625e-16,6.476125479109901e-16
1214.341596406998,2.4859858993507896e-16,5.805423550315218e-16
1214.3947731767703,2.1920893271945498e-16,5.359899051984139e-16
1214.447949657173,4.471776435965403e-16,6.662621656710343e-16
1214.5011258482107,6.479918591462827e-16,7.722669383998631e-16
1214.5543017498885,6.688216035455612e-16,7.841219358608957e-16
1214.607477362211,9.574189489112622e-16,9.613764230348484e-16
1214.6606526851826,9.61446885632345e-16,9.506479863412591e-16
1214.7138277188085,4.367770971404997e-16,6.995119468805613e-16
1214.7670024630931,7.392513271180979e-16,8.521055737243897e-16
1214.8201769180412,8.482289309900424e-16,9.324345539798938e-16
1214.8733510836576,1.0300225768226488e-15,9.890946905345714e-16
1214.9265249599468,1.7115628352188368e-15,1.2939206487966765e-15
1214.9796985469138,1.820831228334832e-15,1.4503564961097626e-15
1215.032871844563,2.6542484080331556e-15,1.7261772576631781e-15
1215.0860448528995,2.3588174762925904e-15,1.6756800260676022e-15
1215.139217571928,2.9312018271311752e-15,1.9553178025830584e-15
1215.1923900016527,5.756463335297449e-15,2.5298468788524007e-15
1215.2455621420788,4.455604688813779e-15,2.418093802877626e-15
1215.298733993211,3.470781638901738e-15,2.3662126403188688e-15
1215.351905555054,3.0269001008620833e-15,2.5001655110286626e-15
1215.4050768276124,1.3588199339488433e-15,2.897735964857052e-15
1215.4582478108907,2.5774674784342867e-15,4.395795148119709e-15
1215.5114185048942,4.724989908534618e-15,5.7593288829088424e-15
1215.5645889096274,3.79034642357679e-15,6.276598040964022e-15
1215.617759025095,3.600386750803697e-15,5.576021582147094e-15
1215.6709288513014,-2.288803411997525e-15,3.718192029473387e-15
1215.7240983882516,-1.0980440663510616e-15,2.5690299240849867e-15
1215.7772676359502,-9.224736647357688e-17,2.01919953683212e-15
1215.830436594402,3.862632664732401e-17,1.509341413456156e-15
1215.8836052636123,1.0702979340420829e-15,1.3336845904539265e-15
1215.9367736435847,1.854934803416634e-15,1.4729116723523962e-15
1215.9899417343247,1.7858544384823933e-15,1.3863733677306646e-15
1216.0431095358367,1.5001037002080857e-15,1.2200306585110567e-15
1216.0962770481258,6.440160872361008e-16,8.830440918771211e-16
1216.149444271196,9.304609309970793e-16,9.23055961110101e-16
1216.2026112050528,1.6154812879835999e-15,1.2094923494305675e-15
1216.2557778497005,9.316683293687524e-16,9.361065925483956e-16
1216.308944205144,7.925761367171927e-16,8.567303788534375e-16
1216.3621102713876,4.234885595488793e-16,6.753168800624275e-16
1216.4152760484367,1.7990476433202128e-16,4.618678348880454e-16
1216.4684415362956,2.4153443801092006e-16,5.120057388757908e-16
1216.5216067349688,1.024711048914088e-16,3.7055478801229165e-16
1216.5747716444614,3.3827171677105546e-16,5.439489962916631e-16
1216.627936264778,3.3337744672286884e-16,5.441305492064377e-16
1216.6811005959237,2.973231062993376e-16,4.975705792981071e-16
1216.7342646379027,7.24529674023886e-16,8.09525438203802e-16
1216.78742839072,2.1190385967682444e-16,4.805184500223818e-16
1216.8405918543797,-2.769268499347938e-17,2.9198295751843605e-16
1216.8937550288874,7.434456364146308e-17,4.3043836093783393e-16
1216.9469179142473,1.942942740282641e-16,4.245948643605766e-16
1217.0000805104642,3.2860518119560805e-16,5.597881677841242e-16
1217.053242817543,2.9083050829105945e-16,5.864244794412661e-16
1217.1064048354883,4.533240747187615e-17,3.336536275740271e-16
1217.1595665643044,4.259695934374416e-16,6.475218565243629e-16
1217.2127280039967,1.0884567943722978e-16,3.781603164593447e-16
1217.2658891545698,-7.434343401758603e-18,2.1403472377025083e-16
1217.319050016028,-2.4490454184173018e-17,1.8057415518679404e-16
1217.3722105883764,1.9138348906808797e-16,4.4187101930793985e-16
1217.4253708716196,1.3958273969915738e-16,4.328179901605833e-16
1217.4785308657622,2.1475370258562749e-16,4.868171373236538e-16
1217.5316905708091,3.432147099749813e-16,4.851268850807822e-16
1217.584849986765,7.495143495906431e-16,8.263109356202509e-16
1217.6380091136346,1.0513142659081072e-16,3.569793617238365e-16
1217.6911679514224,3.357149912891121e-16,5.388061373678942e-16
1217.7443265001334,4.91795335387044e-16,6.861398926531132e-16
1217.797484759772,1.8482233708144762e-16,4.587734943301229e-16
1217.8506427303432,2.8528930382960644e-16,5.399767875377607e-16
1217.9038004118518,4.920751822377995e-16,6.009989092130967e-16
1217.956957804302,5.464257455633335e-16,5.895564456540735e-16
1218.0101149076993,5.526874697100578e-17,3.0685781197026804e-16
1218.0632717220476,7.873829286609775e-17,4.540331156594156e-16
1218.1164282473524,4.642233762984336e-16,7.307295809758778e-16
1218.1695844836174,1.2738829422190145e-16,4.32270027892209e-16
1218.2227404308485,2.3998982701025485e-16,4.677839886746885e-16
1218.2758960890494,1.9749825049375413e-16,4.138813184005643e-16
1218.3290514582254,2.8391523264838193e-16,5.053494938215617e-16
1218.3822065383813,8.41467025254693e-17,3.723774809274008e-16
1218.4353613295211,-2.944722806192976e-17,2.528959021905025e-16
1218.4885158316504,4.493410330623544e-17,2.9006090745159235e-16
1218.5416700447736,2.643146524009507e-17,2.9227560151519107e-16
1218.5948239688948,1.6941774340471892e-16,4.271864974711645e-16
1218.6479776040198,7.089671081503074e-17,3.4857858509581534e-16
1218.7011309501522,4.976927332203791e-17,3.4187333768392944e-16
1218.7542840072977,1.5495268871816157e-16,4.0521699751404967e-16
1218.8074367754605,-8.0930412754382e-17,1.8653968021620863e-16
1218.8605892546454,1.1971806023225757e-16,4.3910967559426707e-16
1218.9137414448571,5.675103630500459e-17,3.291281155216879e-16
1218.9668933461,6.754690864500765e-17,3.506641017087594e-16
1219.0200449583797,1.1805616938687304e-16,3.2718672624155864e-16
1219.0731962817,8.967303325262959e-17,3.0862425921132497e-16
1219.126347316066,-7.871677101716449e-18,2.1939372330395694e-16
1219.1794980614823,2.117445756643336e-16,4.142551922390139e-16
1219.2326485179537,2.255538669256632e-16,4.3748307288095395e-16
1219.285798685485,1.8485002582145226e-17,2.6462191632666727e-16
1219.3389485640805,3.8128491435491635e-17,2.4004678010378975e-16
1219.3920981537456,7.154675969972535e-17,3.308969663016762e-16
1219.4452474544844,7.25753090308865e-17,2.989264625580097e-16
1219.498396466302,1.4774419507646968e-16,4.22673663338606e-16
1219.551545189203,-3.36737761400704e-17,1.0898361511322904e-16
1219.604693623192,1.4219886473877574e-16,3.634941050435826e-16
1219.6578417682736,1.625354444273802e-16,4.516634746046736e-16
1219.7109896244526,-8.14366203035838e-18,2.491278514821039e-16
1219.7641371917339,4.3713851305951657e-17,3.207407470435148e-16
1219.8172844701226,2.6900558049988145e-16,4.666170335467728e-16
1219.8704314596223,3.4712189594480506e-16,5.40384307427307e-16
1219.9235781602385,4.4617920436455473e-17,3.1472863295425405e-16
1219.9767245719759,1.3279546056601888e-16,3.904051393329396e-16
1220.029870694839,5.373643071394705e-18,1.6314299001063158e-16
1220.0830165288326,1.4083362375146543e-16,3.9682866963031185e-16
1220.136162073961,2.5787683372272715e-16,4.857999513233873e-16
1220.1893073302297,9.998054543026525e-17,3.3778556796913373e-16
1220.2424522976428,7.344290436927074e-17,3.405283868714093e-16
1220.2955969762054,1.1874704246739919e-16,3.799048608302243e-16
1220.3487413659218,1.3537126491462108e-16,3.267371991864848e-16
1220.401885466797,1.2767987828594228e-16,3.777874752253007e-16
1220.4550292788358,1.2586791119965413e-16,3.9223793096556946e-16
1220.5081728020425,6.448233785936312e-17,3.28186147747616e-16
1220.5613160364219,9.906287330481425e-17,3.755411075524211e-16
1220.6144589819792,9.182909397357158e-17,2.884912683175932e-16
1220.6676016387187,2.0821634906401138e-16,4.706670564818812e-16
1220.7207440066452,8.849187362770312e-17,3.19861915212412e-16
1220.773886085763,-5.993688341419399e-17,8.520248392537159e-17
1220.8270278760779,-1.464082388736693e-16,1.770175247585934e-16
1220.8801693775933,2.8271541049778155e-17,4.654838628373568e-16
1220.933310590315,4.487962721751442e-16,6.925037009266803e-16
1220.9864515142467,6.357278208345995e-16,7.052918111434117e-16
1221.039592149394,2.4283643827001844e-16,4.777539543982785e-16
1221.092732495761,2.249697149970828e-16,4.62494304663738e-16
1221.145872553353,2.1164908255794202e-16,4.178164622353671e-16
