trappist-1/STIS/extracted_spectra/TRAPPIST-1_G140M_all_coadd.ecsv
# %ECSV 0.9
# ---
# datatype:
# - name: WAVELENGTH
#   unit: Angstrom
#   datatype: float64
# - name: FLUX
#   unit: erg / (Angstrom cm2 s)
#   datatype: float64
# - name: ERROR
#   unit: erg / (Angstrom cm2 s)
#   datatype: float64
# delimiter: ','
# schema: astropy-2.0
WAVELENGTH,FLUX,ERROR
1194.377085465669,-1.8360395827220708e-16,1.7475025829628456e-17
1194.4303723866494,-1.7973733886662855e-16,2.2051914599660103e-17
1194.4836590154355,-1.791908388768818e-16,1.4863961031086997e-16
1194.5369453520323,-1.5788776277804048e-16,1.8574857152009357e-16
1194.5902313964446,-1.2376137573404162e-16,1.6103377086027916e-16
1194.6435171486771,-1.428122339996751e-16,2.2732212685234424e-16
1194.6968026087347,-1.0800829604685571e-16,1.7441840980812166e-16
1194.7500877766224,-5.0555773345847144e-17,2.1349657032782325e-16
1194.8033726523447,-6.3228840059921996e-18,1.4332830876453897e-16
1194.8566572359066,4.1282163247597565e-17,1.184505663527996e-16
1194.9099415273129,8.289287569550212e-17,1.3821953886080292e-16
1194.963225526568,4.895761388520916e-17,1.1519251848318724e-16
1195.0165092336777,4.691711006754118e-17,1.6301203596081512e-16
1195.0697926486453,6.98763235334556e-17,1.4958901794237528e-16
1195.1230757714773,4.2582526439975956e-17,2.233754227511303e-16
1195.176358602177,-5.955106600934874e-18,3.660290170225451e-16
1195.2296411407501,3.538263795223367e-17,3.2270782329882005e-16
1195.2829233872012,-5.139247779161371e-17,4.922366497010733e-16
1195.336205341535,1.99689406835786e-17,3.554982510792253e-16
1195.3894870037566,1.961550104932319e-17,2.6254207997891216e-16
1195.4427683738704,-3.963758088640044e-17,4.476138628664512e-16
1195.4960494518816,1.5270818954606335e-17,4.0985711815470623e-16
1195.5493302377945,6.436756669135354e-17,8.299720383855124e-17
1195.6026107316145,1.831791001155028e-17,2.1719600945229317e-16
1195.655890933346,4.7496081861511703e-17,1.1627848449042397e-16
1195.7091708429937,-3.2608454607245787e-17,4.326198920732199e-16
1195.7624504605628,-1.6467566490727395e-17,3.504550845276565e-16
1195.8157297860578,3.656047007440566e-17,7.560059019121125e-17
1195.8690088194835,-8.42403538230013e-17,4.927123188425485e-16
1195.9222875608452,-1.1778199023433296e-16,5.080362420166515e-16
1195.9755660101473,-9.983694189646507e-17,4.484185057275195e-16
1196.0288441673943,2.5637246703575886e-17,6.749338194087018e-17
1196.0821220325913,-1.7144938141152103e-18,9.039189724785197e-17
1196.1353996057437,-1.2462621432034105e-17,1.9218685251399626e-16
1196.188676886855,2.7767467093497054e-17,6.356465012397968e-17
1196.2419538759314,-5.2896235762047215e-17,3.8365508929921847e-16
1196.2952305729768,2.8856664029987578e-18,9.368958481183588e-17
1196.3485069779958,-1.0550907161811144e-17,9.132491853625454e-17
1196.401783090994,-2.2375131855872067e-18,6.099659592658962e-17
1196.455058911976,6.772078672255811e-19,5.797709647243444e-17
1196.5083344409463,-3.6503774664338464e-17,1.6142669635424168e-16
1196.56160967791,-4.536633473712554e-17,2.1235945345432375e-16
1196.6148846228714,-2.243253548640797e-17,1.069382271609134e-16
1196.668159275836,-1.5286893518504622e-17,9.535468406249643e-17
1196.7214336368081,-3.38789295421918e-17,1.0920524611765551e-16
1196.7747077057925,-9.460631483487543e-17,2.5314968929034235e-16
1196.8279814827943,-6.279581141543208e-17,1.8019793934944167e-16
1196.8812549678182,-8.116801941655682e-17,1.863806586689947e-16
1196.934528160869,-5.873066455914523e-17,1.7263324430061622e-16
1196.9878010619514,-6.415605501034426e-17,1.7167631762234196e-16
1197.04107367107,-7.505368686258193e-17,1.7849683660638854e-16
1197.09434598823,-1.1524824357217485e-16,2.857440374222784e-16
1197.1476180134362,-5.816894345254547e-17,1.8971086535885711e-16
1197.2008897466933,-3.056623795848e-17,5.618696495030133e-17
1197.254161188006,-5.190550130060196e-17,7.619944105536397e-17
1197.307432337379,-7.067022469302615e-17,1.0936742034664476e-16
1197.3607031948175,-4.6346376463479754e-17,7.950288953369577e-17
1197.4139737603261,-1.0518751284437113e-16,3.5638278343296797e-16
1197.467244033909,-1.0322007707585554e-16,3.675030194642699e-16
1197.5205140155722,-4.773683230720288e-17,7.771263559129717e-17
1197.5737837053196,-7.018743371779868e-17,1.2553600060125336e-16
1197.6270531031562,-7.623850282662572e-17,1.292664755855683e-16
1197.6803222090869,-8.543608381017016e-17,1.3934143248801355e-16
1197.7335910231163,-6.485824226421101e-17,1.020306949184702e-16
1197.7868595452496,-6.653672262400213e-17,1.1829359342589368e-16
1197.840127775491,-6.632580594225821e-17,1.1355032755384016e-16
1197.893395713846,-1.2093427217675692e-16,2.388255249787649e-16
1197.946663360319,-9.744500189632985e-17,1.3091541869584832e-16
1197.9999307149149,-1.0541948666180211e-16,1.4655097668519283e-16
1198.0531977776382,-9.40911385977689e-17,1.3421513506181093e-16
1198.106464548494,-1.0842322397117558e-16,1.4423563950414617e-16
1198.159731027487,-9.726000383592746e-17,1.25659342706529e-16
1198.2129972146222,-7.019252397158286e-17,9.026221515707259e-17
1198.2662631099042,-6.063553803549754e-17,6.490711716939536e-17
1198.3195287133376,-8.478812663340939e-17,9.970323214877688e-17
1198.3727940249275,-1.0515703796792371e-16,1.27790444620403e-16
1198.4260590446788,-1.6400005314490954e-16,1.9979596962466821e-16
1198.4793237725962,-1.4565355458016614e-16,1.9771133414102013e-16
1198.532588208684,-1.4510878779897523e-16,1.9090526106121695e-16
1198.585852352948,-1.4498330610756952e-16,1.9834518237402277e-16
1198.639116205392,-1.1548053284188044e-16,1.7119825061770552e-16
1198.692379766021,-9.927183365049896e-17,1.3778730190007597e-16
1198.7456430348404,-1.0721571279695662e-16,1.3715961139930506e-16
1198.7989060118546,-1.2978222553089324e-16,1.7157116836688108e-16
1198.852168697068,-9.623721639616256e-17,1.0890499473629828e-16
1198.9054310904862,-1.191155676639136e-16,1.5398121044682471e-16
1198.9586931921135,-1.4923116391713455e-16,1.6518477315239503e-16
1199.0119550019544,-2.0213187226458924e-16,2.666157358048126e-16
1199.0652165200145,-1.6571280351213477e-16,2.007116114671198e-16
1199.1184777462981,-1.792847836243864e-16,2.0652211110628627e-16
1199.17173868081,-1.1512354476344804e-16,1.3161073418600825e-16
1199.2249993235553,-1.1766039388046201e-16,1.4952204669915895e-16
1199.2782596745383,-1.1310011809093813e-16,1.3617253481548616e-16
1199.3315197337638,-1.7541192294994183e-16,2.2316361678832623e-16
1199.3847795012373,-2.1135974035060698e-16,2.703974844575974e-16
1199.4380389769628,-1.5092991808414342e-16,2.199675129870341e-16
1199.4912981609457,-1.0765492425154197e-16,1.3918794400376881e-16
1199.5445570531904,-1.6729917835162418e-16,2.110010808248685e-16
1199.597815653702,-1.472969312344354e-16,1.6050935334947886e-16
1199.6510739624848,-1.4278227039413883e-16,1.5749659248667182e-16
1199.704331979544,-1.0404369227729127e-16,1.5284965616738047e-16
1199.7575897048844,-1.0041571294576822e-16,1.499971597537441e-16
1199.810847138511,-1.1786552939984031e-16,1.3064899934222522e-16
1199.8641042804277,-1.444152721149919e-16,1.488030868765651e-16
1199.91736113064,-1.0495330791223251e-16,1.2437909337670003e-16
1199.970617689153,-1.1890994376025133e-16,1.8300705784554736e-16
1200.0238739559709,-1.909444955219813e-16,3.2135836914984836e-16
1200.0771299310984,-1.662847861466919e-16,2.323263152273117e-16
1200.1303856145407,-2.0674484860103165e-16,2.6782772097707274e-16
1200.1836410063024,-1.770526820586751e-16,1.9929289962561554e-16
1200.2368961063883,-1.7396281372228942e-16,2.390043442009403e-16
1200.2901509148037,-1.7736473738222257e-16,1.9424174245553996e-16
1200.3434054315524,-1.477672237088141e-16,1.7472715976248152e-16
1200.39665965664,-1.0077585590311332e-16,1.4174364375231444e-16
1200.4499135900708,-1.8626015061261463e-16,2.5078699753960666e-16
1200.50316723185,-1.0476859132144541e-16,1.2994933034531202e-16
1200.556420581982,-1.504642799533794e-16,1.967847530579634e-16
1200.6096736404718,-1.6189456980385528e-16,2.0545186345502928e-16
1200.6629264073242,-1.577329622907369e-16,3.710447905765608e-16
1200.716178882544,-2.0735198334906869e-16,3.9126249222387464e-16
1200.7694310661361,-1.7115820346790843e-16,1.954163921980911e-16
1200.8226829581051,-1.738236971884594e-16,1.888025418090536e-16
1200.8759345584556,-1.0576162173244545e-16,1.5492453937414828e-16
1200.929185867193,-1.1748884607377971e-16,1.659520813272292e-16
1200.9824368843215,-1.3450111886108033e-16,1.8711924205764882e-16
1201.035687609846,-1.2022834031981423e-16,1.6094231414585682e-16
1201.0889380437716,-8.27430314584537e-17,8.95058194239778e-17
1201.1421881861029,-9.84126112701376e-17,9.56334381103854e-17
1201.1954380368445,-8.148128419844678e-17,7.245831566235491e-17
1201.2486875960017,-1.2955228495168204e-16,1.5113326804102517e-16
1201.3019368635785,-1.0676168541942017e-16,1.112207972546567e-16
1201.3551858395806,-1.1242718200512342e-16,1.286850945607901e-16
1201.408434524012,-1.440024530382887e-16,2.1023058956351738e-16
1201.461682916878,-1.3650384894059695e-16,2.001829220387423e-16
1201.5149310181832,-1.311183483024939e-16,2.0117619227727988e-16
1201.5681788279326,-1.343834115473092e-16,2.1928996887227666e-16
1201.6214263461304,-1.7545600133424475e-16,2.5120576942641294e-16
1201.6746735727818,-2.065389607143314e-16,3.1494459895373517e-16
1201.7279205078921,-1.796889658580527e-16,2.28034655378726e-16
1201.781167151465,-1.7048162846746886e-16,2.0344324427087496e-16
1201.8344135035063,-1.5651011393359622e-16,1.879516504696828e-16
1201.8876595640202,-1.8687645071387678e-16,2.655232417639967e-16
1201.9409053330114,-1.7232118704459202e-16,2.431646204404961e-16
1201.9941508104853,-2.518241522792438e-16,3.242813743517527e-16
1202.0473959964463,-1.4730200753208754e-16,1.750569927321573e-16
1202.1006408908986,-1.6926054673288901e-16,1.4857774181990147e-16
1202.1538854938483,-2.027194649773957e-16,1.8827952859461477e-16
1202.2071298052992,-2.77193458271831e-16,3.318539185975874e-16
1202.2603738252562,-1.983718286976688e-16,2.5441939826815775e-16
1202.3136175537245,-2.301783246560277e-16,3.179084834597524e-16
1202.3668609907083,-2.663974022470321e-16,3.5363842892259414e-16
1202.420104136213,-1.3176102223171808e-16,1.532431396602679e-16
1202.4733469902433,-1.4024613671691303e-16,2.1611278787917355e-16
1202.5265895528034,-1.5406507921504815e-16,1.8269555055562743e-16
1202.5798318238985,-2.0181888850744812e-16,2.13319137349067e-16
1202.6330738035338,-2.0335949592623552e-16,1.711402051993116e-16
1202.686315491713,-2.1015757967891136e-16,1.893053504092295e-16
1202.7395568884422,-2.0314497389209586e-16,3.0870015661916446e-16
1202.7927979937251,-2.7657596290663777e-16,3.426971529375344e-16
1202.846038807567,-2.46686537434594e-16,3.1492981483260698e-16
1202.8992793299726,-2.269469479568578e-16,3.0412354142233544e-16
1202.952519560947,-2.2256077727355967e-16,3.587225859573226e-16
1203.0057595004944,-1.2984308806332298e-16,1.5011873184804787e-16
1203.0589991486197,-1.8734335300529742e-16,2.5672584310984114e-16
1203.112238505328,-1.1072232792654649e-16,1.1001715290957282e-16
1203.165477570624,-8.179444380686872e-17,8.380430723487645e-17
1203.2187163445124,-1.8760193970306078e-16,3.4485792004431345e-16
1203.271954826998,-1.5312858161357502e-16,1.5746413429523568e-16
1203.3251930180854,-1.515065566109143e-16,1.4868630920900693e-16
1203.3784309177795,-2.1405280676462848e-16,2.3041129676352064e-16
1203.4316685260856,-1.703862164632316e-16,2.17676110302579e-16
1203.4849058430077,-1.7789101900068462e-16,2.236064833887019e-16
1203.538142868551,-2.249993530521907e-16,2.841098809746499e-16
1203.5913796027203,-2.554868598435239e-16,3.2263779246782084e-16
1203.6446160455203,-2.524935641066195e-16,3.3540054618542595e-16
1203.6978521969554,-2.0933994427777435e-16,2.4005121578179967e-16
1203.7510880570312,-2.778042968426212e-16,3.3211616720093692e-16
1203.8043236257517,-1.654544929470428e-16,2.300201769738173e-16
1203.8575589031223,-2.0352857633954827e-16,2.70093334708724e-16
1203.9107938891475,-2.1829492223629471e-16,2.910200208933205e-16
1203.964028583832,-1.759631967035269e-16,2.6542630565923837e-16
1204.0172629871809,-1.2210602632287305e-16,1.3314112998752665e-16
1204.0704970991985,-1.7031247342964198e-16,1.6328557497157978e-16
1204.12373091989,-1.8370433004394144e-16,2.0423823178086403e-16
1204.1769644492597,-1.6314999623404617e-16,1.9415559860085558e-16
1204.2301976873127,-1.8075847602248757e-16,1.7808018394331945e-16
1204.2834306340542,-1.9387550933788309e-16,2.130355472969788e-16
1204.3366632894883,-1.5097969871984256e-16,2.0371511590352926e-16
1204.38989565362,-2.0128989163930033e-16,1.9986040416266668e-16
1204.4431277264546,-2.1920932099486312e-16,2.0254320567668653e-16
1204.496359507996,-1.619256769744524e-16,1.721873105097936e-16
1204.5495909982496,-1.9878107631478715e-16,2.2958514876180982e-16
1204.6028221972197,-1.8190006745171106e-16,2.803684024777714e-16
1204.6560531049115,-2.5813399829393884e-16,3.2585603746684744e-16
1204.70928372133,-1.6885660652032714e-16,2.0266335519697002e-16
1204.7625140464793,-1.3769259597524833e-16,1.3684181719975255e-16
1204.8157440803645,-1.570673543425041e-16,2.049141982951222e-16
1204.8689738229903,-1.4592137619225914e-16,1.5536676838462037e-16
1204.9222032743617,-2.971695600377366e-16,4.262392815867341e-16
1204.9754324344833,-2.490866616090293e-16,3.607947159532423e-16
1205.0286613033597,-3.7373892162374266e-16,4.342518813970343e-16
1205.0818898809964,-1.2719492220945696e-16,1.2122501161461593e-16
1205.1351181673974,-1.549879949346368e-16,1.5375445274042153e-16
1205.188346162568,-1.8740862264090624e-16,3.0909597289699614e-16
1205.2415738665125,-1.0520822519822656e-16,1.3322877623115623e-16
1205.2948012792363,-1.0826971395158774e-16,1.055040699315054e-16
1205.3480284007433,-8.862430741891977e-17,8.229805514370626e-17
1205.4012552310392,-1.0099585042466741e-16,9.919703423867645e-17
1205.4544817701283,-1.4635605197797704e-16,1.5875736228165353e-16
1205.5077080180151,-1.7312165940437562e-16,1.7823464446536492e-16
1205.560933974705,-2.3413931614343694e-16,3.404845859104529e-16
1205.6141596402026,-1.3712539717469788e-16,1.587671034946063e-16
1205.6673850145125,-1.8930156352485915e-16,2.077639600919997e-16
1205.7206100976396,-1.322377034002358e-16,1.273128983505203e-16
1205.7738348895887,-9.954423457104988e-17,8.554347884205611e-17
1205.8270593903644,-1.6162026432317884e-16,2.099037893697961e-16
1205.8802835999718,-1.8624873231366349e-16,3.1598135151532273e-16
1205.9335075184154,-1.5237833170227896e-16,1.964344630391455e-16
1205.9867311456999,-1.4407640167784576e-16,1.4360177900768842e-16
1206.0399544818304,-1.0185284153496312e-16,1.1252262322469013e-16
1206.0931775268114,-1.386995368530381e-16,1.2803111711640746e-16
1206.146400280648,-1.2816305545327515e-16,1.3853788535897445e-16
1206.1996227433447,-1.7351471923732558e-16,2.2089712648317414e-16
1206.252844914906,-2.1653567981037337e-16,2.500645982470126e-16
1206.3060667953375,-2.232572700925225e-16,3.1883007056603534e-16
1206.3592883846432,-2.0161740698415183e-16,1.8206245472457254e-16
1206.4125096828286,-1.9662303228274364e-16,2.5121112249631335e-16
1206.4657306898978,-1.2700742755573937e-16,1.0831620222152141e-16
1206.5189514058557,-1.4956954101674018e-16,2.270450849847764e-16
1206.5721718307075,-1.5971326669870646e-16,3.001208971562352e-16
1206.6253919644573,-1.7508610121772688e-16,2.6860111057716827e-16
1206.6786118071104,-1.738145060369646e-16,2.2808124866558007e-16
1206.7318313586718,-1.9089363327277314e-16,2.1952557971985099e-16
1206.7850506191457,-1.7577518489141364e-16,2.2319409223398e-16
1206.838269588537,-1.8755947198428628e-16,2.370427940961104e-16
1206.8914882668507,-1.3657613227442268e-16,1.597636712552403e-16
1206.9447066540915,-1.6305771681180048e-16,1.767889910815033e-16
1206.9979247502638,-1.7406833295900517e-16,1.9827826802749988e-16
1207.0511425553732,-1.0776071779473911e-16,1.1684102636628123e-16
1207.1043600694238,-1.2812489303792155e-16,1.3809399662876019e-16
1207.1575772924205,-3.5346626541290497e-16,4.672342321535892e-16
1207.2107942243679,-2.3938544155402775e-16,2.9064605699020665e-16
1207.2640108652713,-1.9610671179756262e-16,2.5209624713775555e-16
1207.3172272151353,-1.7617274249133854e-16,1.915219992603263e-16
1207.3704432739642,-1.692964005879172e-16,2.0390536990930608e-16
1207.4236590417631,-2.2268541672071115e-16,2.5639718730301093e-16
1207.4768745185372,-1.904673797317361e-16,2.5701736592002936e-16
