trappist-1/STIS/extracted_spectra/TRAPPIST-1_G140M_2016_mean.ecsv
# %ECSV 0.9
# ---
# datatype:
# - name: WAVELENGTH
#   unit: Angstrom
#   datatype: float64
# - name: FLUX
#   unit: erg / (Angstrom cm2 s)
#   datatype: float64
# - name: ERROR
#   unit: erg / (Angstrom cm2 s)
#   datatype: float64
# delimiter: ','
# schema: astropy-2.0
WAVELENGTH,FLUX,ERROR
[from data line 755]
1234.5279741702755,4.573973706139902e-17,1.6709703517073037e-16
1234.5810413186218,6.868170728478455e-17,2.183702074408393e-16
1234.634108179385,1.68061583078728e-17,9.14545416246968e-17
1234.6871747525693,1.0248151980377622e-16,2.3762251428607516e-16
1234.7402410381787,8.792838518527991e-17,1.9302014179794407e-16
1234.793307036219,1.2881135850304613e-16,2.447641146000178e-16
1234.846372746694,1.4550923834874702e-16,2.83839165903714e-16
1234.8994381696086,6.783803669215446e-17,2.2520862600575877e-16
1234.9525033049679,1.1241450651895598e-16,2.6819445124507165e-16
1235.005568152776,1.4469934714469407e-17,7.1412573183265e-17
1235.0586327130377,4.072512177351925e-17,1.4707337817973174e-16
1235.1116969857583,6.969129865399022e-17,2.2230253060013015e-16
1235.1647609709416,5.779713368894824e-18,7.654831567634264e-17
1235.2178246685926,1.0815692826705021e-16,2.493894010041927e-16
1235.270888078716,8.56873240214546e-17,2.2874333242368415e-16
1235.3239512013165,1.165842444790797e-16,2.403585792514674e-16
1235.3770140363988,2.832264875065938e-16,4.182080662169291e-16
1235.4300765839678,2.163970280089944e-17,1.799279673091781e-16
1235.4831388440273,2.877983059555669e-17,2.2373591067777397e-16
1235.536200816583,6.170788633812575e-17,2.3018321579935723e-16
1235.589262501639,1.5662971825478425e-16,2.8770002357608473e-16
1235.6423238992004,-5.421466282757114e-18,2.7429503500548274e-18
1235.6953850092714,2.6748879823862356e-17,8.645509583253544e-17
1235.7484458318568,1.9648247082325631e-16,3.3121947764814614e-16
1235.8015063669613,5.0456189552442785e-17,1.3882778257951891e-16
1235.8545666145897,6.523272357213758e-17,1.640996326763675e-16
1235.9076265747467,4.230564955051906e-17,1.3918370999427025e-16
1235.9606862474368,3.233495914403787e-17,1.6236578339982362e-16
1236.0137456326647,2.151563852570329e-16,3.491965195697695e-16
1236.066804730435,1.3748747036466952e-16,2.7010702602180947e-16
1236.1198635407525,2.2760735059189687e-17,7.911737592413302e-17
1236.172922063622,4.077844688198003e-17,1.3975786699945557e-16
1236.2259802990482,6.512091069541033e-17,1.5401952829568512e-16
1236.2790382470353,1.3976646684229678e-16,2.2506913458074196e-16
1236.3320959075882,1.3534130804551204e-16,2.648533047585288e-16
1236.3851532807118,1.1575750846015947e-16,2.689318702406921e-16
1236.4382103664107,6.622336843587824e-17,2.1128590816443032e-16
1236.4912671646891,1.6943836715151108e-16,3.0168796812120913e-16
1236.5443236755525,2.1984008233137987e-16,3.462659987503601e-16
1236.5973798990046,8.588989751461849e-17,1.6604902171455813e-16
1236.650435835051,1.410337224064112e-16,2.734303249513841e-16
1236.7034914836959,8.23629822673456e-17,1.501363539896133e-16
1236.756546844944,1.4815644785965475e-16,2.3417093983214824e-16
1236.8096019188,1.4531383092799145e-16,2.7626731894306635e-16
1236.8626567052686,1.069273647947234e-16,2.065148098165192e-16
1236.9157112043542,2.0543465259313414e-16,3.2977178200557123e-16
1236.968765416062,1.2959066206189602e-16,2.5553265227209325e-16
1237.0218193403964,7.54588641148796e-17,1.740379000835037e-16
1237.0748729773618,2.132081278565904e-17,7.762938788824121e-17
1237.1279263269635,2.446263404864249e-16,3.8409602416770387e-16
1237.1809793892055,1.655841044737758e-16,2.604095076110794e-16
1237.2340321640927,1.7733192790590252e-16,2.97056435377931e-16
1237.28708465163,2.2954388343499613e-16,3.2246189296796907e-16
1237.3401368518219,7.126464752873095e-17,2.2123076780204038e-16
1237.3931887646727,1.1569538997607319e-16,2.583190828505631e-16
1237.446240390188,2.400936612070825e-17,7.292267321162475e-17
1237.4992917283714,9.811019436603992e-17,2.370878686571358e-16
1237.5523427792284,1.203477366300688e-16,2.695138136551843e-16
1237.6053935427633,6.697510281017583e-17,2.504381119852301e-16
1237.6584440189808,-1.316667857111841e-18,2.3363098469769626e-16
1237.7114942078856,2.1832075154389428e-16,3.4785500324427543e-16
1237.7645441094821,2.1248498479490193e-16,3.303867214528514e-16
1237.8175937237754,7.275655672662701e-17,2.1227565012707422e-16
1237.87064305077,1.6728496108985906e-16,3.154876940958764e-16
1237.9236920904705,1.5143235128344509e-16,2.772686763648178e-16
1237.9767408428816,6.410624541639301e-17,1.4233051255890244e-16
1238.0297893080083,1.1721251699747532e-16,2.5774883956944693e-16
1238.0828374858545,5.3440153540315326e-17,1.219158314684178e-16
1238.1358853764254,8.113560450325415e-17,1.7888618603607873e-16
1238.188932979726,5.715451995941225e-17,1.2758186314290872e-16
1238.24198029576,3.1078002509557463e-16,4.0968998563762913e-16
1238.2950273245328,1.2470557157168793e-16,2.1636810628952859e-16
1238.348074066049,-2.2786002493694107e-18,1.293128022556542e-19
1238.4011205203133,5.052155654976735e-17,1.1057633999332913e-16
1238.45416668733,1.2318992257015325e-16,2.1908930921317177e-16
1238.5072125671038,1.5226301805498547e-16,2.5393681333040565e-16
1238.5602581596397,1.9628728740060032e-16,3.062471575501567e-16
1238.6133034649422,2.266105209016971e-16,3.4439162489452073e-16
1238.6663484830162,3.236843617251992e-16,3.935021156528976e-16
1238.7193932138662,1.159302440674711e-16,2.526191413405944e-16
1238.7724376574965,1.0078426766466576e-16,1.9123266486812629e-16
1238.8254818139121,1.517847053082071e-16,2.432411567767487e-16
1238.8785256831177,5.431369744747716e-17,1.4476166486117207e-16
1238.9315692651182,2.714070324143342e-17,8.881970296042074e-17
1238.9846125599177,4.739268085795173e-17,1.4713753195305578e-16
1239.0376555675211,9.639697450395294e-17,2.1956535079078325e-16
1239.0906982879333,1.0893886180628757e-16,2.36886874260429e-16
1239.1437407211586,3.318797195567964e-17,8.703138708194064e-17
1239.1967828672018,2.766406851610735e-16,3.3291553675587486e-16
1239.2498247260678,1.8198430881564798e-16,2.6147530363781645e-16
1239.3028662977608,3.601165252522702e-17,8.925958302325401e-17
1239.355907582286,2.18535229609823e-16,3.58309725151706e-16
1239.4089485796476,5.822375787559605e-17,1.848867704591641e-16
1239.4619892898504,7.296612116821052e-17,1.6401375577967747e-16
1239.5150297128994,1.174049993724238e-16,2.541386191043099e-16
1239.5680698487988,1.266546963044364e-16,2.4799249648503322e-16
1239.6211096975535,1.7618811571070977e-16,2.9900917188371623e-16
1239.6741492591682,1.193760100225571e-16,2.564577417088009e-16
1239.7271885336474,1.4404015338996402e-16,2.710302915634455e-16
1239.7802275209956,4.5166347737904654e-17,1.376216697837636e-16
1239.833266221218,1.329990361373497e-16,2.28685698086619e-16
1239.8863046343185,2.294781425138746e-16,3.251301286347021e-16
1239.9393427603031,6.805717064679187e-17,1.9674605602070645e-16
1239.992380599175,6.745421952265594e-17,2.0310931866427388e-16
1240.0454181509394,4.2386766726428427e-17,1.2611871454700124e-16
1240.0984554156014,2.5695473584803977e-16,3.6094004645375434e-16
1240.151492393165,1.0689817463967049e-16,1.6586247920799116e-16
1240.204529083635,1.690287851841995e-16,2.8299965112676255e-16
1240.2575654870163,1.4474004361165867e-17,3.962808706510629e-17
1240.3106016033134,1.0985879981569465e-16,2.2596448317212015e-16
1240.3636374325315,1.784538105133863e-16,2.973506514602017e-16
1240.4166729746744,5.5463607893527124e-17,1.4729798970591464e-16
1240.4697082297473,6.415205779008934e-17,1.915778894137748e-16
1240.5227431977548,1.0232843162335113e-18,4.763424751746508e-18
1240.575777878701,1.6272929927193172e-19,1.2492405141076774e-19
1240.6288122725914,2.1152150291590016e-17,6.542806952736276e-17
1240.6818463794302,1.592773332466173e-16,2.7367923726152817e-16
1240.7348801992223,4.878556519540107e-17,1.4496898351450818e-16
1240.787913731972,6.61521351422449e-17,1.4446785088931625e-16
1240.840946977684,1.0803163289776988e-16,1.7435196236774592e-16
1240.8939799363636,1.7736282423552256e-16,3.124208880328176e-16
1240.9470126080148,3.9266707132708806e-17,1.1657158175426587e-16
1241.0000449926424,7.627430929055062e-19,1.2323239672572055e-19
1241.0530770902512,6.451513684715243e-17,1.4187275117705709e-16
1241.1061089008458,8.490159743445683e-17,1.5883589114338077e-16
1241.1591404244311,1.0092114158283772e-16,1.806943668677339e-16
1241.2121716610109,2.0104037217987474e-16,3.0780312260372024e-16
1241.265202610591,1.1359241465227248e-16,2.402283663982053e-16
1241.318233273175,6.471876526397352e-17,1.9203518334983583e-16
1241.3712636487683,1.277339962956988e-18,2.562212825784493e-18
1241.4242937373756,1.0296114025003164e-18,1.2202380833513153e-19
1241.4773235390012,2.525510593199284e-17,7.468630353332422e-17
1241.5303530536498,1.0817932122236117e-16,2.1454642978470858e-16
1241.583382281326,8.093589601461102e-17,2.123891241950026e-16
1241.6364112220347,1.7315155292204212e-16,2.414727601834868e-16
1241.6894398757802,2.2037698402676055e-16,2.9451433538812073e-16
1241.7424682425676,1.1420404970756536e-16,2.331211801827695e-16
1241.7954963224013,6.690334507911264e-17,1.9835467030535583e-16
1241.848524115286,1.0195317030386165e-16,1.7949751238221125e-16
1241.9015516212264,1.3222878608467652e-16,2.2967018340539396e-16
1241.9545788402272,1.9421519891269497e-16,2.9292633736351526e-16
1242.0076057722927,1.4944548085839531e-16,2.3491414711168943e-16
1242.060632417428,6.554084136123576e-17,2.0034576805889963e-16
1242.1136587756375,1.1642497496457015e-16,2.1979356979736647e-16
1242.1666848469263,1.8601580801937643e-16,3.035761823058957e-16
1242.2197106312985,1.165314742075368e-16,2.2673707492806993e-16
1242.2727361287589,1.2411538973045035e-16,2.4283451095937306e-16
1242.3257613393123,9.001510133878138e-17,1.9327935219707603e-16
1242.3787862629633,1.1570971226631752e-16,1.5992644514317691e-16
1242.4318108997163,3.604238273689033e-16,4.1908297235528347e-16
1242.4848352495765,1.1566106494969278e-16,2.5215877664289307e-16
1242.5378593125483,3.1610012901179826e-16,3.8725699662571754e-16
1242.5908830886362,3.9953714944173906e-16,4.596430371440503e-16
1242.643906577845,9.116277018476047e-17,2.1232411956503357e-16
1242.6969297801793,1.3433183044051622e-16,2.4314522837263955e-16
1242.7499526956437,1.538309387312468e-16,1.746979934443593e-16
1242.802975324243,3.095688315535637e-16,3.6949569048406894e-16
1242.8559976659817,1.0135608220563237e-16,2.26412722938847e-16
1242.9090197208645,1.4032391952559704e-16,2.3206488306674827e-16
1242.9620414888964,1.5635535319651245e-16,2.5564779031681667e-16
1243.0150629700818,4.0920718607553563e-17,1.2812413996063887e-16
1243.0680841644248,1.0844642001434181e-17,3.8455521226151477e-17
1243.121105071931,4.782794434830825e-17,1.4724700325161158e-16
1243.1741256926045,5.567498546346595e-17,1.6138196347290875e-16
1243.2271460264499,2.1039133009850845e-16,3.3914526192991686e-16
1243.2801660734724,7.499975082737825e-17,2.01213037480757e-16
1243.333185833676,7.393609285823355e-17,1.7024214903267678e-16
1243.386205307066,4.2658415593963674e-17,1.3750537238078649e-16
1243.4392244936462,5.58673872889775e-17,1.254434893871279e-16
1243.492243393422,1.296622509306846e-16,2.4958279034657474e-16
1243.545262006398,-8.197743010060292e-19,5.510951076874279e-18
1243.5982803325783,5.2434573622299275e-17,9.939178096837235e-17
1243.651298371968,1.8395988201586037e-16,2.7915913804535896e-16
1243.7043161245717,4.830953145383063e-17,1.305451942453348e-16
1243.7573335903942,1.6269732276399506e-16,2.836699917545558e-16
1243.8103507694398,1.5710509747837431e-16,2.6957248449004556e-16
1243.8633676617135,2.048725092768909e-17,7.28592989999424e-17
1243.9163842672197,9.016392729346244e-17,1.9173880867247277e-16
1243.969400585963,2.2771449994750512e-17,7.939613345511422e-17
1244.0224166179485,5.3992351965710245e-17,1.0388022997308386e-16
1244.0754323631804,2.419401281047266e-16,3.236662255344064e-16
1244.1284478216633,1.3309416361144878e-16,2.512902015505759e-16
1244.1814629934022,4.711891775119506e-18,2.1449995740531003e-17
1244.2344778784015,1.9542917942786253e-16,2.9681435762122696e-16
1244.2874924766663,2.0916919993986385e-16,3.361088270379502e-16
1244.3405067882004,3.403148215562917e-17,1.1328515067419408e-16
1244.3935208130092,1.1496277114403915e-17,3.3017879673802174e-17
1244.4465345510973,1.3208176062277763e-16,2.4737642954584887e-16
1244.4995480024688,1.2024588356083947e-16,2.662029388749399e-16
1244.5525611671292,4.5045116408339586e-17,1.048198259108869e-16
1244.6055740450822,1.0673130435740168e-16,2.3881452732602664e-16
1244.658586636333,1.5491660574646336e-16,2.837336222019657e-16
1244.7115989408865,1.9304956772863462e-16,2.964504548279081e-16
1244.7646109587467,1.0193041338729265e-16,1.9527752749847298e-16
1244.8176226899186,6.087549834668371e-17,1.4278825330435277e-16
1244.8706341344068,2.4919646859384856e-16,3.6898382638821694e-16
1244.9236452922162,3.5760541507680036e-17,1.1472003337042896e-16
1244.9766561633512,8.159524243454998e-17,2.0489229855845093e-16
1245.0296667478162,1.6968310498851296e-16,2.8803935068141796e-16
1245.0826770456163,2.4430520966801208e-17,8.695110777717626e-17
1245.135687056756,2.008596295407998e-17,7.709382409255841e-17
1245.18869678124,2.1184597275025278e-16,3.3858839607682905e-16
1245.241706219073,2.0974809805400395e-17,7.160454431824783e-17
1245.2947153702592,1.8293290572933907e-16,3.015453888896001e-16
1245.3477242348035,1.1388607800335657e-16,2.435417677440288e-16
1245.400732812711,1.5351382267607928e-16,2.774816262866253e-16
1245.453741103986,4.9562889266244833e-17,1.4369490555986546e-16
1245.506749108633,-6.9379006291073065e-18,1.199088225047593e-19
1245.5597568266567,5.5208783870712215e-17,1.8689966987578685e-16
1245.6127642580618,-4.902790910733642e-18,6.514415556632174e-18
1245.665771402853,8.630953974598043e-17,2.0812193826561304e-16
1245.7187782610347,5.692485444477191e-17,1.4405987173836842e-16
1245.7717848326122,9.589192156629434e-17,1.8739362123286544e-16
1245.8247911175895,1.2927485506850938e-16,2.423774226492812e-16
1245.8777971159716,7.642405274709946e-17,1.9441149710373036e-16
1245.9308028277628,8.881697425090389e-17,2.113896690944169e-16
1245.9838082529682,5.266278030849887e-17,1.8160216712846058e-16
1246.0368133915922,5.378572735863766e-17,1.8707328934451378e-16
1246.0898182436392,5.3908224937880294e-17,1.913955958816723e-16
1246.1428228091145,1.0081455810660889e-16,2.1739934886884795e-16
1246.195827088022,7.621402979502866e-17,1.8305509363495246e-16
1246.248831080367,5.614594929927989e-17,1.9819390133310685e-16
1246.301834786154,5.063330681490263e-17,1.815450502617999e-16
1246.354838205387,1.4693239962439655e-17,1.1552605229098491e-16
1246.4078413380714,5.140158573648502e-17,1.8408625352938485e-16
1246.4608441842117,1.4652252186846786e-16,2.351835721135749e-16
1246.5138467438123,1.6738881310950116e-16,2.4197973365821173e-16
1246.5668490168782,3.010060140661325e-17,1.2422917863204727e-16
1246.6198510034137,-1.0409820492542942e-17,1.1884555560097104e-19
1246.6728527034236,4.837896727747587e-17,1.8062213553647075e-16
1246.7258541169124,-7.763377978714574e-18,8.783735388434372e-18
1246.7788552438851,-4.570405830425282e-18,3.7257358133774156e-17
1246.8318560843459,2.174570593822462e-16,3.427035363306839e-16
1246.8848566383,2.1326695624681884e-16,2.802752388309682e-16
1246.9378569057515,1.8959811961968033e-16,2.9644156167250414e-16
1246.9908568867054,9.091712217699695e-17,2.277704990618261e-16
1247.043856581166,9.070577098207877e-17,2.2115077961713443e-16
1247.0968559891382,5.891856385707605e-17,1.2178919822908845e-16
1247.1498551106267,3.961720085313273e-16,4.463786162934085e-16
1247.2028539456362,6.191745428155847e-17,1.8865825119163261e-16
1247.255852494171,-1.0408181108631746e-17,9.462791814067368e-18
1247.3088507562359,5.367959726847017e-17,2.0381800519658255e-16
1247.3618487318356,-1.3751210289896398e-17,1.1935612515011173e-19
1247.414846420975,-1.505627458999933e-17,1.2180526699789433e-19
1247.4678438236585,2.870372095503338e-17,9.201361880827166e-17
1247.5208409398901,5.853142252448797e-17,1.5711266417169104e-16
1247.5738377696757,4.2692159594059126e-17,1.0132879960982445e-16
1247.6268343130191,1.7517159354491074e-16,2.6669609935531436e-16
1247.6798305699251,8.090101260152633e-17,2.0467833379636563e-16
1247.7328265403985,1.2261124754419362e-16,2.615349916307834e-16
