trappist-1/STIS/extracted_spectra/TRAPPIST-1_G140M_all_coadd2.ecsv
# %ECSV 0.9
# ---
# datatype:
# - name: WAVELENGTH
#   unit: Angstrom
#   datatype: float64
# - name: FLUX
#   unit: erg / (Angstrom cm2 s)
#   datatype: float64
# - name: ERROR
#   unit: erg / (Angstrom cm2 s)
#   datatype: float64
# delimiter: ','
# schema: astropy-2.0
WAVELENGTH,FLUX,ERROR
[from data line 744]
1233.9424149686902,-8.628613794281944e-17,1.9030191419532705e-20
1233.995485965185,-5.731558069220509e-17,2.0534456880395534e-20
1234.0485566728366,-3.1446417287230374e-17,2.0140252147505136e-20
1234.1016270916505,-5.1841410548757376e-17,1.955027167316042e-20
1234.1546972216306,-7.111692453374349e-17,1.9710855475030552e-20
1234.207767062782,-5.4587597746546906e-17,1.9779835923422143e-20
1234.2608366151094,-4.764183236698602e-17,2.4478968914076322e-20
1234.3139058786176,-4.7596150603525896e-17,2.3148790365571525e-20
1234.3669748533111,-3.5376311700150434e-17,2.1246053726821996e-20
1234.420043539195,-3.5347254980566164e-17,2.064942403862599e-20
1234.4731119362734,-2.9503965463111456e-17,1.9774359979974863e-20
1234.5261800445514,-6.104178503576423e-17,2.0392906187630383e-20
1234.5792478640337,-4.386533128370745e-17,1.9735244323854002e-20
1234.632315394725,-4.517667958277146e-17,2.0691358421336208e-20
1234.6853826366303,-6.693714900695881e-17,2.0374159755727762e-20
1234.7384495897536,-5.788373364708625e-17,1.8780550832361504e-20
1234.7915162541003,-5.820658774154438e-17,1.9257763806025126e-20
1234.8445826296747,-5.628010548993303e-17,1.8587810749517318e-20
1234.8976487164819,-6.21201678184839e-17,1.9280350635088e-20
1234.950714514526,-2.9987719208972007e-17,2.0065029412494647e-20
1235.0037800238126,-3.004137265525624e-17,2.0184793608018082e-20
1235.0568452443454,-4.247268449679114e-17,2.0061457188276556e-20
1235.1099101761297,-3.553161869285137e-17,2.0651128207764852e-20
1235.1629748191704,-4.922779916163653e-17,1.9675189554690593e-20
1235.2160391734717,-4.1522079437433474e-17,1.8994294672465926e-20
1235.2691032390387,-4.138407321232937e-17,2.0049059204292792e-20
1235.3221670158757,-3.630853389626235e-17,2.1849224763873048e-20
1235.3752305039882,-1.9870050051312974e-17,2.120749119773139e-20
1235.4282937033802,-3.3981199342940396e-17,2.0881653793954894e-20
1235.4813566140565,-3.100671392685686e-17,2.1462004788377013e-20
1235.534419236022,-3.8838502142399914e-17,2.1588766954198504e-20
1235.5874815692812,-5.479425792334291e-17,2.043044927355715e-20
1235.640543613839,-1.8131330589669474e-17,2.0151647033621994e-20
1235.6936053697002,-4.838595164043594e-17,1.9916157144961254e-20
1235.746666836869,-5.839071797513582e-17,1.9007736728419294e-20
1235.7997280153509,-5.837316668676771e-17,1.8742711303753768e-20
1235.85278890515,-3.731668416694223e-17,2.1606442880502302e-20
1235.9058495062714,-3.49624573587062e-17,2.0375925365866798e-20
1235.9589098187193,-3.1009125238138595e-17,1.9795722706166067e-20
1236.0119698424992,-1.751527559403667e-17,2.3170389315213246e-20
1236.0650295776147,-6.631444057643615e-17,2.0138347010613637e-20
1236.1180890240719,-5.026589921869659e-17,1.767794549396444e-20
1236.171148181874,-2.6009429710696212e-17,1.8841656456082402e-20
1236.224207051027,-1.5210930990347392e-17,2.0819859420315906e-20
1236.2772656315349,-3.965238640264833e-17,1.908420029302662e-20
1236.3303239234026,-4.3303262527367323e-17,1.96030020474024e-20
1236.383381926635,-5.655269608779017e-17,1.8242942020570057e-20
1236.4364396412361,-2.813305703597615e-17,1.9204360257489152e-20
1236.4894970672117,-4.3362566625814276e-17,1.7961394876494394e-20
1236.5425542045657,-5.5224464175981627e-17,1.9166697269186196e-20
1236.595611053303,-3.944074968459928e-17,2.0107766658418553e-20
1236.6486676134284,-2.865091142682861e-17,1.9968720425352906e-20
1236.7017238849467,-2.4097399525722466e-17,1.8530855773641795e-20
1236.7547798678625,-3.0378246388356356e-17,1.8388547996129664e-20
1236.8078355621801,-2.9849424112042874e-17,1.8888769286948304e-20
1236.8608909679049,-4.530458930690191e-17,2.0267647716880177e-20
1236.9139460850413,-2.5799156162289775e-17,2.0686466420562248e-20
1236.967000913594,-2.6869724553983307e-17,2.0225093315743994e-20
1237.0200554535677,-3.158543483025996e-17,1.8665369996222855e-20
1237.073109704967,-4.4991310844161555e-17,1.8761582874106773e-20
1237.126163667797,-5.247449475380737e-17,1.958009755834563e-20
1237.179217342062,-4.7991240826772756e-17,1.8947418444333886e-20
1237.232270727767,-3.881012623799651e-17,2.069758280236914e-20
1237.2853238249163,-2.87418234072381e-17,2.21715491884595e-20
1237.338376633515,-4.048788122701235e-17,1.9983403158062236e-20
1237.391429153568,-2.017091389234732e-17,1.9101353112750353e-20
1237.4444813850791,-2.811145533193183e-17,1.9446183528702555e-20
1237.497533328054,-2.4641984448184526e-17,1.945318913429209e-20
1237.550584982497,-2.4181700913915196e-17,1.8338738067811873e-20
1237.6036363484127,-1.1858434477462368e-17,1.9115824913562466e-20
1237.656687425806,-1.2239394388273778e-17,2.2598012008452038e-20
1237.7097382146815,-3.690456169833149e-17,2.1698187328046467e-20
1237.7627887150438,-1.1949165220506867e-17,2.011235763938101e-20
1237.8158389268979,-8.391517219642072e-18,1.9290479101104674e-20
1237.8688888502484,-4.225371928784334e-18,1.9477317991922405e-20
1237.9219384850999,-1.9055767685723982e-17,1.889350378759191e-20
1237.9749878314572,-3.5862601209168195e-17,1.916150380481243e-20
1238.028036889325,-4.6278163262081433e-17,1.8227366762679595e-20
1238.081085658708,-3.031393945797189e-17,1.7472850989197682e-20
1238.1341341396108,-2.7105671271327555e-17,1.7336835025396114e-20
1238.1871823320378,-3.061226346479345e-17,1.7336303205821118e-20
1238.2402302359947,-4.471541385036742e-17,1.779246489039537e-20
1238.293277851485,-3.9113656873588355e-17,1.8964688868917876e-20
1238.346325178515,-2.022203119607045e-17,1.856362438300029e-20
1238.3993722170876,-1.4336582096259483e-17,2.001497788528834e-20
1238.4524189672084,-5.202971692711144e-17,2.2105815994340672e-20
1238.5054654288822,-4.1309276412549117e-17,2.2791268207130377e-20
1238.5585116021136,-3.092232530527058e-17,2.4912126091302247e-20
1238.611557486907,-1.8841747724994995e-17,2.408757514704329e-20
1238.6646030832676,-1.9651040727669797e-17,2.293850668102518e-20
1238.7176483911996,-8.587870286389605e-18,2.0267048591206874e-20
1238.770693410708,-7.30539894355416e-18,1.8668249502531778e-20
1238.8237381417975,-9.559887160607612e-18,1.8821395782202074e-20
1238.876782584473,-1.956805486376618e-17,1.85859783350477e-20
1238.9298267387385,-2.4645379510512345e-17,1.8022482482391265e-20
1238.9828706045994,-3.649893431646655e-17,1.6532547104918134e-20
1239.0359141820604,-1.1015320278565644e-17,1.8407845960887477e-20
1239.0889574711257,-1.9457416424357374e-17,1.8891488146048542e-20
1239.1420004718002,-1.5551852846166448e-17,1.8600324552153545e-20
1239.195043184089,-3.060120754749332e-17,1.882982170487581e-20
1239.2480856079965,-1.878586953589114e-17,1.788272808857581e-20
1239.301127743527,-2.945050156079014e-17,1.6943257671411457e-20
1239.3541695906858,-1.9567213477361406e-17,1.8844539608356318e-20
1239.4072111494775,-1.1375350665436449e-17,2.0450079230246053e-20
1239.4602524199063,-7.870533000372539e-18,1.9130498512103203e-20
1239.5132934019778,-2.3026447745973366e-17,1.8373841323775394e-20
1239.566334095696,-2.3080530591621098e-17,1.8290976218568185e-20
1239.619374501066,-1.3568066879426064e-17,1.8432156761720866e-20
1239.672414618092,-3.168756427049646e-17,1.8001072726519694e-20
1239.7254544467792,-3.7604256473370367e-17,1.7936052498882354e-20
1239.7784939871322,-1.8360731412901178e-17,1.706879928638499e-20
1239.8315332391555,-2.3573429636478704e-17,1.840270591002798e-20
1239.8845722028536,-2.5408214612769743e-17,1.888557103187541e-20
1239.9376108782321,-2.7240801158482808e-17,1.7658658837435754e-20
1239.990649265295,-3.8674182484263236e-17,1.6330422072229955e-20
1240.043687364047,-5.013380873787227e-17,1.6081511962248257e-20
1240.0967251744928,-2.933516483257967e-17,1.6095609345104156e-20
1240.1497626966375,-2.712837476620465e-17,1.7003611457170433e-20
1240.2027999304855,-2.3226984061998926e-17,1.685586346147393e-20
1240.2558368760413,-1.9436205939572843e-17,1.6752762030606103e-20
1240.3088735333101,-2.2903324389261356e-17,1.6275730032100325e-20
1240.361909902296,-1.3195484949089553e-17,1.678754770768538e-20
1240.4149459830041,-1.0460295029751803e-17,1.7037824611726166e-20
1240.4679817754393,-8.578474184544179e-18,1.7924052686071547e-20
1240.521017279606,-1.4918070059475262e-17,1.6591368973536687e-20
1240.5740524955088,-1.5393460988904126e-17,1.7725244835366247e-20
1240.6270874231527,-1.178328633230846e-17,1.7786040546936737e-20
1240.680122062542,-6.030671725656669e-18,1.8550588882378106e-20
1240.7331564136819,-4.483400636692123e-18,1.859081931331693e-20
1240.7861904765766,-1.057814607584278e-17,1.6864724552280967e-20
1240.8392242512311,-9.577527374024075e-18,1.7391511427573737e-20
1240.8922577376504,-2.2355190751289277e-17,1.7154306226358127e-20
1240.9452909358386,-1.3375955611423834e-17,1.6944402174935446e-20
1240.9983238458005,-2.5478854888675903e-17,1.7358996617446174e-20
1241.0513564675412,-1.3262620242837589e-17,1.790422198417931e-20
1241.1043888010647,-9.047441335115428e-18,1.6298072348011325e-20
1241.1574208463765,-2.9865624632786146e-17,1.5441728563518633e-20
1241.2104526034805,-1.7442771150020394e-17,1.7727780265871346e-20
1241.2634840723824,-2.076880898651784e-17,1.8084484530289958e-20
1241.3165152530862,-2.1185022503951563e-17,1.611048444755801e-20
1241.3695461455966,-8.907180866238466e-18,1.5636391656073897e-20
1241.4225767499183,-6.268596709834924e-18,1.729615933588921e-20
1241.4756070660565,-1.0712922785796195e-17,1.7127964704465398e-20
1241.5286370940153,-9.57461777522569e-18,1.8855309261772432e-20
1241.5816668337995,-2.06771552014211e-17,1.788005831763888e-20
1241.6346962854143,-2.941372212318168e-17,1.7858166809446087e-20
1241.6877254488638,-1.48765263855023e-17,2.1050479186997364e-20
1241.7407543241525,-1.7737998494574844e-17,1.744028379172023e-20
1241.7937829112861,-1.1996287650395056e-17,1.730502823427131e-20
1241.8468112102685,-2.741327120313103e-17,1.6001108437549825e-20
1241.8998392211047,-2.9530385803989385e-17,1.554604469595658e-20
1241.9528669437993,-2.5234749098506595e-17,1.6747477301953532e-20
1242.005894378357,-2.5844811120079167e-17,1.764537516614279e-20
1242.0589215247821,-2.083233022146296e-17,1.6399257831571492e-20
1242.1119483830803,-9.470303664845926e-18,1.7044345980684876e-20
1242.1649749532553,-1.449925677521233e-17,1.5728404980330783e-20
1242.2180012353124,-1.1641983032294774e-17,1.6775328279633908e-20
1242.271027229256,-1.4086533724282583e-17,1.7050802899504886e-20
1242.3240529350908,-1.2477872103468493e-17,1.5707017427586662e-20
1242.3770783528219,-1.5873241101743446e-17,1.5967302865806977e-20
1242.4301034824532,-1.1454219676067153e-17,1.7073193718778966e-20
1242.48312832399,-2.1928527266373607e-17,1.7756064031004285e-20
1242.5361528774372,-1.1720494283201056e-17,2.029594638600485e-20
1242.589177142799,-1.6919338776799736e-17,1.904337890864847e-20
1242.6422011200802,-1.2693206671318374e-17,1.8573731205309142e-20
1242.6952248092857,-2.0824311795034765e-17,1.8547136778432337e-20
1242.74824821042,-1.2960441268043512e-17,1.6558348484753782e-20
1242.8012713234875,-1.084498300638073e-17,1.5493780687049287e-20
1242.8542941484936,-5.921308724417663e-18,1.7949002263875003e-20
1242.9073166854425,-1.570397875212282e-17,1.8138899216167175e-20
1242.960338934339,-3.788032346461588e-18,1.681326776733854e-20
1243.013360895188,-1.1554948602343827e-17,1.6167507971867756e-20
1243.066382567994,-1.6677141003130587e-17,1.6314665826431253e-20
1243.1194039527613,-1.1746535266906255e-17,1.614631917751407e-20
1243.1724250494956,-9.424671725100767e-18,1.5331374339158216e-20
1243.2254458582006,-1.600140910186581e-17,1.725639094982813e-20
1243.2784663788816,-1.7712678193300323e-17,1.7209501105924948e-20
1243.3314866115427,-1.4561042215585802e-17,1.74538121022038e-20
1243.3845065561895,-1.1835182484768122e-17,1.6363337542785112e-20
1243.4375262128258,-1.411618662033365e-17,1.4980269371680876e-20
1243.490545581457,-5.895071472165826e-18,1.5910488355069718e-20
1243.5435646620872,-8.377453079044045e-18,1.5359650968827844e-20
1243.5965834547217,-1.8390241794973757e-17,1.6082012122579478e-20
1243.6496019593644,-2.0545872556071795e-17,1.6454709948404198e-20
1243.7026201760204,-2.0531749794363206e-17,1.5416187064180094e-20
1243.755638104695,-1.8301059476923146e-17,1.6902648331294854e-20
1243.808655745392,-1.6249162642669108e-17,1.545196749285408e-20
1243.8616730981164,-1.7212770865418076e-17,1.5789357426078627e-20
1243.914690162873,-1.611173996689544e-17,1.610895799472818e-20
1243.9677069396662,-1.8054931074623505e-17,1.5550740263881467e-20
1244.020723428501,-1.7785612132377872e-17,1.6475270150140862e-20
1244.073739629382,-1.1815220158350781e-17,1.7403711056330302e-20
1244.126755542314,-1.5022827383466852e-17,1.743946104352397e-20
1244.1797711673014,-2.208773798273718e-17,1.578483426674695e-20
1244.2327865043492,-1.9948658461415786e-17,1.5036247121274582e-20
1244.2858015534616,-2.4142409753827496e-17,1.532137914354986e-20
1244.3388163146442,-2.397730043088879e-17,1.577658049068982e-20
1244.391830787901,-1.975983293324079e-17,1.522798960953336e-20
1244.4448449732365,-2.304570531848801e-17,1.5150176848175634e-20
1244.497858870656,-2.5515579264644705e-17,1.5328200076344444e-20
1244.5508724801637,-2.4705221017362755e-17,1.7384013614687728e-20
1244.6038858017648,-2.3827296298784724e-17,1.633689780066279e-20
1244.6568988354634,-3.0387824236154283e-17,1.5354452931477582e-20
1244.7099115812648,-2.6705462432038725e-17,1.4898424242623285e-20
1244.762924039173,-2.497613535813303e-17,1.5226022176233044e-20
1244.8159362091933,-2.580656187629209e-17,1.5613295148746226e-20
1244.8689480913301,-3.0453801849185525e-17,1.6017958329614656e-20
1244.921959685588,-2.4909671797598014e-17,1.5496780029464116e-20
1244.9749709919722,-2.667870609687785e-17,1.551739085698647e-20
1245.0279820104868,-2.4604641887443974e-17,1.642076100499064e-20
1245.0809927411367,-2.4865104453187817e-17,1.5408383765762435e-20
1245.1340031839266,-2.6374197743456185e-17,1.5024091987606433e-20
1245.187013338861,-2.8784701043545e-17,1.5606860613820923e-20
1245.2400232059454,-2.781892691690165e-17,1.5617011353122168e-20
1245.2930327851832,-2.703953615522694e-17,1.557875153787191e-20
1245.34604207658,-2.8285838256118935e-17,1.5515863140989197e-20
1245.3990510801402,-3.247323075259698e-17,1.5157528110953736e-20
1245.4520597958688,-3.213164499969556e-17,1.5392314820224357e-20
1245.50506822377,-3.027861424176852e-17,1.5512688094571494e-20
1245.5580763638488,-3.419067809933693e-17,1.4955294882699042e-20
1245.6110842161097,-3.399488593187372e-17,1.4696928620511096e-20
1245.6640917805576,-3.437234740486574e-17,1.513530191257388e-20
1245.717099057197,-3.066740838737256e-17,1.6965049641762225e-20
1245.7701060460327,-3.1568505026257154e-17,1.621598808680129e-20
1245.8231127470692,-3.1674901299090374e-17,1.4791765289982723e-20
1245.8761191603116,-3.0312936810113585e-17,1.5633138749963626e-20
1245.9291252857643,-2.3821507772324205e-17,1.578780229219778e-20
1245.982131123432,-3.4166502727763646e-17,1.4876058428203127e-20
1246.0351366733194,-3.707136826370417e-17,1.5837861769264782e-20
1246.0881419354312,-3.845662881670626e-17,1.587288307180202e-20
1246.1411469097718,-3.41112940966782e-17,1.6154770379865164e-20
1246.1941515963463,-3.499943276663427e-17,1.6240993576655543e-20
1246.2471559951593,-3.557114293282426e-17,1.5241797953570085e-20
1246.3001601062156,-2.820962622009136e-17,1.5336737898906126e-20
1246.3531639295197,-3.0000247913712363e-17,1.5918553376187734e-20
1246.4061674650761,-4.001064075048958e-17,1.5106946606381625e-20
1246.4591707128898,-3.945393343800503e-17,1.559963132921451e-20
1246.5121736729654,-3.827406160561291e-17,1.6438883826152776e-20
1246.5651763453075,-4.067428472376363e-17,1.476357958905183e-20
1246.618178729921,-4.161931475619615e-17,1.4909562811419773e-20
1246.6711808268103,-3.7061747427441644e-17,1.501073040039684e-20
1246.7241826359805,-4.951686430718372e-17,1.468722444179945e-20
1246.7771841574358,-5.1023221165912704e-17,1.4195510770818647e-20
1246.830185391181,-5.427743856481912e-17,1.5456624722805798e-20
1246.8831863372209,-4.383852269292421e-17,1.6583733083819903e-20
