trappist-1/STIS/extracted_spectra/TRAPPIST-1_G140M_2017_mean.ecsv
# %ECSV 0.9
# ---
# datatype:
# - name: WAVELENGTH
#   unit: Angstrom
#   datatype: float64
# - name: FLUX
#   unit: erg / (Angstrom cm2 s)
#   datatype: float64
# - name: ERROR
#   unit: erg / (Angstrom cm2 s)
#   datatype: float64
# delimiter: ','
# schema: astropy-2.0
WAVELENGTH,FLUX,ERROR
[from data line 503]
1221.13742999742,1.1912741529537725e-15,1.1586583615065761e-15
1221.190584377448,9.876794262546969e-16,1.1161044805099168e-15
1221.2437384593838,5.332379824581462e-16,9.495134559941855e-16
1221.2968922432324,1.1904895758790173e-16,7.729473423626615e-16
1221.350045728999,-1.5080495211813933e-17,6.993325348598446e-16
1221.403198916689,1.173738844764263e-16,7.686650662786236e-16
1221.4563518063069,1.282189853736128e-16,7.815440918349844e-16
1221.5095043978577,-8.12549585071026e-17,6.741443020851374e-16
1221.5626566913468,-2.0960356825084835e-17,7.022640956945316e-16
1221.6158086867786,6.385765553544493e-17,7.250907385243815e-16
1221.6689603841587,1.5643718714229509e-16,7.757631945101743e-16
1221.7221117834918,1.6785028502137547e-16,7.871091770241466e-16
1221.7752628847832,4.833020435418947e-16,9.233369965162878e-16
1221.8284136880377,2.117456309153597e-16,7.905802733326219e-16
1221.8815641932601,1.8599388563293822e-16,7.858555835868466e-16
1221.934714400456,3.7419273775832287e-17,7.085201106342865e-16
1221.9878643096297,1.0807059204303612e-16,7.36333674281302e-16
1222.0410139207868,1.408115596264746e-16,7.659057128700066e-16
1222.094163233932,-2.2557062589712432e-17,6.773788816344639e-16
1222.1473122490706,-1.4867113110879807e-17,6.753422866653522e-16
1222.200460966207,4.786064883681635e-18,6.795233960094099e-16
1222.253609385347,-5.740439178632873e-17,6.483334472553438e-16
1222.3067575064952,1.1801281148770804e-17,6.921960259489339e-16
1222.3599053296564,-9.814561412953186e-17,6.39555277226211e-16
1222.4130528548362,-8.021759567323724e-17,6.548231811993758e-16
1222.466200082039,-1.1708442322396042e-16,6.183549480847467e-16
1222.5193470112704,-1.3165898263183023e-16,5.915933466514801e-16
1222.5724936425347,-1.1578903975347153e-16,6.050099005360804e-16
1222.6256399758377,-7.678151515563112e-17,6.173890888673062e-16
1222.678786011184,2.6701435953892493e-16,7.922079258097361e-16
1222.7319317485783,3.9373627963795923e-16,8.568220501848494e-16
1222.7850771880262,5.613127253844596e-16,9.233199046499077e-16
1222.8382223295323,6.141861137524763e-16,9.355969321640196e-16
1222.891367173102,2.609389385371049e-16,8.058280465472215e-16
1222.94451171874,-6.355991738846538e-17,6.558524122456797e-16
1222.9976559664515,-1.0769107866345049e-17,6.719298187046306e-16
1223.0507999162412,-1.3590982079970851e-16,5.928771462140566e-16
1223.1039435681143,-1.7729518817981602e-16,5.52709180819338e-16
1223.157086922076,-1.6986264164477196e-17,6.539043275397769e-16
1223.2102299781309,2.5635735997113476e-16,7.937097646854819e-16
1223.2633727362843,4.551180122588033e-17,6.784525685767405e-16
1223.3165151965413,1.8538544540229778e-16,7.534706248932994e-16
1223.3696573589066,1.119656610695773e-16,7.16641544181371e-16
1223.4227992233855,-3.6379834925089736e-17,6.354081339437248e-16
1223.4759407899828,-1.2388315688432648e-16,5.797631027932668e-16
1223.5290820587036,6.515508600607148e-17,6.78781770025292e-16
1223.5822230295528,1.1764204083899558e-16,7.005843457552766e-16
1223.6353637025356,5.723081158374437e-17,6.606036901607159e-16
1223.6885040776572,2.1774614606543962e-16,7.559117332872558e-16
1223.741644154922,9.174981429856386e-17,6.758745142055084e-16
1223.7947839343353,-2.4361102438576247e-17,6.183334521263464e-16
1223.8479234159024,7.316951154990611e-18,6.468376194108069e-16
1223.901062599628,5.4768628963257533e-17,6.512093399763843e-16
1223.954201485517,1.3451006040788985e-16,7.038260509873906e-16
1224.0073400735746,6.604212464027989e-18,6.196444363809078e-16
1224.0604783638057,4.245456237398958e-17,6.297127812007132e-16
1224.1136163562155,-9.811866027025612e-17,5.525274030387138e-16
1224.166754050809,-1.0521644911115274e-16,5.420336731042218e-16
1224.219891447591,1.1756346379697378e-16,6.797158287046563e-16
1224.2730285465666,7.059747597719823e-17,6.591776380767426e-16
1224.3261653477405,8.680391823594705e-17,6.757591639645191e-16
1224.3793018511183,1.5490147528835678e-16,7.161848464126358e-16
1224.4324380567048,1.6167512970691346e-16,7.125194438827895e-16
1224.4855739645045,2.6387755953362603e-16,7.646216828458663e-16
1224.5387095745234,3.6398424424136516e-16,7.996312193368904e-16
1224.5918448867656,1.4790435587177058e-16,6.830989737397797e-16
1224.6449799012366,-4.271672488769505e-17,5.86309299909128e-16
1224.6981146179414,-4.852860185873202e-18,6.023703057608729e-16
1224.7512490368847,5.5257832035507395e-17,6.449219822257123e-16
1224.8043831580717,-4.8558214099781747e-17,5.898167167559664e-16
1224.8575169815072,-1.2208933335704007e-17,5.959728897805209e-16
1224.9106505071964,-1.17352965129771e-16,5.477579287091699e-16
1224.9637837351445,-4.380038903093639e-17,5.837628511984573e-16
1225.0169166653561,-5.566858136670547e-17,5.716196310538395e-16
1225.0700492978365,1.152680627934947e-16,6.659278479410611e-16
1225.1231816325908,3.776161268467228e-17,6.15546628586112e-16
1225.1763136696234,2.495231288509142e-17,6.000043653731668e-16
1225.2294454089401,1.7780286054682758e-16,6.940938059571648e-16
1225.2825768505454,2.1261552570240242e-16,7.077432625345204e-16
1225.3357079944442,7.603104891138181e-17,6.348289623414562e-16
1225.3888388406417,-5.574266215560788e-17,5.48400158193464e-16
1225.4419693891432,5.12796702062012e-17,6.22382910691845e-16
1225.4950996399532,1.8544589011931032e-16,6.8061585472587405e-16
1225.548229593077,2.0805544622878864e-16,7.091623232333218e-16
1225.6013592485197,8.771351435353801e-17,6.391558155182635e-16
1225.654488606286,1.2136209971941093e-16,6.550080389672827e-16
1225.7076176663809,1.0613518170527028e-16,6.356722372149746e-16
1225.7607464288099,-5.096558091872387e-18,5.670789899411869e-16
1225.8138748935776,9.624245908300301e-17,6.319364839555785e-16
1225.8670030606886,1.3998188533655485e-16,6.622624987746297e-16
1225.9201309301488,-4.348121682034081e-17,5.567056378712724e-16
1225.9732585019624,3.3502271994376737e-17,5.957575294105707e-16
1226.0263857761352,7.808106381635919e-17,6.185748411953223e-16
1226.0795127526717,2.570763093988679e-16,6.918786411903921e-16
1226.1326394315765,1.9914798667467157e-16,6.656350458750635e-16
1226.1857658128554,2.4355375176260536e-16,6.850764282838306e-16
1226.2388918965132,3.0027298607878395e-16,7.06581863448575e-16
1226.2920176825546,5.250352532812823e-16,8.284661688376535e-16
1226.3451431709848,5.172333643901554e-16,8.313269935861703e-16
1226.398268361809,2.1995737801353657e-16,6.762071965025684e-16
1226.4513932550317,6.609001606024144e-16,8.530916017605091e-16
1226.5045178506582,1.4577475113215776e-15,1.1006189434968428e-15
1226.5576421486935,3.1310141481637137e-15,1.476773602539249e-15
1226.6107661491426,2.5865793065492574e-15,1.3921195697398853e-15
1226.6638898520107,1.253233506218546e-15,1.0284069610536758e-15
1226.7170132573021,8.654157737042197e-16,9.279991838640392e-16
1226.7701363650226,3.8789201659670364e-16,7.437658821388982e-16
1226.823259175177,3.663044710534648e-16,7.384983937036918e-16
1226.8763816877702,1.6285164658978783e-16,6.427076161495125e-16
1226.9295039028068,1.4074877196647998e-16,6.173267814513627e-16
1226.9826258202925,2.5109719663054634e-16,6.745136175241351e-16
1227.035747440232,1.197416784341405e-16,6.192143495850015e-16
1227.08886876263,1.1013031898396567e-16,6.092584070015922e-16
1227.1419897874919,7.301202914136268e-17,5.611843992792738e-16
1227.1951105148225,2.519301754562952e-16,6.649198873376147e-16
1227.2482309446273,1.4604646218666028e-16,6.324995610844219e-16
1227.3013510769104,3.708329147454292e-16,7.015359448050237e-16
1227.3544709116777,1.1222560131072822e-15,9.836178768005862e-16
1227.4075904489332,1.4003094090652203e-15,1.0694707344429964e-15
1227.460709688683,1.1565211707597057e-15,1.023893397126261e-15
1227.5138286309318,6.136532269242973e-16,8.131084936842026e-16
1227.5669472756836,5.360055975962715e-16,7.85537118028589e-16
1227.6200656229446,2.943278715083525e-16,6.789242890288951e-16
1227.6731836727195,2.238930977024075e-16,6.41662180648077e-16
1227.726301425013,1.8712106790137388e-16,6.197209034668192e-16
1227.7794188798302,4.182856667201478e-16,7.224932823407609e-16
1227.8325360371764,5.481095344007732e-16,7.988014130455886e-16
1227.8856528970562,4.579596120927767e-16,7.63981238966339e-16
1227.938769459475,5.737963972143516e-16,8.003178804727659e-16
1227.9918857244372,4.305484327808955e-16,7.334896664890645e-16
1228.045001691948,9.501436136324814e-17,5.728373547314118e-16
1228.0981173620132,1.9213701109914065e-16,6.250002428078441e-16
1228.1512327346366,1.6270839155423476e-17,5.178386483349283e-16
1228.2043478098242,1.711818945866065e-16,6.069907567614298e-16
1228.2574625875802,1.0452014299829635e-16,5.673745500075906e-16
1228.3105770679101,2.2920084373954668e-17,5.143616133066862e-16
1228.3636912508186,-6.038083058824248e-18,5.101723953407348e-16
1228.416805136311,1.937561366844329e-16,6.31413205146428e-16
1228.4699187243923,1.4108808576388235e-16,5.905231983971719e-16
1228.5230320150667,2.1471709145724229e-16,6.235832096603043e-16
1228.5761450083403,2.222030776758069e-16,6.327668581197886e-16
1228.6292577042175,3.946718729925487e-17,5.229251654179628e-16
1228.6823701027035,1.870141762475969e-16,6.197534622750362e-16
1228.735482203803,1.185122382629925e-16,5.622456365662012e-16
1228.7885940075216,2.555066822740563e-16,6.381927164999664e-16
1228.8417055138634,2.2649649106815615e-16,6.23931455896016e-16
1228.894816722834,2.8009875442139146e-16,6.466648960471819e-16
1228.9479276344387,2.262835681011497e-16,6.208014908646527e-16
1229.0010382486817,2.610052737551125e-16,6.398866271772093e-16
1229.0541485655688,2.394925991373639e-16,6.212439744384482e-16
1229.1072585851039,9.729054192354799e-17,5.366416236489349e-16
1229.160368307293,-2.021896155848733e-17,4.6604668483001325e-16
1229.213477732141,2.1239605534861006e-16,5.968935197523121e-16
1229.2665868596525,3.2568975551753714e-16,6.471395032196709e-16
1229.3196956898325,8.3759424341393e-16,8.648722143453885e-16
1229.3728042226862,1.139934448035523e-15,9.838827144374771e-16
1229.4259124582188,8.704094929514727e-16,8.999061559574653e-16
1229.4790203964349,3.9547859755695406e-16,6.860540359852829e-16
1229.5321280373394,3.922785174632947e-16,7.029515802588234e-16
1229.5852353809375,4.529236953337379e-16,7.252559907485804e-16
1229.6383424272344,1.9597259036015214e-16,5.94720018925622e-16
1229.691449176235,6.233220267149445e-17,5.147302060873738e-16
1229.744555627944,-5.0104664584642486e-17,4.258406509713369e-16
1229.7976617823667,-2.2238067736750952e-17,4.3975601482302975e-16
1229.850767639508,1.0523012323963327e-16,5.2679994351771765e-16
1229.9038731993726,1.7356162279209553e-16,5.654220094658111e-16
1229.956978461966,1.831743584263063e-16,5.718283333328921e-16
1230.010083427293,2.728917588457314e-16,6.116715858170364e-16
1230.0631880953586,1.629303507279361e-16,5.535431697728684e-16
1230.1162924661676,2.0129711694044754e-16,5.5819504130034775e-16
1230.169396539725,2.1552015858585411e-16,5.840527008388392e-16
1230.2225003160363,4.1270155653048535e-17,4.826717873343065e-16
1230.2756037951058,1.4248921194319783e-16,5.348486283725291e-16
1230.328706976939,9.478218252565106e-17,5.052242326631228e-16
1230.3818098615404,2.5625702874903857e-16,5.981680847192244e-16
1230.4349124489156,1.388989056172286e-16,5.445513802773031e-16
1230.488014739069,5.946579521207963e-17,4.959234144233267e-16
1230.541116732006,5.592159101255843e-17,4.79032458464373e-16
1230.5942184277314,1.835816437146222e-16,5.47131944154621e-16
1230.6473198262504,2.7049640346096606e-16,5.98185272986724e-16
1230.7004209275678,2.284048398020933e-16,5.788286862793162e-16
1230.7535217316888,2.418132104727719e-16,5.78510476834282e-16
1230.8066222386183,3.6218611434910114e-16,6.433910103077766e-16
1230.8597224483608,2.8536382250166037e-16,6.090689329357269e-16
1230.9128223609218,1.9092987553523236e-16,5.600226212981943e-16
1230.9659219763062,1.4741175776901376e-16,5.317541078317174e-16
1231.019021294519,5.710039581222074e-17,4.599171957315302e-16
1231.0721203155654,9.655619642223826e-17,4.748342431671904e-16
1231.1252190394498,2.9079618676618163e-16,6.003589225872968e-16
1231.1783174661778,2.1655969078908437e-16,5.538623497294773e-16
1231.231415595754,1.02492117257331e-16,4.773199068118433e-16
1231.2845134281836,2.957747704425608e-16,5.706978594460406e-16
1231.3376109634717,3.2742733753966986e-16,6.12984908792467e-16
1231.3907082016228,1.689481701650513e-16,5.09653008218399e-16
1231.443805142642,-4.342727829031208e-17,3.8595963125598985e-16
1231.4969017865349,-2.981983019210841e-17,4.007899857868641e-16
1231.549998133306,7.833117116156064e-17,4.584272665109279e-16
1231.6030941829604,2.170108277360304e-16,5.388210144441844e-16
1231.6561899355029,1.4864051385589034e-16,4.981487014541898e-16
1231.7092853909385,3.2356307444786796e-17,4.2246532475382653e-16
1231.7623805492726,1.8252550606642647e-16,5.161756003542158e-16
1231.8154754105099,2.1754018021401113e-16,5.412750808120059e-16
1231.868569974655,1.0510650519261879e-16,4.879782060388042e-16
1231.9216642417139,1.0464099629443182e-16,4.585362909008723e-16
1231.9747582116904,2.4342515307805137e-16,5.623094899944504e-16
1232.0278518845905,3.6021659285936804e-16,6.146370897505302e-16
1232.0809452604185,5.595646643466111e-16,7.144570562887752e-16
1232.1340383391796,1.5141771084056736e-16,4.953514553884709e-16
1232.1871311208788,2.774211265696308e-16,5.565341329283923e-16
1232.2402236055214,2.2950805565170073e-16,5.482564778321984e-16
1232.2933157931116,2.326460480453479e-16,5.489107574313736e-16
1232.3464076836551,1.552669745131445e-16,4.930768097674114e-16
1232.3994992771568,1.696386251339629e-16,5.047987414026444e-16
1232.4525905736214,1.1392029719048375e-16,4.53390319594899e-16
1232.505681573054,2.8757542070287794e-16,5.566493975509844e-16
1232.5587722754597,3.4917166061255376e-16,5.996811328057447e-16
1232.6118626808434,3.1113261090077435e-16,5.821493164698738e-16
1232.66495278921,3.1779796777505117e-16,5.722328839494771e-16
1232.7180426005646,4.1238604015802087e-16,6.203609642668315e-16
1232.7711321149125,2.47766564412961e-16,5.285284650589318e-16
1232.8242213322578,2.0514630813203542e-16,5.171381751406781e-16
1232.877310252606,3.620972686207876e-16,5.907691564518344e-16
1232.9303988759623,4.365019519631922e-16,6.220425820750799e-16
1232.9834872023318,3.3203274812526993e-16,5.870204089488786e-16
1233.0365752317189,3.2225079231720033e-16,5.746801540931468e-16
1233.089662964129,3.3561827455252174e-16,5.84496056177982e-16
1233.1427503995667,2.5731533427656294e-16,5.30536302373176e-16
1233.1958375380375,1.319975190487963e-16,4.47519738215391e-16
1233.2489243795458,1.727603940536146e-16,4.795344450804357e-16
1233.302010924097,1.8585255430866497e-16,4.930313082214101e-16
1233.3550971716963,2.5124901696060104e-16,5.371364812415001e-16
1233.4081831223477,3.1205198072273563e-16,5.656189329524356e-16
1233.4612687760575,2.8343731224811737e-16,5.467460425311619e-16
1233.5143541328298,2.2671372210486175e-16,5.0964166746921e-16
1233.5674391926696,2.4952187690819824e-16,5.276846658402269e-16
1233.6205239555823,2.5497369191275933e-16,5.361903721714239e-16
1233.6736084215727,1.0528393616753899e-16,4.3118081372572955e-16
1233.7266925906456,8.476435603677664e-17,4.1799439055591024e-16
1233.7797764628062,6.616499324733061e-17,3.889152698710599e-16
1233.8328600380596,1.9419474411029328e-16,4.854316842975884e-16
1233.8859433164105,5.300104558259613e-17,3.651883062352465e-16
1233.9390262978638,1.9483373852104536e-17,3.6035720899958993e-16
1233.992108982425,2.999563979577386e-16,5.376546890782965e-16
1234.0451913700983,3.1330333941911165e-16,5.496989487827809e-16
1234.0982734608895,2.98731987336973e-16,5.379510878762736e-16
1234.1513552548033,1.8672102065274763e-16,4.674750849931481e-16
1234.2044367518445,2.1647494308691756e-16,4.784082832765894e-16
1234.257517952018,3.057300392632596e-16,5.433537355753916e-16
1234.3105988553289,3.169107343352116e-16,5.3839525387606e-16
1234.3636794617823,4.1130724510758857e-16,5.875222780515466e-16
1234.4167597713833,4.49139503971784e-16,6.154993934048415e-16
1234.4698397841366,3.6274004500486017e-16,5.67628233936366e-16
