trappist-1/STIS/extracted_spectra/TRAPPIST-1_G140M_2016_mean.ecsv
# %ECSV 0.9
# ---
# datatype:
# - name: WAVELENGTH
#   unit: Angstrom
#   datatype: float64
# - name: FLUX
#   unit: erg / (Angstrom cm2 s)
#   datatype: float64
# - name: ERROR
#   unit: erg / (Angstrom cm2 s)
#   datatype: float64
# delimiter: ','
# schema: astropy-2.0
WAVELENGTH,FLUX,ERROR
1194.3798652294429,-2.951115608406659e-16,2.379124613404429e-16
1194.4331508469759,1.842438285530818e-18,3.9080663715581994e-16
1194.486436173359,-5.70763403986149e-17,2.4335559688036196e-16
1194.5397212085966,-1.3665806310671883e-16,2.0190616551219797e-19
1194.5930059526938,5.179521634830639e-17,2.621113012492315e-16
1194.6462904056548,7.297275538588228e-17,5.818588893507096e-16
1194.6995745674853,1.816019009403994e-16,3.4082249250613387e-16
1194.7528584381892,3.4680349280930846e-16,7.135849388632202e-16
1194.8061420177714,4.942159620626495e-16,7.296560945376712e-16
1194.8594253062374,2.1594415455622357e-16,5.247973067743144e-16
1194.9127083035912,2.2037423530959277e-16,3.732732835258977e-16
1194.9659910098378,2.582467128513758e-16,4.468724906859813e-16
1195.0192734249822,1.7070208533890573e-16,3.2411035945560466e-16
1195.0725555490287,2.865454268646943e-16,5.31711376294264e-16
1195.1258373819826,2.4668401766527096e-16,4.80696803241236e-16
1195.1791189238484,5.69513948721992e-17,7.827369383741072e-17
1195.2324001746308,4.121188074646609e-17,7.659224455907522e-18
1195.2856811343345,3.193777731654514e-16,5.321768512800051e-16
1195.3389618029644,4.910378131004822e-16,6.418394151413531e-16
1195.3922421805255,5.627619521802107e-16,7.486223195562396e-16
1195.445522267022,2.4613172386320573e-16,3.7155643473527693e-16
1195.4988020624594,3.1513822794867603e-16,5.732548146353737e-16
1195.5520815668422,3.9031619615191954e-16,6.477940619197339e-16
1195.6053607801748,6.522562260058174e-17,1.744237417786565e-16
1195.6586397024623,2.6819951163133417e-16,5.330606677393123e-16
1195.7119183337095,1.7205651995660012e-16,4.3131631177678297e-16
1195.765196673921,2.345745177013128e-16,4.866944233003157e-16
1195.8184747231014,1.150085793088547e-16,2.818814031215978e-16
1195.8717524812562,1.9396441252663906e-16,3.2333599202368897e-16
1195.9250299483895,4.3817922396883e-16,7.054506534771417e-16
1195.978307124506,9.1156885382765e-17,2.2806159165052727e-16
1196.0315840096114,3.758665577883335e-16,6.299292327768866e-16
1196.084860603709,3.413114755940961e-16,5.742997315613439e-16
1196.1381369068051,2.5316205187267615e-16,4.671316107252788e-16
1196.191412918903,1.4150354994816798e-16,3.8413550011500205e-16
1196.2446886400087,3.774937453599841e-17,1.1583419758874893e-16
1196.2979640701265,1.2368243049788027e-16,3.30558361483401e-16
1196.3512392092607,8.214636660268347e-17,1.8948288923655838e-16
1196.404514057417,3.655594104217626e-16,6.480652436339686e-16
1196.4577886145992,1.1357509743275763e-16,3.2239711078210604e-16
1196.511062880813,2.665103656638786e-16,4.583956161005528e-16
1196.5643368560625,2.804026581605391e-16,5.238255263996531e-16
1196.6176105403524,3.2653608394439637e-16,5.393660753535765e-16
1196.6708839336882,3.1586997785542843e-16,5.613165143264224e-16
1196.724157036074,2.1306526400627014e-16,4.797097829081586e-16
1196.7774298475147,5.835725043281847e-16,7.380315481779818e-16
1196.8307023680152,2.0365215780426688e-16,3.4441156094667507e-16
1196.8839745975804,4.1062175999386067e-16,6.791498736857049e-16
1196.9372465362146,4.978950104529987e-16,7.813996726702435e-16
1196.990518183923,3.622036779875613e-16,6.565206477740401e-16
1197.0437895407101,4.0458775194142253e-16,6.699595539097072e-16
1197.097060606581,1.932133044949821e-16,3.607410523749252e-16
1197.1503313815397,6.027744075308611e-16,7.876677178179959e-16
1197.2036018655922,8.698807837517423e-17,2.424237509680094e-16
1197.2568720587424,8.014093356985365e-17,2.943917981478913e-16
1197.310141960995,1.6256066805710284e-16,2.81033603379732e-16
1197.3634115723548,2.449181312103074e-16,4.559225840467005e-16
1197.4166808928273,1.4795276361681337e-16,4.672909044128726e-16
1197.4699499224166,5.745244306494761e-17,2.430258060643617e-16
1197.5232186611277,2.346248819829237e-16,4.847769944014119e-16
1197.5764871089648,3.0033973783121515e-16,5.232779387786678e-16
1197.6297552659335,2.462490584864594e-16,5.315571601724286e-16
1197.683023132038,2.8737687432870064e-16,5.651501585242649e-16
1197.7362907072834,1.7302192799933687e-16,3.6344723316683213e-16
1197.7895579916744,2.948303824096997e-16,5.464528433941257e-16
1197.8428249852154,7.231589098282928e-18,1.0085746469675993e-16
1197.8960916879116,5.566485901148395e-17,2.633044619514624e-16
1197.9493580997676,1.8249073512027045e-16,4.509643977662549e-16
1198.0026242207884,1.0158695977476352e-16,3.079826567725524e-16
1198.0558900509782,4.410839853204117e-17,2.602561676658519e-16
1198.1091555903422,1.9988951352982172e-16,4.680209922390056e-16
1198.162420838885,2.651895929373954e-16,5.637307730581703e-16
1198.215685796612,2.8009953277133166e-16,5.88751025970174e-16
1198.2689504635268,4.742828333011081e-17,2.667422303065397e-16
1198.322214839635,1.2114282849878609e-17,1.723429843052856e-16
1198.375478924941,6.99332689171196e-17,3.7722926764720845e-16
1198.4287427194497,-1.0023645793532687e-17,1.6163205323025727e-16
1198.482006223166,3.483183157009706e-17,2.464431238476398e-16
1198.5352694360943,-1.3450818603721295e-17,1.0288489141959228e-16
1198.5885323582397,-5.0670496829777226e-17,2.356541665171631e-19
1198.6417949896068,1.1575792756994372e-16,3.5440490533408186e-16
1198.6950573302004,4.582982252296908e-16,7.578645040007149e-16
1198.7483193800256,2.9013384087702355e-16,5.496401102916087e-16
1198.8015811390862,3.0958073262694296e-16,5.745518921493524e-16
1198.854842607388,1.4674821138523373e-16,3.2861746312882984e-16
1198.9081037849353,2.1404656628189042e-16,4.332289749633365e-16
1198.9613646717328,3.0191066262428207e-16,5.548409913593613e-16
1199.0146252677855,1.1695118688502543e-16,3.754363012064102e-16
1199.067885573098,-5.625121093622714e-17,5.031862812965656e-18
1199.121145587675,1.5452208330166916e-16,4.716011969349936e-16
1199.1744053115215,-2.1179948948326814e-17,1.1946743806074162e-16
1199.227664744642,-2.5080013971187396e-17,1.3353197793494325e-16
1199.2809238870414,2.0491283992884767e-16,5.060696744364643e-16
1199.3341827387244,1.2811850029963903e-16,2.9949394669614314e-16
1199.3874412996959,2.778544581284006e-16,5.643928535220012e-16
1199.4406995699603,-8.09693444467179e-18,2.149821552804666e-16
1199.493957549523,1.003209823008388e-16,4.1857576337655405e-16
1199.5472152383882,7.405468791374714e-18,2.2113398461160402e-16
1199.6004726365607,4.218936037423893e-17,3.478256442415425e-16
1199.6537297440454,4.632239147466154e-17,3.562202355132489e-16
1199.706986560847,-2.2391214730726933e-17,1.4041631289732934e-16
1199.7602430869708,1.1636905154467362e-16,4.243918039608894e-16
1199.813499322421,1.7841275161251533e-16,3.6113309570139615e-16
1199.866755267202,4.562708800958621e-16,7.430836903150123e-16
1199.920010921319,4.765869363735922e-16,6.8531329160884305e-16
1199.973266284777,2.6984347737659896e-16,5.774273603243265e-16
1200.0265213575808,2.1321241119791194e-16,5.200181236515341e-16
1200.0797761397346,2.072213653983757e-16,5.407195159076508e-16
1200.1330306312434,1.2592329786338452e-16,5.2795263906948e-16
1200.1862848321118,3.3694993842971926e-16,7.184274959379119e-16
1200.239538742345,8.793119719046893e-17,3.7577393759838133e-16
1200.2927923619475,-5.3152247550616546e-17,7.33094417793012e-17
1200.346045690924,1.4636952378722079e-16,4.0451708297293927e-16
1200.3992987292795,3.5176272535139333e-16,6.2780566932354145e-16
1200.4525514770182,1.1533224647408514e-16,3.7847489637794325e-16
1200.5058039341454,2.1039749337650528e-16,4.724269911751595e-16
1200.5590561006659,3.4671575744577776e-16,7.036766482048748e-16
1200.6123079765841,1.895367882486322e-16,5.469590130686802e-16
1200.6655595619052,2.6600534371820383e-16,5.734325368057788e-16
1200.7188108566331,2.1546274176602437e-16,4.951739884750996e-16
1200.7720618607736,2.0368885658968353e-16,4.793754536973118e-16
1200.8253125743308,5.574301718573066e-17,3.0334997999515437e-16
1200.8785629973097,2.5523548357381976e-17,3.3804094693828394e-16
1200.9318131297148,1.625434738443561e-17,2.1537250919467809e-16
1200.9850629715513,2.225021545715735e-16,5.89084460676988e-16
1201.0383125228236,2.7194408393275185e-16,6.332476927746946e-16
1201.0915617835367,2.5571523992625473e-16,6.285921787534946e-16
1201.144810753695,2.9128399858235546e-16,6.253325206394979e-16
1201.1980594333036,2.6009132701148636e-16,5.822224498704501e-16
1201.2513078223672,3.6510218532819883e-16,6.968259625965185e-16
1201.3045559208904,-2.2169538517155812e-16,8.1144675872875735e-16
1201.357803728878,-4.369461010134833e-17,5.553498129914656e-16
1201.4110512463349,-5.599583878348137e-18,3.134527659328326e-16
1201.464298473266,1.5484085386062745e-16,5.151013426960037e-16
1201.5175454096752,1.4268448221100284e-16,4.919231189508028e-16
1201.5707920555685,2.639893110448272e-17,2.548230204985698e-16
1201.6240384109494,-3.718179734426855e-17,1.6422789784377229e-16
1201.6772844758239,4.4772518874167416e-17,3.318112880061355e-16
1201.7305302501957,1.1760483220158747e-16,4.0798857166640463e-16
1201.7837757340703,2.911062666154585e-16,5.5933111535173775e-16
1201.837020927452,1.1320904845177446e-16,3.2211062749230817e-16
1201.890265830346,6.934530805903803e-17,3.629123238210478e-16
1201.9435104427562,-1.0301815255400656e-16,2.18391927951296e-19
1201.9967547646881,3.778136443435431e-17,3.9804272160570834e-16
1202.0499987961462,2.0399199067028088e-17,3.719808418481051e-16
1202.1032425371359,1.6100766296847896e-16,5.566386807870185e-16
1202.1564859876607,2.670909852065242e-16,6.410607988783155e-16
1202.2097291477264,3.2867349335602815e-17,2.3631787837945527e-16
1202.262972017337,2.1628763212127408e-16,5.058718974076303e-16
1202.3162145964977,1.5824677202644813e-16,4.4271741139553093e-16
1202.3694568852136,2.1897646665740165e-16,5.863506651799617e-16
1202.4226988834887,2.1629615209762314e-16,4.3056288782859913e-16
1202.4759405913283,1.8210691182570194e-16,5.142439995838752e-16
1202.5291820087366,1.4641490440553518e-16,5.199536772891108e-16
1202.582423135719,2.6786388765525174e-16,6.093219801775405e-16
1202.6356639722799,3.363976815332373e-16,6.578692516433676e-16
1202.6889045184241,2.8183422960155337e-16,4.957332158915805e-16
1202.7421447741563,5.326551362227966e-16,8.126837231158515e-16
1202.7953847394813,5.395672550520565e-16,7.702249932155013e-16
1202.8486244144037,8.847261707433964e-17,4.2219920546139383e-16
1202.9018637989288,-4.4374878608686505e-17,2.7222689666318484e-16
1202.9551028930605,3.948736653067906e-17,3.450815017034128e-16
1203.0083416968043,2.4964886018136453e-16,5.699460867991512e-16
1203.0615802101645,1.7824222303100329e-16,4.757203042628971e-16
1203.1148184331462,9.158488880169866e-17,4.730837193819912e-16
1203.168056365754,1.1157005249247181e-17,2.676887161817594e-16
1203.2212940079926,1.2305279413540526e-17,3.739973712554968e-16
1203.2745313598666,9.406823505584514e-17,4.2212414253684127e-16
1203.327768421381,1.820538195615778e-16,4.813807600331917e-16
1203.3810051925407,1.6155426740685402e-16,6.108932625515864e-16
1203.4342416733498,1.0916949718569146e-16,5.719984109744105e-16
1203.4874778638139,6.164686470426395e-17,4.3454380401905547e-16
1203.540713763937,-5.128350410143533e-17,1.665712569515879e-16
1203.5939493737242,5.467967351837139e-16,7.866515367905549e-16
1203.6471846931804,3.973505119461873e-16,7.100810028111841e-16
1203.70041972231,3.282761044345543e-16,5.572747011152406e-16
1203.753654461118,1.595697388494713e-16,4.655955861105059e-16
1203.806888909609,6.930387776333478e-17,4.0732715429625657e-16
1203.860123067788,-4.306999190934262e-17,1.6821364954415718e-16
1203.9133569356595,8.183386969354462e-17,4.125104963349709e-16
1203.9665905132283,5.821571451955035e-16,8.289092332049529e-16
1204.0198238004994,1.8703340047774248e-16,4.55256809531173e-16
1204.0730567974772,3.931350767891817e-16,6.912915503690327e-16
1204.1262895041662,3.3954482058877355e-16,6.286840785074256e-16
1204.179521920572,3.798668728766746e-16,7.211625687933143e-16
1204.2327540466983,-2.8800273698261e-17,3.47341317362141e-16
1204.2859858825511,1.2465074216270864e-16,4.1153637871694494e-16
1204.339217428134,2.230576625717012e-16,5.110804651809774e-16
1204.3924486834524,2.9102380045296467e-16,6.166044671032492e-16
1204.445679648511,3.1524833242834505e-16,6.876888665284099e-16
1204.4989103233142,1.9054604238331308e-16,5.259484042063464e-16
1204.552140707867,1.4401832584493156e-16,4.1427374463716687e-16
1204.605370802174,2.5579381615026877e-16,5.158656310242013e-16
1204.6586006062403,-1.236798272851892e-16,2.030277362787051e-19
1204.71183012007,1.3722780469708615e-16,4.658515039516515e-16
1204.7650593436688,2.8251208559998246e-16,5.963725570730392e-16
1204.8182882770407,2.424534899066576e-16,5.425254788851587e-16
1204.8715169201905,1.887037073332557e-16,4.889628410720622e-16
1204.924745273123,-5.2407030625852175e-17,2.8133653460607337e-16
1204.977973335843,1.7571529839690367e-16,4.914031975321263e-16
1205.0312011083558,3.82302864104583e-16,7.198810073946693e-16
1205.0844285906655,-3.296931947663889e-17,3.4127265263050273e-16
1205.1376557827764,2.525120813101232e-16,6.115256369559024e-16
1205.1908826846943,2.1844423976212588e-16,5.38602487981864e-16
1205.2441092964234,1.0807536546169143e-16,3.785626306141392e-16
1205.2973356179687,3.406986830776594e-16,6.227747447968763e-16
1205.3505616493344,1.0795287056247798e-16,3.8798056825231667e-16
1205.4037873905256,1.1244948595148532e-16,4.186342101282067e-16
1205.4570128415473,-2.6255870328514922e-17,2.981375328692962e-16
1205.510238002404,1.7619900740297136e-16,6.048488667296893e-16
1205.5634628731004,-6.77788632082089e-17,3.641199986332806e-16
1205.6166874536414,-1.474147326571227e-16,7.414870703460974e-17
1205.6699117440314,2.2722178878052724e-16,5.112066647098681e-16
1205.7231357442754,4.595244664605185e-16,6.497160430771384e-16
1205.776359454378,4.554680643798468e-17,3.5199871558957535e-16
1205.8295828743446,1.8998152787342888e-16,5.103375481935952e-16
1205.882806004179,3.136083829533593e-16,6.515640498937909e-16
1205.9360288438863,3.4931134693707867e-16,6.592536890971896e-16
1205.9892513934717,6.688881985538311e-17,3.870754960279319e-16
1206.0424736529394,1.9585318093853438e-16,5.44232499471918e-16
1206.0956956222942,3.574271535457738e-16,6.89276728884715e-16
1206.1489173015411,4.481309439421959e-17,3.7650036776752008e-16
1206.2021386906843,4.4214325892462045e-16,6.961920310287042e-16
1206.2553597897293,2.439617719838412e-16,5.001072115615558e-16
1206.3085805986805,2.2963447658988874e-16,5.499799462098882e-16
1206.3618011175424,2.2563988068676626e-16,5.552963306443159e-16
1206.41502134632,3.8881956904030465e-17,3.7358450593957044e-16
1206.468241285018,-3.1491784482317347e-17,2.4692594419072766e-16
1206.521460933641,1.659641747194902e-16,4.843421837598815e-16
1206.5746802921942,3.09909775213573e-16,5.555192936888788e-16
1206.6278993606818,-1.179497651589848e-16,4.9243398135288316e-17
1206.681118139109,2.8143853887499975e-16,5.8250940021391145e-16
1206.73433662748,2.276670457893397e-16,5.330222144737126e-16
1206.7875548258,-1.0005854366121375e-16,9.803362267583874e-17
1206.8407727340737,-5.268527424042086e-17,1.7358313508023384e-16
1206.8939903523058,1.2339468213730152e-16,4.3833796328865764e-16
1206.9472076805007,8.980970260751988e-17,4.663824874623902e-16
1207.0004247186635,1.233763401066466e-16,4.404765518418991e-16
1207.053641466799,-8.475886274957905e-17,1.3031152900922232e-16
1207.106857924912,-2.931620313060903e-17,2.9814031047171855e-16
1207.1600740930066,5.4386303608442504e-17,4.023103505555686e-16
1207.2132899710882,1.2156386758887683e-16,4.1065213069534666e-16
1207.2665055591615,4.1966391712983794e-17,3.5215392853526205e-16
1207.3197208572308,3.4390868844897565e-16,6.823742286413185e-16
1207.3729358653013,1.3269519450939442e-17,3.1591658037347297e-16
1207.4261505833774,2.1356159313697953e-17,3.4299527052280954e-16
1207.4793650114643,3.3782132387741424e-16,6.597299042264488e-16
1207.5325791495663,2.192265191607799e-16,5.355391506866197e-16
1207.5857929976883,3.928119052470554e-16,6.269361268524219e-16
1207.6390065558348,4.622584451779448e-16,6.884340078186935e-16
1207.692219824011,-4.9616535783665283e-17,2.962564246301915e-16
