trappist-1/paper/dem_1A.escv
# %ECSV 0.9
# ---
# datatype:
# - name: WAVELENGTH
#   unit: Angstrom
#   datatype: float64
# - name: FLUX
#   unit: erg / (Angstrom cm2 s)
#   datatype: float64
# schema: astropy-2.0
WAVELENGTH FLUX
[from data line 1671]
1672.0 6.527307396454206e-17
1673.0 6.527307396454206e-17
1674.0 1.3525275640089373e-18
1675.0 1.3525275640089373e-18
1676.0 1.3525275640089373e-18
1677.0 1.3525275640089373e-18
1678.0 1.3525275640089373e-18
1679.0 1.3822277120547171e-19
1680.0 1.3822277120547171e-19
1681.0 1.3822277120547171e-19
1682.0 1.3822277120547171e-19
1683.0 1.3822277120547171e-19
1684.0 8.191453951832595e-19
1685.0 8.191453951832595e-19
1686.0 8.191453951832595e-19
1687.0 8.191453951832595e-19
1688.0 8.191453951832595e-19
1689.0 5.6044939375828715e-19
1690.0 5.6044939375828715e-19
1691.0 5.6044939375828715e-19
1692.0 5.6044939375828715e-19
1693.0 5.6044939375828715e-19
1694.0 4.898905436096895e-19
1695.0 4.898905436096895e-19
1696.0 4.898905436096895e-19
1697.0 4.898905436096895e-19
1698.0 4.898905436096895e-19
1699.0 4.495079270021484e-18
1700.0 4.495079270021484e-18
1701.0 4.495079270021484e-18
1702.0 4.495079270021484e-18
1703.0 4.495079270021484e-18
1704.0 2.0946454612957346e-19
1705.0 2.0946454612957346e-19
1706.0 2.0946454612957346e-19
1707.0 2.0946454612957346e-19
1708.0 2.0946454612957346e-19
1709.0 3.980290522922444e-18
1710.0 3.980290522922444e-18
1711.0 3.980290522922444e-18
1712.0 3.980290522922444e-18
1713.0 3.980290522922444e-18
1714.0 4.373254552615805e-19
1715.0 4.373254552615805e-19
1716.0 4.373254552615805e-19
1717.0 4.373254552615805e-19
1718.0 4.373254552615805e-19
1719.0 3.166706047760446e-18
1720.0 3.166706047760446e-18
1721.0 3.166706047760446e-18
1722.0 3.166706047760446e-18
1723.0 3.166706047760446e-18
1724.0 2.2527596530470866e-18
1725.0 2.2527596530470866e-18
1726.0 2.2527596530470866e-18
1727.0 2.2527596530470866e-18
1728.0 2.2527596530470866e-18
1729.0 1.186240146517686e-19
1730.0 1.186240146517686e-19
1731.0 1.186240146517686e-19
1732.0 1.186240146517686e-19
1733.0 1.186240146517686e-19
1734.0 5.619286464562339e-20
1735.0 5.619286464562339e-20
1736.0 5.619286464562339e-20
1737.0 5.619286464562339e-20
1738.0 5.619286464562339e-20
1739.0 7.32432865970622e-20
1740.0 7.32432865970622e-20
1741.0 7.32432865970622e-20
1742.0 7.32432865970622e-20
1743.0 7.32432865970622e-20
1744.0 1.095433000383288e-19
1745.0 1.095433000383288e-19
1746.0 1.095433000383288e-19
1747.0 1.095433000383288e-19
1748.0 1.095433000383288e-19
1749.0 8.587327120418685e-19
1750.0 8.587327120418685e-19
1751.0 8.587327120418685e-19
1752.0 8.587327120418685e-19
1753.0 8.587327120418685e-19
1754.0 8.52894883110299e-20
1755.0 8.52894883110299e-20
1756.0 8.52894883110299e-20
1757.0 8.52894883110299e-20
1758.0 8.52894883110299e-20
1759.0 9.935654529545401e-20
1760.0 9.935654529545401e-20
1761.0 9.935654529545401e-20
1762.0 9.935654529545401e-20
1763.0 9.935654529545401e-20
1764.0 2.0208579011057972e-19
1765.0 2.0208579011057972e-19
1766.0 2.0208579011057972e-19
1767.0 2.0208579011057972e-19
1768.0 2.0208579011057972e-19
1769.0 1.5903638045982294e-21
1770.0 1.5903638045982294e-21
1771.0 1.5903638045982294e-21
1772.0 1.5903638045982294e-21
1773.0 1.5903638045982294e-21
1774.0 4.825089892245459e-22
1775.0 4.825089892245459e-22
1776.0 4.825089892245459e-22
1777.0 4.825089892245459e-22
1778.0 4.825089892245459e-22
1779.0 4.03698674241005e-21
1780.0 4.03698674241005e-21
1781.0 4.03698674241005e-21
1782.0 4.03698674241005e-21
1783.0 4.03698674241005e-21
1784.0 1.3327696332114886e-21
1785.0 1.3327696332114886e-21
1786.0 1.3327696332114886e-21
1787.0 1.3327696332114886e-21
1788.0 1.3327696332114886e-21
1789.0 1.956350309732788e-21
1790.0 1.956350309732788e-21
1791.0 1.956350309732788e-21
1792.0 1.956350309732788e-21
1793.0 1.956350309732788e-21
1794.0 2.1337655449461178e-21
1795.0 2.1337655449461178e-21
1796.0 2.1337655449461178e-21
1797.0 2.1337655449461178e-21
1798.0 2.1337655449461178e-21
1799.0 9.599120261912105e-21
1800.0 9.599120261912105e-21
1801.0 9.599120261912105e-21
1802.0 9.599120261912105e-21
1803.0 9.599120261912105e-21
1804.0 9.44000203672401e-17
1805.0 9.44000203672401e-17
1806.0 9.44000203672401e-17
1807.0 9.44000203672401e-17
1808.0 9.44000203672401e-17
1809.0 4.50591257313279e-21
1810.0 4.50591257313279e-21
1811.0 4.50591257313279e-21
1812.0 4.50591257313279e-21
1813.0 4.50591257313279e-21
1814.0 1.7167036690381903e-16
1815.0 1.7167036690381903e-16
1816.0 1.7167036690381903e-16
1817.0 1.7167036690381903e-16
1818.0 1.7167036690381903e-16
1819.0 1.9880481977538387e-19
1820.0 1.9880481977538387e-19
1821.0 1.9880481977538387e-19
1822.0 1.9880481977538387e-19
1823.0 1.9880481977538387e-19
1824.0 7.307257770631937e-20
1825.0 7.307257770631937e-20
1826.0 7.307257770631937e-20
1827.0 7.307257770631937e-20
1828.0 7.307257770631937e-20
1829.0 8.04697431762639e-20
1830.0 8.04697431762639e-20
1831.0 8.04697431762639e-20
1832.0 8.04697431762639e-20
1833.0 8.04697431762639e-20
1834.0 5.050333491131032e-19
1835.0 5.050333491131032e-19
1836.0 5.050333491131032e-19
1837.0 5.050333491131032e-19
1838.0 5.050333491131032e-19
1839.0 8.584424078797546e-19
1840.0 8.584424078797546e-19
1841.0 8.584424078797546e-19
1842.0 8.584424078797546e-19
1843.0 8.584424078797546e-19
1844.0 4.330575667204449e-20
1845.0 4.330575667204449e-20
1846.0 4.330575667204449e-20
1847.0 4.330575667204449e-20
1848.0 4.330575667204449e-20
1849.0 5.04242184691164e-20
1850.0 5.04242184691164e-20
1851.0 5.04242184691164e-20
1852.0 5.04242184691164e-20
1853.0 5.04242184691164e-20
1854.0 1.1006601248354236e-19
1855.0 1.1006601248354236e-19
1856.0 1.1006601248354236e-19
1857.0 1.1006601248354236e-19
1858.0 1.1006601248354236e-19
1859.0 2.0952271683139753e-19
1860.0 2.0952271683139753e-19
1861.0 2.0952271683139753e-19
1862.0 2.0952271683139753e-19
1863.0 2.0952271683139753e-19
1864.0 1.1259227888414846e-20
1865.0 1.1259227888414846e-20
1866.0 1.1259227888414846e-20
1867.0 1.1259227888414846e-20
1868.0 1.1259227888414846e-20
1869.0 2.4134704798484587e-20
1870.0 2.4134704798484587e-20
1871.0 2.4134704798484587e-20
1872.0 2.4134704798484587e-20
1873.0 2.4134704798484587e-20
1874.0 2.7374747310416644e-20
1875.0 2.7374747310416644e-20
1876.0 2.7374747310416644e-20
1877.0 2.7374747310416644e-20
1878.0 2.7374747310416644e-20
1879.0 2.955017778537095e-20
1880.0 2.955017778537095e-20
1881.0 2.955017778537095e-20
1882.0 2.955017778537095e-20
1883.0 2.955017778537095e-20
1884.0 1.0780250328620678e-20
1885.0 1.0780250328620678e-20
1886.0 1.0780250328620678e-20
1887.0 1.0780250328620678e-20
1888.0 1.0780250328620678e-20
1889.0 2.0266400073350792e-18
1890.0 2.0266400073350792e-18
1891.0 2.0266400073350792e-18
1892.0 2.0266400073350792e-18
1893.0 2.0266400073350792e-18
1894.0 4.3958784212792524e-20
1895.0 4.3958784212792524e-20
1896.0 4.3958784212792524e-20
1897.0 4.3958784212792524e-20
1898.0 4.3958784212792524e-20
1899.0 3.134008339073877e-21
1900.0 3.134008339073877e-21
1901.0 3.134008339073877e-21
1902.0 3.134008339073877e-21
1903.0 3.134008339073877e-21
1904.0 6.526960837068733e-20
1905.0 6.526960837068733e-20
1906.0 6.526960837068733e-20
1907.0 6.526960837068733e-20
1908.0 6.526960837068733e-20
1909.0 6.555638919934657e-18
1910.0 6.555638919934657e-18
1911.0 6.555638919934657e-18
1912.0 6.555638919934657e-18
1913.0 6.555638919934657e-18
1914.0 3.9072188583983336e-20
1915.0 3.9072188583983336e-20
1916.0 3.9072188583983336e-20
1917.0 3.9072188583983336e-20
1918.0 3.9072188583983336e-20
1919.0 4.8386403980642944e-20
1920.0 4.8386403980642944e-20
1921.0 4.8386403980642944e-20
1922.0 4.8386403980642944e-20
1923.0 4.8386403980642944e-20
1924.0 1.7678682607460242e-20
1925.0 1.7678682607460242e-20
1926.0 1.7678682607460242e-20
1927.0 1.7678682607460242e-20
1928.0 1.7678682607460242e-20
1929.0 1.289073218667794e-17
1930.0 1.289073218667794e-17
1931.0 1.289073218667794e-17
1932.0 1.289073218667794e-17
1933.0 1.289073218667794e-17
1934.0 1.927687805868524e-21
1935.0 1.927687805868524e-21
1936.0 1.927687805868524e-21
1937.0 1.927687805868524e-21
1938.0 1.927687805868524e-21
1939.0 1.052238422018158e-21
1940.0 1.052238422018158e-21
1941.0 1.052238422018158e-21
1942.0 1.052238422018158e-21
1943.0 1.052238422018158e-21
1944.0 2.8083653536474365e-19
1945.0 2.8083653536474365e-19
1946.0 2.8083653536474365e-19
1947.0 2.8083653536474365e-19
1948.0 2.8083653536474365e-19
1949.0 1.6185083910690074e-20
1950.0 1.6185083910690074e-20
1951.0 1.6185083910690074e-20
1952.0 1.6185083910690074e-20
1953.0 1.6185083910690074e-20
1954.0 6.63729467170965e-20
1955.0 6.63729467170965e-20
1956.0 6.63729467170965e-20
1957.0 6.63729467170965e-20
1958.0 6.63729467170965e-20
1959.0 1.0343830935989832e-21
1960.0 1.0343830935989832e-21
1961.0 1.0343830935989832e-21
1962.0 1.0343830935989832e-21
1963.0 1.0343830935989832e-21
1964.0 8.473646743084858e-21
1965.0 8.473646743084858e-21
1966.0 8.473646743084858e-21
1967.0 8.473646743084858e-21
1968.0 8.473646743084858e-21
1969.0 1.1228317686770553e-21
1970.0 1.1228317686770553e-21
1971.0 1.1228317686770553e-21
1972.0 1.1228317686770553e-21
1973.0 1.1228317686770553e-21
1974.0 1.467216381031803e-20
1975.0 1.467216381031803e-20
1976.0 1.467216381031803e-20
1977.0 1.467216381031803e-20
1978.0 1.467216381031803e-20
1979.0 7.601971778021748e-21
1980.0 7.601971778021748e-21
1981.0 7.601971778021748e-21
1982.0 7.601971778021748e-21
1983.0 7.601971778021748e-21
1984.0 3.6116033834363385e-19
1985.0 3.6116033834363385e-19
1986.0 3.6116033834363385e-19
1987.0 3.6116033834363385e-19
1988.0 3.6116033834363385e-19
1989.0 1.7766964213535984e-20
1990.0 1.7766964213535984e-20
1991.0 1.7766964213535984e-20
1992.0 1.7766964213535984e-20
1993.0 1.7766964213535984e-20
1994.0 2.040183401239123e-20
1995.0 2.040183401239123e-20
