trappist-1/paper/dem_1A.escv
# %ECSV 0.9
# ---
# datatype:
# - name: WAVELENGTH
#   unit: Angstrom
#   datatype: float64
# - name: FLUX
#   unit: erg / (Angstrom cm2 s)
#   datatype: float64
# schema: astropy-2.0
WAVELENGTH FLUX
[from data line 568]
569.0 1.0056624727341728e-17
570.0 1.0056624727341728e-17
571.0 1.0056624727341728e-17
572.0 1.0056624727341728e-17
573.0 1.0056624727341728e-17
574.0 4.132811634655652e-19
575.0 4.132811634655652e-19
576.0 4.132811634655652e-19
577.0 4.132811634655652e-19
578.0 4.132811634655652e-19
579.0 1.960637982493371e-19
580.0 1.960637982493371e-19
581.0 1.960637982493371e-19
582.0 1.960637982493371e-19
583.0 1.960637982493371e-19
584.0 1.5195312284786976e-18
585.0 1.5195312284786976e-18
586.0 1.5195312284786976e-18
587.0 1.5195312284786976e-18
588.0 1.5195312284786976e-18
589.0 1.6799239386477234e-19
590.0 1.6799239386477234e-19
591.0 1.6799239386477234e-19
592.0 1.6799239386477234e-19
593.0 1.6799239386477234e-19
594.0 5.095544862344281e-19
595.0 5.095544862344281e-19
596.0 5.095544862344281e-19
597.0 5.095544862344281e-19
598.0 5.095544862344281e-19
599.0 7.041191451078747e-18
600.0 7.041191451078747e-18
601.0 7.041191451078747e-18
602.0 7.041191451078747e-18
603.0 7.041191451078747e-18
604.0 9.385760755305245e-18
605.0 9.385760755305245e-18
606.0 9.385760755305245e-18
607.0 9.385760755305245e-18
608.0 9.385760755305245e-18
609.0 1.9402089846969755e-17
610.0 1.9402089846969755e-17
611.0 1.9402089846969755e-17
612.0 1.9402089846969755e-17
613.0 1.9402089846969755e-17
614.0 9.760211705841132e-19
615.0 9.760211705841132e-19
616.0 9.760211705841132e-19
617.0 9.760211705841132e-19
618.0 9.760211705841132e-19
619.0 7.601603659515072e-20
620.0 7.601603659515072e-20
621.0 7.601603659515072e-20
622.0 7.601603659515072e-20
623.0 7.601603659515072e-20
624.0 1.2148321200966563e-18
625.0 1.2148321200966563e-18
626.0 1.2148321200966563e-18
627.0 1.2148321200966563e-18
628.0 1.2148321200966563e-18
629.0 2.3579811976117897e-16
630.0 2.3579811976117897e-16
631.0 2.3579811976117897e-16
632.0 2.3579811976117897e-16
633.0 2.3579811976117897e-16
634.0 8.420810636252998e-20
635.0 8.420810636252998e-20
636.0 8.420810636252998e-20
637.0 8.420810636252998e-20
638.0 8.420810636252998e-20
639.0 6.097180063663244e-20
640.0 6.097180063663244e-20
641.0 6.097180063663244e-20
642.0 6.097180063663244e-20
643.0 6.097180063663244e-20
644.0 1.1756324265004335e-19
645.0 1.1756324265004335e-19
646.0 1.1756324265004335e-19
647.0 1.1756324265004335e-19
648.0 1.1756324265004335e-19
649.0 4.1440558799618547e-20
650.0 4.1440558799618547e-20
651.0 4.1440558799618547e-20
652.0 4.1440558799618547e-20
653.0 4.1440558799618547e-20
654.0 1.5663468046712537e-18
655.0 1.5663468046712537e-18
656.0 1.5663468046712537e-18
657.0 1.5663468046712537e-18
658.0 1.5663468046712537e-18
659.0 3.606378700596399e-18
660.0 3.606378700596399e-18
661.0 3.606378700596399e-18
662.0 3.606378700596399e-18
663.0 3.606378700596399e-18
664.0 2.984135737718841e-20
665.0 2.984135737718841e-20
666.0 2.984135737718841e-20
667.0 2.984135737718841e-20
668.0 2.984135737718841e-20
669.0 6.229612443375292e-20
670.0 6.229612443375292e-20
671.0 6.229612443375292e-20
672.0 6.229612443375292e-20
673.0 6.229612443375292e-20
674.0 3.6262334583404703e-19
675.0 3.6262334583404703e-19
676.0 3.6262334583404703e-19
677.0 3.6262334583404703e-19
678.0 3.6262334583404703e-19
679.0 5.957040044303472e-19
680.0 5.957040044303472e-19
681.0 5.957040044303472e-19
682.0 5.957040044303472e-19
683.0 5.957040044303472e-19
684.0 4.139480716003965e-18
685.0 4.139480716003965e-18
686.0 4.139480716003965e-18
687.0 4.139480716003965e-18
688.0 4.139480716003965e-18
689.0 5.091843109916513e-19
690.0 5.091843109916513e-19
691.0 5.091843109916513e-19
692.0 5.091843109916513e-19
693.0 5.091843109916513e-19
694.0 8.936661072193087e-19
695.0 8.936661072193087e-19
696.0 8.936661072193087e-19
697.0 8.936661072193087e-19
698.0 8.936661072193087e-19
699.0 6.665197500190956e-18
700.0 6.665197500190956e-18
701.0 6.665197500190956e-18
702.0 6.665197500190956e-18
703.0 6.665197500190956e-18
704.0 7.464860535844486e-18
705.0 7.464860535844486e-18
706.0 7.464860535844486e-18
707.0 7.464860535844486e-18
708.0 7.464860535844486e-18
709.0 3.5529299993808e-19
710.0 3.5529299993808e-19
711.0 3.5529299993808e-19
712.0 3.5529299993808e-19
713.0 3.5529299993808e-19
714.0 1.5391974152712222e-19
715.0 1.5391974152712222e-19
716.0 1.5391974152712222e-19
717.0 1.5391974152712222e-19
718.0 1.5391974152712222e-19
719.0 5.349230378655435e-19
720.0 5.349230378655435e-19
721.0 5.349230378655435e-19
722.0 5.349230378655435e-19
723.0 5.349230378655435e-19
724.0 9.497026932398332e-20
725.0 9.497026932398332e-20
726.0 9.497026932398332e-20
727.0 9.497026932398332e-20
728.0 9.497026932398332e-20
729.0 1.6110939209878064e-19
730.0 1.6110939209878064e-19
731.0 1.6110939209878064e-19
732.0 1.6110939209878064e-19
733.0 1.6110939209878064e-19
734.0 1.5178896152696663e-20
735.0 1.5178896152696663e-20
736.0 1.5178896152696663e-20
737.0 1.5178896152696663e-20
738.0 1.5178896152696663e-20
739.0 5.22742565246545e-21
740.0 5.22742565246545e-21
741.0 5.22742565246545e-21
742.0 5.22742565246545e-21
743.0 5.22742565246545e-21
744.0 1.2975696619879606e-18
745.0 1.2975696619879606e-18
746.0 1.2975696619879606e-18
747.0 1.2975696619879606e-18
748.0 1.2975696619879606e-18
749.0 2.059923273010768e-18
750.0 2.059923273010768e-18
751.0 2.059923273010768e-18
752.0 2.059923273010768e-18
753.0 2.059923273010768e-18
754.0 5.104646636717613e-19
755.0 5.104646636717613e-19
756.0 5.104646636717613e-19
757.0 5.104646636717613e-19
758.0 5.104646636717613e-19
759.0 1.995125472726491e-17
760.0 1.995125472726491e-17
761.0 1.995125472726491e-17
762.0 1.995125472726491e-17
763.0 1.995125472726491e-17
764.0 2.829021824282085e-17
765.0 2.829021824282085e-17
766.0 2.829021824282085e-17
767.0 2.829021824282085e-17
768.0 2.829021824282085e-17
769.0 1.5829867927443011e-18
770.0 1.5829867927443011e-18
771.0 1.5829867927443011e-18
772.0 1.5829867927443011e-18
773.0 1.5829867927443011e-18
774.0 9.02762213410371e-19
775.0 9.02762213410371e-19
776.0 9.02762213410371e-19
777.0 9.02762213410371e-19
778.0 9.02762213410371e-19
779.0 2.3170184165431295e-18
780.0 2.3170184165431295e-18
781.0 2.3170184165431295e-18
782.0 2.3170184165431295e-18
783.0 2.3170184165431295e-18
784.0 5.061408556317615e-17
785.0 5.061408556317615e-17
786.0 5.061408556317615e-17
787.0 5.061408556317615e-17
788.0 5.061408556317615e-17
789.0 5.911343009534302e-17
790.0 5.911343009534302e-17
791.0 5.911343009534302e-17
792.0 5.911343009534302e-17
793.0 5.911343009534302e-17
794.0 1.4792238676514208e-19
795.0 1.4792238676514208e-19
796.0 1.4792238676514208e-19
797.0 1.4792238676514208e-19
798.0 1.4792238676514208e-19
799.0 3.376502864204672e-19
800.0 3.376502864204672e-19
801.0 3.376502864204672e-19
802.0 3.376502864204672e-19
803.0 3.376502864204672e-19
804.0 9.690610860453365e-20
805.0 9.690610860453365e-20
806.0 9.690610860453365e-20
807.0 9.690610860453365e-20
808.0 9.690610860453365e-20
809.0 3.2090117160941835e-19
810.0 3.2090117160941835e-19
811.0 3.2090117160941835e-19
812.0 3.2090117160941835e-19
813.0 3.2090117160941835e-19
814.0 5.26242718842729e-19
815.0 5.26242718842729e-19
816.0 5.26242718842729e-19
817.0 5.26242718842729e-19
818.0 5.26242718842729e-19
819.0 1.0309922097037777e-19
820.0 1.0309922097037777e-19
821.0 1.0309922097037777e-19
822.0 1.0309922097037777e-19
823.0 1.0309922097037777e-19
824.0 1.901714655807802e-20
825.0 1.901714655807802e-20
826.0 1.901714655807802e-20
827.0 1.901714655807802e-20
828.0 1.901714655807802e-20
829.0 3.2977156111499464e-18
830.0 3.2977156111499464e-18
831.0 3.2977156111499464e-18
832.0 3.2977156111499464e-18
833.0 3.2977156111499464e-18
834.0 1.9064630116666186e-17
835.0 1.9064630116666186e-17
836.0 1.9064630116666186e-17
837.0 1.9064630116666186e-17
838.0 1.9064630116666186e-17
839.0 6.516671331555975e-20
840.0 6.516671331555975e-20
841.0 6.516671331555975e-20
842.0 6.516671331555975e-20
843.0 6.516671331555975e-20
844.0 7.46324305816967e-20
845.0 7.46324305816967e-20
846.0 7.46324305816967e-20
847.0 7.46324305816967e-20
848.0 7.46324305816967e-20
849.0 5.533112978769536e-19
850.0 5.533112978769536e-19
851.0 5.533112978769536e-19
852.0 5.533112978769536e-19
853.0 5.533112978769536e-19
854.0 5.732230380379329e-19
855.0 5.732230380379329e-19
856.0 5.732230380379329e-19
857.0 5.732230380379329e-19
858.0 5.732230380379329e-19
859.0 6.440631939788947e-19
860.0 6.440631939788947e-19
861.0 6.440631939788947e-19
862.0 6.440631939788947e-19
863.0 6.440631939788947e-19
864.0 5.1171069683555757e-20
865.0 5.1171069683555757e-20
866.0 5.1171069683555757e-20
867.0 5.1171069683555757e-20
868.0 5.1171069683555757e-20
869.0 4.1836518682371336e-20
870.0 4.1836518682371336e-20
871.0 4.1836518682371336e-20
872.0 4.1836518682371336e-20
873.0 4.1836518682371336e-20
874.0 7.459702588320782e-20
875.0 7.459702588320782e-20
876.0 7.459702588320782e-20
877.0 7.459702588320782e-20
878.0 7.459702588320782e-20
879.0 1.8150133365440992e-20
880.0 1.8150133365440992e-20
881.0 1.8150133365440992e-20
882.0 1.8150133365440992e-20
883.0 1.8150133365440992e-20
884.0 1.2004950475824219e-19
885.0 1.2004950475824219e-19
886.0 1.2004950475824219e-19
887.0 1.2004950475824219e-19
888.0 1.2004950475824219e-19
889.0 3.755251839584657e-20
890.0 3.755251839584657e-20
891.0 3.755251839584657e-20
892.0 3.755251839584657e-20
893.0 3.755251839584657e-20
894.0 3.072196703304519e-19
895.0 3.072196703304519e-19
896.0 3.072196703304519e-19
897.0 3.072196703304519e-19
898.0 3.072196703304519e-19
899.0 1.4827309141623566e-19
900.0 1.4827309141623566e-19
901.0 1.4827309141623566e-19
902.0 1.4827309141623566e-19
903.0 1.4827309141623566e-19
904.0 5.531681878315301e-19
905.0 5.531681878315301e-19
906.0 5.531681878315301e-19
907.0 5.531681878315301e-19
908.0 5.531681878315301e-19
909.0 7.038038220901776e-20
910.0 7.038038220901776e-20
911.0 7.038038220901776e-20
912.0 7.038038220901776e-20
913.0 7.038038220901776e-20
914.0 1.174335429527642e-19
915.0 1.174335429527642e-19
916.0 1.174335429527642e-19
917.0 1.174335429527642e-19
918.0 1.174335429527642e-19
919.0 2.3760889750692814e-18
920.0 2.3760889750692814e-18
921.0 2.3760889750692814e-18
922.0 2.3760889750692814e-18
923.0 2.3760889750692814e-18
924.0 5.076338575603539e-19
925.0 5.076338575603539e-19
926.0 5.076338575603539e-19
927.0 5.076338575603539e-19
928.0 5.076338575603539e-19
929.0 3.2424488670104368e-18
930.0 3.2424488670104368e-18
931.0 3.2424488670104368e-18
932.0 3.2424488670104368e-18
933.0 3.2424488670104368e-18
934.0 1.5116363684546736e-20
935.0 1.5116363684546736e-20
936.0 1.5116363684546736e-20
937.0 1.5116363684546736e-20
938.0 1.5116363684546736e-20
939.0 8.071479955419989e-21
940.0 8.071479955419989e-21
941.0 8.071479955419989e-21
942.0 8.071479955419989e-21
943.0 8.071479955419989e-21
944.0 1.6585091262958797e-18
945.0 1.6585091262958797e-18
946.0 1.6585091262958797e-18
947.0 1.6585091262958797e-18
948.0 1.6585091262958797e-18
949.0 5.2866102169912644e-17
950.0 5.2866102169912644e-17
951.0 5.2866102169912644e-17
952.0 5.2866102169912644e-17
953.0 5.2866102169912644e-17
954.0 9.1753970147627e-20
955.0 9.1753970147627e-20
956.0 9.1753970147627e-20
957.0 9.1753970147627e-20
958.0 9.1753970147627e-20
959.0 4.0942966572969363e-20
960.0 4.0942966572969363e-20
961.0 4.0942966572969363e-20
962.0 4.0942966572969363e-20
963.0 4.0942966572969363e-20
964.0 3.0242141900869e-20
965.0 3.0242141900869e-20
966.0 3.0242141900869e-20
967.0 3.0242141900869e-20
968.0 3.0242141900869e-20
969.0 1.2767592566209303e-16
970.0 1.2767592566209303e-16
971.0 1.2767592566209303e-16
972.0 1.2767592566209303e-16
973.0 1.2767592566209303e-16
974.0 3.7018970260989474e-17
975.0 3.7018970260989474e-17
976.0 3.7018970260989474e-17
977.0 3.7018970260989474e-17
978.0 3.7018970260989474e-17
979.0 8.291258886144586e-20
980.0 8.291258886144586e-20
981.0 8.291258886144586e-20
982.0 8.291258886144586e-20
983.0 8.291258886144586e-20
984.0 1.1493189309072383e-20
985.0 1.1493189309072383e-20
986.0 1.1493189309072383e-20
987.0 1.1493189309072383e-20
988.0 1.1493189309072383e-20
989.0 4.1751213884805355e-18
990.0 4.1751213884805355e-18
991.0 4.1751213884805355e-18
992.0 4.1751213884805355e-18
993.0 4.1751213884805355e-18
994.0 1.9020047988387883e-19
995.0 1.9020047988387883e-19
996.0 1.9020047988387883e-19
997.0 1.9020047988387883e-19
998.0 1.9020047988387883e-19
999.0 5.0073266899723905e-19
1000.0 5.0073266899723905e-19
1001.0 5.0073266899723905e-19
1002.0 5.0073266899723905e-19
1003.0 5.0073266899723905e-19
1004.0 3.2666607077182286e-19
1005.0 3.2666607077182286e-19
1006.0 3.2666607077182286e-19
1007.0 3.2666607077182286e-19
1008.0 3.2666607077182286e-19
1009.0 1.6425820282712506e-19
1010.0 1.6425820282712506e-19
1011.0 1.6425820282712506e-19
1012.0 1.6425820282712506e-19
1013.0 1.6425820282712506e-19
1014.0 1.0268377819725225e-19
1015.0 1.0268377819725225e-19
1016.0 1.0268377819725225e-19
1017.0 1.0268377819725225e-19
1018.0 1.0268377819725225e-19
1019.0 1.3626781956043803e-19
1020.0 1.3626781956043803e-19
1021.0 1.3626781956043803e-19
1022.0 1.3626781956043803e-19
1023.0 1.3626781956043803e-19
1024.0 7.377652603428599e-16
1025.0 7.377652603428599e-16
1026.0 7.377652603428599e-16
1027.0 7.377652603428599e-16
1028.0 7.377652603428599e-16
1029.0 3.9198330472381897e-17
1030.0 3.9198330472381897e-17
1031.0 3.9198330472381897e-17
1032.0 3.9198330472381897e-17
1033.0 3.9198330472381897e-17
1034.0 2.0038648108177832e-17
1035.0 2.0038648108177832e-17
1036.0 2.0038648108177832e-17
1037.0 2.0038648108177832e-17
1038.0 2.0038648108177832e-17
1039.0 5.760491420182345e-20
1040.0 5.760491420182345e-20
1041.0 5.760491420182345e-20
1042.0 5.760491420182345e-20
1043.0 5.760491420182345e-20
1044.0 8.302872719788078e-20
1045.0 8.302872719788078e-20
1046.0 8.302872719788078e-20
1047.0 8.302872719788078e-20
1048.0 8.302872719788078e-20
1049.0 3.7957098544848634e-20
1050.0 3.7957098544848634e-20
1051.0 3.7957098544848634e-20
1052.0 3.7957098544848634e-20
1053.0 3.7957098544848634e-20
1054.0 2.170707059541926e-20
1055.0 2.170707059541926e-20
1056.0 2.170707059541926e-20
1057.0 2.170707059541926e-20
1058.0 2.170707059541926e-20
1059.0 1.0708681993365184e-18
1060.0 1.0708681993365184e-18
1061.0 1.0708681993365184e-18
1062.0 1.0708681993365184e-18
1063.0 1.0708681993365184e-18
1064.0 8.309821829511326e-20
1065.0 8.309821829511326e-20
1066.0 8.309821829511326e-20
1067.0 8.309821829511326e-20
1068.0 8.309821829511326e-20
1069.0 1.5188773118519352e-18
1070.0 1.5188773118519352e-18
1071.0 1.5188773118519352e-18
1072.0 1.5188773118519352e-18
1073.0 1.5188773118519352e-18
1074.0 2.9162940928625325e-19
1075.0 2.9162940928625325e-19
1076.0 2.9162940928625325e-19
1077.0 2.9162940928625325e-19
1078.0 2.9162940928625325e-19
1079.0 1.0741009504210533e-20
1080.0 1.0741009504210533e-20
1081.0 1.0741009504210533e-20
1082.0 1.0741009504210533e-20
1083.0 1.0741009504210533e-20
1084.0 2.543691347203505e-19
1085.0 2.543691347203505e-19
1086.0 2.543691347203505e-19
1087.0 2.543691347203505e-19
1088.0 2.543691347203505e-19
1089.0 1.5595505171041628e-21
1090.0 1.5595505171041628e-21
1091.0 1.5595505171041628e-21
1092.0 1.5595505171041628e-21
1093.0 1.5595505171041628e-21
1094.0 2.5707526747741218e-20
1095.0 2.5707526747741218e-20
1096.0 2.5707526747741218e-20
1097.0 2.5707526747741218e-20
1098.0 2.5707526747741218e-20
1099.0 1.9444600209488098e-19
1100.0 1.9444600209488098e-19
1101.0 1.9444600209488098e-19
1102.0 1.9444600209488098e-19
1103.0 1.9444600209488098e-19
1104.0 9.138618708017508e-20
1105.0 9.138618708017508e-20
1106.0 9.138618708017508e-20
1107.0 9.138618708017508e-20
1108.0 9.138618708017508e-20
1109.0 5.718718157266575e-19
1110.0 5.718718157266575e-19
1111.0 5.718718157266575e-19
1112.0 5.718718157266575e-19
1113.0 5.718718157266575e-19
1114.0 5.642519114366912e-20
1115.0 5.642519114366912e-20
1116.0 5.642519114366912e-20
1117.0 5.642519114366912e-20
1118.0 5.642519114366912e-20
1119.0 1.2735695521148691e-19
1120.0 1.2735695521148691e-19
1121.0 1.2735695521148691e-19
1122.0 1.2735695521148691e-19
1123.0 1.2735695521148691e-19
1124.0 2.520656065952388e-19
1125.0 2.520656065952388e-19
1126.0 2.520656065952388e-19
