trappist-1/paper/dem_1A.escv
# %ECSV 0.9
# ---
# datatype:
# - name: WAVELENGTH
#   unit: Angstrom
#   datatype: float64
# - name: FLUX
#   unit: erg / (Angstrom cm2 s)
#   datatype: float64
# schema: astropy-2.0
WAVELENGTH FLUX
[from data line 1127]
1128.0 2.520656065952388e-19
1129.0 1.4080132131491125e-20
1130.0 1.4080132131491125e-20
1131.0 1.4080132131491125e-20
1132.0 1.4080132131491125e-20
1133.0 1.4080132131491125e-20
1134.0 1.4365654870572223e-18
1135.0 1.4365654870572223e-18
1136.0 1.4365654870572223e-18
1137.0 1.4365654870572223e-18
1138.0 1.4365654870572223e-18
1139.0 1.2824482081352271e-20
1140.0 1.2824482081352271e-20
1141.0 1.2824482081352271e-20
1142.0 1.2824482081352271e-20
1143.0 1.2824482081352271e-20
1144.0 7.578792647868984e-19
1145.0 7.578792647868984e-19
1146.0 7.578792647868984e-19
1147.0 7.578792647868984e-19
1148.0 7.578792647868984e-19
1149.0 2.1552505751068934e-20
1150.0 2.1552505751068934e-20
1151.0 2.1552505751068934e-20
1152.0 2.1552505751068934e-20
1153.0 2.1552505751068934e-20
1154.0 9.264783013123533e-21
1155.0 9.264783013123533e-21
1156.0 9.264783013123533e-21
1157.0 9.264783013123533e-21
1158.0 9.264783013123533e-21
1159.0 7.19573953521104e-21
1160.0 7.19573953521104e-21
1161.0 7.19573953521104e-21
1162.0 7.19573953521104e-21
1163.0 7.19573953521104e-21
1164.0 1.5852995633480542e-20
1165.0 1.5852995633480542e-20
1166.0 1.5852995633480542e-20
1167.0 1.5852995633480542e-20
1168.0 1.5852995633480542e-20
1169.0 4.067982832104409e-20
1170.0 4.067982832104409e-20
1171.0 4.067982832104409e-20
1172.0 4.067982832104409e-20
1173.0 4.067982832104409e-20
1174.0 3.5809420062490066e-18
1175.0 3.5809420062490066e-18
1176.0 3.5809420062490066e-18
1177.0 3.5809420062490066e-18
1178.0 3.5809420062490066e-18
1179.0 6.477445194696009e-21
1180.0 6.477445194696009e-21
1181.0 6.477445194696009e-21
1182.0 6.477445194696009e-21
1183.0 6.477445194696009e-21
1184.0 1.4428246715130427e-19
1185.0 1.4428246715130427e-19
1186.0 1.4428246715130427e-19
1187.0 1.4428246715130427e-19
1188.0 1.4428246715130427e-19
1189.0 2.3921013720410275e-18
1190.0 2.3921013720410275e-18
1191.0 2.3921013720410275e-18
1192.0 2.3921013720410275e-18
1193.0 2.3921013720410275e-18
1194.0 3.9783519139287216e-18
1195.0 3.9783519139287216e-18
1196.0 3.9783519139287216e-18
1197.0 3.9783519139287216e-18
1198.0 3.9783519139287216e-18
1199.0 1.9910387260847522e-18
1200.0 1.9910387260847522e-18
1201.0 1.9910387260847522e-18
1202.0 1.9910387260847522e-18
1203.0 1.9910387260847522e-18
1204.0 8.01997300944684e-18
1205.0 8.01997300944684e-18
1206.0 8.01997300944684e-18
1207.0 8.01997300944684e-18
1208.0 8.01997300944684e-18
1209.0 2.482242883239081e-20
1210.0 2.482242883239081e-20
1211.0 2.482242883239081e-20
1212.0 2.482242883239081e-20
1213.0 2.482242883239081e-20
1214.0 1.7333097190386974e-14
1215.0 1.7333097190386974e-14
1216.0 1.7333097190386974e-14
1217.0 1.7333097190386974e-14
1218.0 1.7333097190386974e-14
1219.0 1.0647683873446427e-20
1220.0 1.0647683873446427e-20
1221.0 1.0647683873446427e-20
1222.0 1.0647683873446427e-20
1223.0 1.0647683873446427e-20
1224.0 7.039463278173571e-21
1225.0 7.039463278173571e-21
1226.0 7.039463278173571e-21
1227.0 7.039463278173571e-21
1228.0 7.039463278173571e-21
1229.0 2.794955957686286e-20
1230.0 2.794955957686286e-20
1231.0 2.794955957686286e-20
1232.0 2.794955957686286e-20
1233.0 2.794955957686286e-20
1234.0 1.1433513729488496e-20
1235.0 1.1433513729488496e-20
1236.0 1.1433513729488496e-20
1237.0 1.1433513729488496e-20
1238.0 1.1433513729488496e-20
1239.0 1.1814516937428786e-17
1240.0 1.1814516937428786e-17
1241.0 1.1814516937428786e-17
1242.0 1.1814516937428786e-17
1243.0 1.1814516937428786e-17
1244.0 8.98920485705904e-20
1245.0 8.98920485705904e-20
1246.0 8.98920485705904e-20
1247.0 8.98920485705904e-20
1248.0 8.98920485705904e-20
1249.0 2.9211822644336967e-19
1250.0 2.9211822644336967e-19
1251.0 2.9211822644336967e-19
1252.0 2.9211822644336967e-19
1253.0 2.9211822644336967e-19
1254.0 5.925854415689551e-19
1255.0 5.925854415689551e-19
1256.0 5.925854415689551e-19
1257.0 5.925854415689551e-19
1258.0 5.925854415689551e-19
1259.0 4.955181092960525e-18
1260.0 4.955181092960525e-18
1261.0 4.955181092960525e-18
1262.0 4.955181092960525e-18
1263.0 4.955181092960525e-18
1264.0 6.765298069449824e-18
1265.0 6.765298069449824e-18
1266.0 6.765298069449824e-18
1267.0 6.765298069449824e-18
1268.0 6.765298069449824e-18
1269.0 4.0651091767735723e-20
1270.0 4.0651091767735723e-20
1271.0 4.0651091767735723e-20
1272.0 4.0651091767735723e-20
1273.0 4.0651091767735723e-20
1274.0 4.625777737396858e-19
1275.0 4.625777737396858e-19
1276.0 4.625777737396858e-19
1277.0 4.625777737396858e-19
1278.0 4.625777737396858e-19
1279.0 7.503589746899942e-19
1280.0 7.503589746899942e-19
1281.0 7.503589746899942e-19
1282.0 7.503589746899942e-19
1283.0 7.503589746899942e-19
1284.0 4.2738764755379803e-20
1285.0 4.2738764755379803e-20
1286.0 4.2738764755379803e-20
1287.0 4.2738764755379803e-20
1288.0 4.2738764755379803e-20
1289.0 8.327765147834702e-21
1290.0 8.327765147834702e-21
1291.0 8.327765147834702e-21
1292.0 8.327765147834702e-21
1293.0 8.327765147834702e-21
1294.0 1.578211264933339e-19
1295.0 1.578211264933339e-19
1296.0 1.578211264933339e-19
1297.0 1.578211264933339e-19
1298.0 1.578211264933339e-19
1299.0 1.5659675090356121e-18
1300.0 1.5659675090356121e-18
1301.0 1.5659675090356121e-18
1302.0 1.5659675090356121e-18
1303.0 1.5659675090356121e-18
1304.0 2.1606679286981617e-18
1305.0 2.1606679286981617e-18
1306.0 2.1606679286981617e-18
1307.0 2.1606679286981617e-18
1308.0 2.1606679286981617e-18
1309.0 2.144945788235512e-18
1310.0 2.144945788235512e-18
1311.0 2.144945788235512e-18
1312.0 2.144945788235512e-18
1313.0 2.144945788235512e-18
1314.0 5.60139685455687e-21
1315.0 5.60139685455687e-21
1316.0 5.60139685455687e-21
1317.0 5.60139685455687e-21
1318.0 5.60139685455687e-21
1319.0 4.318798969986299e-21
1320.0 4.318798969986299e-21
1321.0 4.318798969986299e-21
1322.0 4.318798969986299e-21
1323.0 4.318798969986299e-21
1324.0 1.8965611124911354e-19
1325.0 1.8965611124911354e-19
1326.0 1.8965611124911354e-19
1327.0 1.8965611124911354e-19
1328.0 1.8965611124911354e-19
1329.0 3.1145823595096098e-18
1330.0 3.1145823595096098e-18
1331.0 3.1145823595096098e-18
1332.0 3.1145823595096098e-18
1333.0 3.1145823595096098e-18
1334.0 4.5886169811264325e-18
1335.0 4.5886169811264325e-18
1336.0 4.5886169811264325e-18
1337.0 4.5886169811264325e-18
1338.0 4.5886169811264325e-18
1339.0 1.5435459124398647e-19
1340.0 1.5435459124398647e-19
1341.0 1.5435459124398647e-19
1342.0 1.5435459124398647e-19
1343.0 1.5435459124398647e-19
1344.0 9.989187032948854e-20
1345.0 9.989187032948854e-20
1346.0 9.989187032948854e-20
1347.0 9.989187032948854e-20
1348.0 9.989187032948854e-20
1349.0 1.3355398270239787e-20
1350.0 1.3355398270239787e-20
1351.0 1.3355398270239787e-20
1352.0 1.3355398270239787e-20
1353.0 1.3355398270239787e-20
1354.0 1.691119241057827e-18
1355.0 1.691119241057827e-18
1356.0 1.691119241057827e-18
1357.0 1.691119241057827e-18
1358.0 1.691119241057827e-18
1359.0 4.964292508649079e-19
1360.0 4.964292508649079e-19
1361.0 4.964292508649079e-19
1362.0 4.964292508649079e-19
1363.0 4.964292508649079e-19
1364.0 7.585180080479721e-20
1365.0 7.585180080479721e-20
1366.0 7.585180080479721e-20
1367.0 7.585180080479721e-20
1368.0 7.585180080479721e-20
1369.0 2.721256405037751e-18
1370.0 2.721256405037751e-18
1371.0 2.721256405037751e-18
1372.0 2.721256405037751e-18
1373.0 2.721256405037751e-18
1374.0 7.841540249299983e-21
1375.0 7.841540249299983e-21
1376.0 7.841540249299983e-21
1377.0 7.841540249299983e-21
1378.0 7.841540249299983e-21
1379.0 3.807009199326284e-21
1380.0 3.807009199326284e-21
1381.0 3.807009199326284e-21
1382.0 3.807009199326284e-21
1383.0 3.807009199326284e-21
1384.0 1.2213045190400925e-20
1385.0 1.2213045190400925e-20
1386.0 1.2213045190400925e-20
1387.0 1.2213045190400925e-20
1388.0 1.2213045190400925e-20
1389.0 5.158710752937063e-21
1390.0 5.158710752937063e-21
1391.0 5.158710752937063e-21
1392.0 5.158710752937063e-21
1393.0 5.158710752937063e-21
1394.0 4.368394642471628e-18
1395.0 4.368394642471628e-18
1396.0 4.368394642471628e-18
1397.0 4.368394642471628e-18
1398.0 4.368394642471628e-18
1399.0 1.0878300064303e-17
1400.0 1.0878300064303e-17
1401.0 1.0878300064303e-17
1402.0 1.0878300064303e-17
1403.0 1.0878300064303e-17
1404.0 6.570795439653118e-18
1405.0 6.570795439653118e-18
1406.0 6.570795439653118e-18
1407.0 6.570795439653118e-18
1408.0 6.570795439653118e-18
1409.0 1.3508808132809777e-19
1410.0 1.3508808132809777e-19
1411.0 1.3508808132809777e-19
1412.0 1.3508808132809777e-19
1413.0 1.3508808132809777e-19
1414.0 3.6408796228610326e-19
1415.0 3.6408796228610326e-19
1416.0 3.6408796228610326e-19
1417.0 3.6408796228610326e-19
1418.0 3.6408796228610326e-19
1419.0 8.026071486616706e-21
1420.0 8.026071486616706e-21
1421.0 8.026071486616706e-21
1422.0 8.026071486616706e-21
1423.0 8.026071486616706e-21
1424.0 1.7376482294181263e-19
1425.0 1.7376482294181263e-19
1426.0 1.7376482294181263e-19
1427.0 1.7376482294181263e-19
1428.0 1.7376482294181263e-19
1429.0 6.122293724336323e-20
1430.0 6.122293724336323e-20
1431.0 6.122293724336323e-20
1432.0 6.122293724336323e-20
1433.0 6.122293724336323e-20
1434.0 9.885300347152205e-20
1435.0 9.885300347152205e-20
1436.0 9.885300347152205e-20
1437.0 9.885300347152205e-20
1438.0 9.885300347152205e-20
1439.0 8.702673308503972e-20
1440.0 8.702673308503972e-20
1441.0 8.702673308503972e-20
1442.0 8.702673308503972e-20
1443.0 8.702673308503972e-20
1444.0 6.075294262750693e-20
1445.0 6.075294262750693e-20
1446.0 6.075294262750693e-20
1447.0 6.075294262750693e-20
1448.0 6.075294262750693e-20
1449.0 2.604316079629297e-20
1450.0 2.604316079629297e-20
1451.0 2.604316079629297e-20
1452.0 2.604316079629297e-20
1453.0 2.604316079629297e-20
1454.0 5.368334927082559e-21
1455.0 5.368334927082559e-21
1456.0 5.368334927082559e-21
1457.0 5.368334927082559e-21
1458.0 5.368334927082559e-21
1459.0 2.0240194795973498e-19
1460.0 2.0240194795973498e-19
1461.0 2.0240194795973498e-19
1462.0 2.0240194795973498e-19
1463.0 2.0240194795973498e-19
1464.0 2.1019819274305328e-19
1465.0 2.1019819274305328e-19
1466.0 2.1019819274305328e-19
1467.0 2.1019819274305328e-19
1468.0 2.1019819274305328e-19
1469.0 1.370748822322105e-20
1470.0 1.370748822322105e-20
1471.0 1.370748822322105e-20
1472.0 1.370748822322105e-20
1473.0 1.370748822322105e-20
1474.0 9.701814040014874e-21
1475.0 9.701814040014874e-21
1476.0 9.701814040014874e-21
1477.0 9.701814040014874e-21
1478.0 9.701814040014874e-21
1479.0 1.9333418269371522e-19
1480.0 1.9333418269371522e-19
1481.0 1.9333418269371522e-19
1482.0 1.9333418269371522e-19
1483.0 1.9333418269371522e-19
1484.0 3.010092833249556e-18
1485.0 3.010092833249556e-18
1486.0 3.010092833249556e-18
1487.0 3.010092833249556e-18
1488.0 3.010092833249556e-18
1489.0 2.1332043319986727e-19
1490.0 2.1332043319986727e-19
1491.0 2.1332043319986727e-19
1492.0 2.1332043319986727e-19
1493.0 2.1332043319986727e-19
1494.0 1.135305823015487e-19
1495.0 1.135305823015487e-19
1496.0 1.135305823015487e-19
1497.0 1.135305823015487e-19
1498.0 1.135305823015487e-19
1499.0 4.38856388783054e-19
1500.0 4.38856388783054e-19
1501.0 4.38856388783054e-19
1502.0 4.38856388783054e-19
1503.0 4.38856388783054e-19
1504.0 1.1455177918369453e-20
1505.0 1.1455177918369453e-20
1506.0 1.1455177918369453e-20
1507.0 1.1455177918369453e-20
1508.0 1.1455177918369453e-20
1509.0 8.741355135450929e-21
1510.0 8.741355135450929e-21
1511.0 8.741355135450929e-21
1512.0 8.741355135450929e-21
1513.0 8.741355135450929e-21
1514.0 7.603086773563941e-21
1515.0 7.603086773563941e-21
1516.0 7.603086773563941e-21
1517.0 7.603086773563941e-21
1518.0 7.603086773563941e-21
1519.0 1.0812874582889259e-20
1520.0 1.0812874582889259e-20
1521.0 1.0812874582889259e-20
1522.0 1.0812874582889259e-20
1523.0 1.0812874582889259e-20
1524.0 5.051272137268903e-18
1525.0 5.051272137268903e-18
1526.0 5.051272137268903e-18
1527.0 5.051272137268903e-18
1528.0 5.051272137268903e-18
1529.0 9.951549747562025e-18
1530.0 9.951549747562025e-18
1531.0 9.951549747562025e-18
1532.0 9.951549747562025e-18
1533.0 9.951549747562025e-18
1534.0 7.465776190310214e-22
1535.0 7.465776190310214e-22
1536.0 7.465776190310214e-22
1537.0 7.465776190310214e-22
1538.0 7.465776190310214e-22
1539.0 2.831205441861792e-21
1540.0 2.831205441861792e-21
1541.0 2.831205441861792e-21
1542.0 2.831205441861792e-21
1543.0 2.831205441861792e-21
1544.0 2.2345676524172087e-17
1545.0 2.2345676524172087e-17
1546.0 2.2345676524172087e-17
1547.0 2.2345676524172087e-17
1548.0 2.2345676524172087e-17
1549.0 1.1395975407621122e-17
1550.0 1.1395975407621122e-17
1551.0 1.1395975407621122e-17
1552.0 1.1395975407621122e-17
1553.0 1.1395975407621122e-17
1554.0 1.130870983672782e-19
1555.0 1.130870983672782e-19
1556.0 1.130870983672782e-19
1557.0 1.130870983672782e-19
1558.0 1.130870983672782e-19
1559.0 6.882843532187185e-17
1560.0 6.882843532187185e-17
1561.0 6.882843532187185e-17
1562.0 6.882843532187185e-17
1563.0 6.882843532187185e-17
1564.0 1.4393558717233341e-18
1565.0 1.4393558717233341e-18
1566.0 1.4393558717233341e-18
1567.0 1.4393558717233341e-18
1568.0 1.4393558717233341e-18
1569.0 1.4486743727389758e-18
1570.0 1.4486743727389758e-18
1571.0 1.4486743727389758e-18
1572.0 1.4486743727389758e-18
1573.0 1.4486743727389758e-18
1574.0 1.3443917969744326e-18
1575.0 1.3443917969744326e-18
1576.0 1.3443917969744326e-18
1577.0 1.3443917969744326e-18
1578.0 1.3443917969744326e-18
1579.0 3.9661442267272407e-19
1580.0 3.9661442267272407e-19
1581.0 3.9661442267272407e-19
1582.0 3.9661442267272407e-19
1583.0 3.9661442267272407e-19
1584.0 4.682910063279533e-19
1585.0 4.682910063279533e-19
1586.0 4.682910063279533e-19
1587.0 4.682910063279533e-19
1588.0 4.682910063279533e-19
1589.0 1.6727146350360168e-20
1590.0 1.6727146350360168e-20
1591.0 1.6727146350360168e-20
1592.0 1.6727146350360168e-20
1593.0 1.6727146350360168e-20
1594.0 2.4763860038430356e-20
1595.0 2.4763860038430356e-20
1596.0 2.4763860038430356e-20
1597.0 2.4763860038430356e-20
1598.0 2.4763860038430356e-20
1599.0 1.8753261101720035e-18
1600.0 1.8753261101720035e-18
1601.0 1.8753261101720035e-18
1602.0 1.8753261101720035e-18
1603.0 1.8753261101720035e-18
1604.0 2.1605068572559342e-20
1605.0 2.1605068572559342e-20
1606.0 2.1605068572559342e-20
1607.0 2.1605068572559342e-20
1608.0 2.1605068572559342e-20
1609.0 4.885610155702729e-19
1610.0 4.885610155702729e-19
1611.0 4.885610155702729e-19
1612.0 4.885610155702729e-19
1613.0 4.885610155702729e-19
1614.0 2.4384531540398306e-20
1615.0 2.4384531540398306e-20
1616.0 2.4384531540398306e-20
1617.0 2.4384531540398306e-20
1618.0 2.4384531540398306e-20
1619.0 4.857090307844616e-20
1620.0 4.857090307844616e-20
1621.0 4.857090307844616e-20
1622.0 4.857090307844616e-20
1623.0 4.857090307844616e-20
1624.0 3.8403637483516254e-19
1625.0 3.8403637483516254e-19
1626.0 3.8403637483516254e-19
1627.0 3.8403637483516254e-19
1628.0 3.8403637483516254e-19
1629.0 5.179356417728698e-20
1630.0 5.179356417728698e-20
1631.0 5.179356417728698e-20
1632.0 5.179356417728698e-20
1633.0 5.179356417728698e-20
1634.0 6.704442732357151e-19
1635.0 6.704442732357151e-19
1636.0 6.704442732357151e-19
1637.0 6.704442732357151e-19
1638.0 6.704442732357151e-19
1639.0 6.265323556701997e-19
1640.0 6.265323556701997e-19
1641.0 6.265323556701997e-19
1642.0 6.265323556701997e-19
1643.0 6.265323556701997e-19
1644.0 3.0647622258748087e-19
1645.0 3.0647622258748087e-19
1646.0 3.0647622258748087e-19
1647.0 3.0647622258748087e-19
1648.0 3.0647622258748087e-19
1649.0 3.6422507577584263e-19
1650.0 3.6422507577584263e-19
1651.0 3.6422507577584263e-19
1652.0 3.6422507577584263e-19
1653.0 3.6422507577584263e-19
1654.0 4.809390193870697e-17
1655.0 4.809390193870697e-17
1656.0 4.809390193870697e-17
1657.0 4.809390193870697e-17
1658.0 4.809390193870697e-17
1659.0 3.611673642278555e-18
1660.0 3.611673642278555e-18
1661.0 3.611673642278555e-18
1662.0 3.611673642278555e-18
1663.0 3.611673642278555e-18
1664.0 1.9071657224291872e-18
1665.0 1.9071657224291872e-18
1666.0 1.9071657224291872e-18
1667.0 1.9071657224291872e-18
1668.0 1.9071657224291872e-18
1669.0 6.527307396454206e-17
1670.0 6.527307396454206e-17
