trappist-1/paper/dem_1A.escv
# %ECSV 0.9
# ---
# datatype:
# - name: WAVELENGTH
#   unit: Angstrom
#   datatype: float64
# - name: FLUX
#   unit: erg / (Angstrom cm2 s)
#   datatype: float64
# schema: astropy-2.0
WAVELENGTH FLUX
1.0 5.99122779835949e-26
2.0 5.99122779835949e-26
3.0 5.99122779835949e-26
4.0 1.968223735487084e-19
5.0 1.968223735487084e-19
6.0 1.968223735487084e-19
7.0 1.968223735487084e-19
8.0 1.968223735487084e-19
9.0 4.523430757136669e-18
10.0 4.523430757136669e-18
11.0 4.523430757136669e-18
12.0 4.523430757136669e-18
13.0 4.523430757136669e-18
14.0 2.8717105479767366e-17
15.0 2.8717105479767366e-17
16.0 2.8717105479767366e-17
17.0 2.8717105479767366e-17
18.0 2.8717105479767366e-17
19.0 1.9793958510659363e-17
20.0 1.9793958510659363e-17
21.0 1.9793958510659363e-17
22.0 1.9793958510659363e-17
23.0 1.9793958510659363e-17
24.0 4.455298259045366e-18
25.0 4.455298259045366e-18
26.0 4.455298259045366e-18
27.0 4.455298259045366e-18
28.0 4.455298259045366e-18
29.0 5.013945912507304e-18
30.0 5.013945912507304e-18
31.0 5.013945912507304e-18
32.0 5.013945912507304e-18
33.0 5.013945912507304e-18
34.0 6.708603910240916e-18
35.0 6.708603910240916e-18
36.0 6.708603910240916e-18
37.0 6.708603910240916e-18
38.0 6.708603910240916e-18
39.0 4.528288405747059e-18
40.0 4.528288405747059e-18
41.0 4.528288405747059e-18
42.0 4.528288405747059e-18
43.0 4.528288405747059e-18
44.0 5.374855571755084e-18
45.0 5.374855571755084e-18
46.0 5.374855571755084e-18
47.0 5.374855571755084e-18
48.0 5.374855571755084e-18
49.0 4.560499555451542e-18
50.0 4.560499555451542e-18
51.0 4.560499555451542e-18
52.0 4.560499555451542e-18
53.0 4.560499555451542e-18
54.0 4.152627603014508e-18
55.0 4.152627603014508e-18
56.0 4.152627603014508e-18
57.0 4.152627603014508e-18
58.0 4.152627603014508e-18
59.0 4.746232000891075e-18
60.0 4.746232000891075e-18
61.0 4.746232000891075e-18
62.0 4.746232000891075e-18
63.0 4.746232000891075e-18
64.0 6.0549430106291795e-18
65.0 6.0549430106291795e-18
66.0 6.0549430106291795e-18
67.0 6.0549430106291795e-18
68.0 6.0549430106291795e-18
69.0 5.8775310555559614e-18
70.0 5.8775310555559614e-18
71.0 5.8775310555559614e-18
72.0 5.8775310555559614e-18
73.0 5.8775310555559614e-18
74.0 2.5971790354174775e-18
75.0 2.5971790354174775e-18
76.0 2.5971790354174775e-18
77.0 2.5971790354174775e-18
78.0 2.5971790354174775e-18
79.0 1.78481694864037e-18
80.0 1.78481694864037e-18
81.0 1.78481694864037e-18
82.0 1.78481694864037e-18
83.0 1.78481694864037e-18
84.0 1.4326628649847804e-18
85.0 1.4326628649847804e-18
86.0 1.4326628649847804e-18
87.0 1.4326628649847804e-18
88.0 1.4326628649847804e-18
89.0 1.0174045543345904e-18
90.0 1.0174045543345904e-18
91.0 1.0174045543345904e-18
92.0 1.0174045543345904e-18
93.0 1.0174045543345904e-18
94.0 2.6584043562817914e-18
95.0 2.6584043562817914e-18
96.0 2.6584043562817914e-18
97.0 2.6584043562817914e-18
98.0 2.6584043562817914e-18
99.0 1.6665508797311358e-18
100.0 1.6665508797311358e-18
101.0 1.6665508797311358e-18
102.0 1.6665508797311358e-18
103.0 1.6665508797311358e-18
104.0 1.1235697725017605e-18
105.0 1.1235697725017605e-18
106.0 1.1235697725017605e-18
107.0 1.1235697725017605e-18
108.0 1.1235697725017605e-18
109.0 9.049452749955385e-19
110.0 9.049452749955385e-19
111.0 9.049452749955385e-19
112.0 9.049452749955385e-19
113.0 9.049452749955385e-19
114.0 2.208513552985404e-18
115.0 2.208513552985404e-18
116.0 2.208513552985404e-18
117.0 2.208513552985404e-18
118.0 2.208513552985404e-18
119.0 2.6046114829493414e-18
120.0 2.6046114829493414e-18
121.0 2.6046114829493414e-18
122.0 2.6046114829493414e-18
123.0 2.6046114829493414e-18
124.0 4.1695643658391376e-19
125.0 4.1695643658391376e-19
126.0 4.1695643658391376e-19
127.0 4.1695643658391376e-19
128.0 4.1695643658391376e-19
129.0 2.059605860933733e-18
130.0 2.059605860933733e-18
131.0 2.059605860933733e-18
132.0 2.059605860933733e-18
133.0 2.059605860933733e-18
134.0 1.0412201152061211e-18
135.0 1.0412201152061211e-18
136.0 1.0412201152061211e-18
137.0 1.0412201152061211e-18
138.0 1.0412201152061211e-18
139.0 2.5069741891936262e-18
140.0 2.5069741891936262e-18
141.0 2.5069741891936262e-18
142.0 2.5069741891936262e-18
143.0 2.5069741891936262e-18
144.0 1.7509818388247544e-18
145.0 1.7509818388247544e-18
146.0 1.7509818388247544e-18
147.0 1.7509818388247544e-18
148.0 1.7509818388247544e-18
149.0 2.063342352931864e-18
150.0 2.063342352931864e-18
151.0 2.063342352931864e-18
152.0 2.063342352931864e-18
153.0 2.063342352931864e-18
154.0 1.2758872362217176e-18
155.0 1.2758872362217176e-18
156.0 1.2758872362217176e-18
157.0 1.2758872362217176e-18
158.0 1.2758872362217176e-18
159.0 1.4134706721432272e-18
160.0 1.4134706721432272e-18
161.0 1.4134706721432272e-18
162.0 1.4134706721432272e-18
163.0 1.4134706721432272e-18
164.0 9.220609271735682e-18
165.0 9.220609271735682e-18
166.0 9.220609271735682e-18
167.0 9.220609271735682e-18
168.0 9.220609271735682e-18
169.0 1.9545820642013066e-17
170.0 1.9545820642013066e-17
171.0 1.9545820642013066e-17
172.0 1.9545820642013066e-17
173.0 1.9545820642013066e-17
174.0 5.165694025408299e-18
175.0 5.165694025408299e-18
176.0 5.165694025408299e-18
177.0 5.165694025408299e-18
178.0 5.165694025408299e-18
179.0 3.253784239603379e-18
180.0 3.253784239603379e-18
181.0 3.253784239603379e-18
182.0 3.253784239603379e-18
183.0 3.253784239603379e-18
184.0 1.0946215065804784e-17
185.0 1.0946215065804784e-17
186.0 1.0946215065804784e-17
187.0 1.0946215065804784e-17
188.0 1.0946215065804784e-17
189.0 5.6718288837035175e-18
190.0 5.6718288837035175e-18
191.0 5.6718288837035175e-18
192.0 5.6718288837035175e-18
193.0 5.6718288837035175e-18
194.0 6.949349682362253e-18
195.0 6.949349682362253e-18
196.0 6.949349682362253e-18
197.0 6.949349682362253e-18
198.0 6.949349682362253e-18
199.0 5.9121755400038395e-18
200.0 5.9121755400038395e-18
201.0 5.9121755400038395e-18
202.0 5.9121755400038395e-18
203.0 5.9121755400038395e-18
204.0 2.7649351698504362e-18
205.0 2.7649351698504362e-18
206.0 2.7649351698504362e-18
207.0 2.7649351698504362e-18
208.0 2.7649351698504362e-18
209.0 8.541081770389655e-18
210.0 8.541081770389655e-18
211.0 8.541081770389655e-18
212.0 8.541081770389655e-18
213.0 8.541081770389655e-18
214.0 6.1298615436079076e-18
215.0 6.1298615436079076e-18
216.0 6.1298615436079076e-18
217.0 6.1298615436079076e-18
218.0 6.1298615436079076e-18
219.0 6.987221650790941e-18
220.0 6.987221650790941e-18
221.0 6.987221650790941e-18
222.0 6.987221650790941e-18
223.0 6.987221650790941e-18
224.0 4.9668662550360426e-18
225.0 4.9668662550360426e-18
226.0 4.9668662550360426e-18
227.0 4.9668662550360426e-18
228.0 4.9668662550360426e-18
229.0 3.982601486609304e-18
230.0 3.982601486609304e-18
231.0 3.982601486609304e-18
232.0 3.982601486609304e-18
233.0 3.982601486609304e-18
234.0 6.81808629960515e-18
235.0 6.81808629960515e-18
236.0 6.81808629960515e-18
237.0 6.81808629960515e-18
238.0 6.81808629960515e-18
239.0 1.1704050983591516e-17
240.0 1.1704050983591516e-17
241.0 1.1704050983591516e-17
242.0 1.1704050983591516e-17
243.0 1.1704050983591516e-17
244.0 8.68138858801833e-18
245.0 8.68138858801833e-18
246.0 8.68138858801833e-18
247.0 8.68138858801833e-18
248.0 8.68138858801833e-18
249.0 7.961309248137826e-18
250.0 7.961309248137826e-18
251.0 7.961309248137826e-18
252.0 7.961309248137826e-18
253.0 7.961309248137826e-18
254.0 1.3377656465575922e-17
255.0 1.3377656465575922e-17
256.0 1.3377656465575922e-17
257.0 1.3377656465575922e-17
258.0 1.3377656465575922e-17
259.0 4.671573661450288e-18
260.0 4.671573661450288e-18
261.0 4.671573661450288e-18
262.0 4.671573661450288e-18
263.0 4.671573661450288e-18
264.0 3.7153586752988836e-18
265.0 3.7153586752988836e-18
266.0 3.7153586752988836e-18
267.0 3.7153586752988836e-18
268.0 3.7153586752988836e-18
269.0 5.2822627097143975e-18
270.0 5.2822627097143975e-18
271.0 5.2822627097143975e-18
272.0 5.2822627097143975e-18
273.0 5.2822627097143975e-18
274.0 7.291742937988558e-18
275.0 7.291742937988558e-18
276.0 7.291742937988558e-18
277.0 7.291742937988558e-18
278.0 7.291742937988558e-18
279.0 5.241470066193515e-18
280.0 5.241470066193515e-18
281.0 5.241470066193515e-18
282.0 5.241470066193515e-18
283.0 5.241470066193515e-18
284.0 4.603925726982964e-17
285.0 4.603925726982964e-17
286.0 4.603925726982964e-17
287.0 4.603925726982964e-17
288.0 4.603925726982964e-17
289.0 3.8961053372615975e-18
290.0 3.8961053372615975e-18
291.0 3.8961053372615975e-18
292.0 3.8961053372615975e-18
293.0 3.8961053372615975e-18
294.0 3.2801270008213505e-18
295.0 3.2801270008213505e-18
296.0 3.2801270008213505e-18
297.0 3.2801270008213505e-18
298.0 3.2801270008213505e-18
299.0 5.516691858240294e-18
300.0 5.516691858240294e-18
301.0 5.516691858240294e-18
302.0 5.516691858240294e-18
303.0 5.516691858240294e-18
304.0 3.435025838990279e-17
305.0 3.435025838990279e-17
306.0 3.435025838990279e-17
307.0 3.435025838990279e-17
308.0 3.435025838990279e-17
309.0 2.7919837433054364e-18
310.0 2.7919837433054364e-18
311.0 2.7919837433054364e-18
312.0 2.7919837433054364e-18
313.0 2.7919837433054364e-18
314.0 2.415577157552376e-18
315.0 2.415577157552376e-18
316.0 2.415577157552376e-18
317.0 2.415577157552376e-18
318.0 2.415577157552376e-18
319.0 5.359589672145142e-18
320.0 5.359589672145142e-18
321.0 5.359589672145142e-18
322.0 5.359589672145142e-18
323.0 5.359589672145142e-18
324.0 1.1299161662939769e-18
325.0 1.1299161662939769e-18
326.0 1.1299161662939769e-18
327.0 1.1299161662939769e-18
328.0 1.1299161662939769e-18
329.0 4.847403222909813e-19
330.0 4.847403222909813e-19
331.0 4.847403222909813e-19
332.0 4.847403222909813e-19
333.0 4.847403222909813e-19
334.0 3.9687872703965027e-17
335.0 3.9687872703965027e-17
336.0 3.9687872703965027e-17
337.0 3.9687872703965027e-17
338.0 3.9687872703965027e-17
339.0 1.329827606963605e-18
340.0 1.329827606963605e-18
341.0 1.329827606963605e-18
342.0 1.329827606963605e-18
343.0 1.329827606963605e-18
344.0 1.8821571592998534e-18
345.0 1.8821571592998534e-18
346.0 1.8821571592998534e-18
347.0 1.8821571592998534e-18
348.0 1.8821571592998534e-18
349.0 8.868626118245506e-18
350.0 8.868626118245506e-18
351.0 8.868626118245506e-18
352.0 8.868626118245506e-18
353.0 8.868626118245506e-18
354.0 7.867948143707433e-18
355.0 7.867948143707433e-18
356.0 7.867948143707433e-18
357.0 7.867948143707433e-18
358.0 7.867948143707433e-18
359.0 2.3348656536307782e-17
360.0 2.3348656536307782e-17
361.0 2.3348656536307782e-17
362.0 2.3348656536307782e-17
363.0 2.3348656536307782e-17
364.0 3.898549410561423e-18
365.0 3.898549410561423e-18
366.0 3.898549410561423e-18
367.0 3.898549410561423e-18
368.0 3.898549410561423e-18
369.0 2.356289426206975e-19
370.0 2.356289426206975e-19
371.0 2.356289426206975e-19
372.0 2.356289426206975e-19
373.0 2.356289426206975e-19
374.0 2.5629090131313284e-18
375.0 2.5629090131313284e-18
376.0 2.5629090131313284e-18
377.0 2.5629090131313284e-18
378.0 2.5629090131313284e-18
379.0 7.189840984551677e-18
380.0 7.189840984551677e-18
381.0 7.189840984551677e-18
382.0 7.189840984551677e-18
383.0 7.189840984551677e-18
384.0 2.0105850861343813e-18
385.0 2.0105850861343813e-18
386.0 2.0105850861343813e-18
387.0 2.0105850861343813e-18
388.0 2.0105850861343813e-18
389.0 6.822984341373874e-19
390.0 6.822984341373874e-19
391.0 6.822984341373874e-19
392.0 6.822984341373874e-19
393.0 6.822984341373874e-19
394.0 5.774891019710279e-19
395.0 5.774891019710279e-19
396.0 5.774891019710279e-19
397.0 5.774891019710279e-19
398.0 5.774891019710279e-19
399.0 1.579026127986874e-17
400.0 1.579026127986874e-17
401.0 1.579026127986874e-17
402.0 1.579026127986874e-17
403.0 1.579026127986874e-17
404.0 2.417894324006121e-19
405.0 2.417894324006121e-19
406.0 2.417894324006121e-19
407.0 2.417894324006121e-19
408.0 2.417894324006121e-19
409.0 2.05101513367905e-18
410.0 2.05101513367905e-18
411.0 2.05101513367905e-18
412.0 2.05101513367905e-18
413.0 2.05101513367905e-18
414.0 6.2196543383472935e-18
415.0 6.2196543383472935e-18
416.0 6.2196543383472935e-18
417.0 6.2196543383472935e-18
418.0 6.2196543383472935e-18
419.0 6.951801846144742e-19
420.0 6.951801846144742e-19
421.0 6.951801846144742e-19
422.0 6.951801846144742e-19
423.0 6.951801846144742e-19
424.0 1.3195444654512962e-19
425.0 1.3195444654512962e-19
426.0 1.3195444654512962e-19
427.0 1.3195444654512962e-19
428.0 1.3195444654512962e-19
429.0 2.455255491238199e-18
430.0 2.455255491238199e-18
431.0 2.455255491238199e-18
432.0 2.455255491238199e-18
433.0 2.455255491238199e-18
434.0 2.5856104630268707e-18
435.0 2.5856104630268707e-18
436.0 2.5856104630268707e-18
437.0 2.5856104630268707e-18
438.0 2.5856104630268707e-18
439.0 6.702080772844751e-19
440.0 6.702080772844751e-19
441.0 6.702080772844751e-19
442.0 6.702080772844751e-19
443.0 6.702080772844751e-19
444.0 1.3284830114311922e-18
445.0 1.3284830114311922e-18
446.0 1.3284830114311922e-18
447.0 1.3284830114311922e-18
448.0 1.3284830114311922e-18
449.0 1.131175710147795e-18
450.0 1.131175710147795e-18
451.0 1.131175710147795e-18
452.0 1.131175710147795e-18
453.0 1.131175710147795e-18
454.0 1.3121205528512567e-19
455.0 1.3121205528512567e-19
456.0 1.3121205528512567e-19
457.0 1.3121205528512567e-19
458.0 1.3121205528512567e-19
459.0 1.3964621465347524e-18
460.0 1.3964621465347524e-18
461.0 1.3964621465347524e-18
462.0 1.3964621465347524e-18
463.0 1.3964621465347524e-18
464.0 7.494611843053234e-18
465.0 7.494611843053234e-18
466.0 7.494611843053234e-18
467.0 7.494611843053234e-18
468.0 7.494611843053234e-18
469.0 3.6449654106948266e-18
470.0 3.6449654106948266e-18
471.0 3.6449654106948266e-18
472.0 3.6449654106948266e-18
473.0 3.6449654106948266e-18
474.0 4.503978722102038e-20
475.0 4.503978722102038e-20
476.0 4.503978722102038e-20
477.0 4.503978722102038e-20
478.0 4.503978722102038e-20
479.0 9.64804626857449e-18
480.0 9.64804626857449e-18
481.0 9.64804626857449e-18
482.0 9.64804626857449e-18
483.0 9.64804626857449e-18
484.0 6.4766688192447275e-19
485.0 6.4766688192447275e-19
486.0 6.4766688192447275e-19
487.0 6.4766688192447275e-19
488.0 6.4766688192447275e-19
489.0 3.3923123228952927e-18
490.0 3.3923123228952927e-18
491.0 3.3923123228952927e-18
492.0 3.3923123228952927e-18
493.0 3.3923123228952927e-18
494.0 2.889780120365042e-19
495.0 2.889780120365042e-19
496.0 2.889780120365042e-19
497.0 2.889780120365042e-19
498.0 2.889780120365042e-19
499.0 5.605955389189276e-18
500.0 5.605955389189276e-18
501.0 5.605955389189276e-18
502.0 5.605955389189276e-18
503.0 5.605955389189276e-18
504.0 7.598480953110747e-18
505.0 7.598480953110747e-18
506.0 7.598480953110747e-18
507.0 7.598480953110747e-18
508.0 7.598480953110747e-18
509.0 1.2214698763494825e-19
510.0 1.2214698763494825e-19
511.0 1.2214698763494825e-19
512.0 1.2214698763494825e-19
513.0 1.2214698763494825e-19
514.0 2.9128652296987825e-19
515.0 2.9128652296987825e-19
516.0 2.9128652296987825e-19
517.0 2.9128652296987825e-19
518.0 2.9128652296987825e-19
519.0 3.168373099469366e-18
520.0 3.168373099469366e-18
521.0 3.168373099469366e-18
522.0 3.168373099469366e-18
523.0 3.168373099469366e-18
524.0 2.7009989858958713e-18
525.0 2.7009989858958713e-18
526.0 2.7009989858958713e-18
527.0 2.7009989858958713e-18
528.0 2.7009989858958713e-18
529.0 1.2867920972805224e-19
530.0 1.2867920972805224e-19
531.0 1.2867920972805224e-19
532.0 1.2867920972805224e-19
533.0 1.2867920972805224e-19
534.0 8.001423953629448e-19
535.0 8.001423953629448e-19
536.0 8.001423953629448e-19
537.0 8.001423953629448e-19
538.0 8.001423953629448e-19
539.0 5.357644383480822e-18
540.0 5.357644383480822e-18
541.0 5.357644383480822e-18
542.0 5.357644383480822e-18
543.0 5.357644383480822e-18
544.0 5.175616229637211e-18
545.0 5.175616229637211e-18
546.0 5.175616229637211e-18
547.0 5.175616229637211e-18
548.0 5.175616229637211e-18
549.0 1.1447272396428464e-17
550.0 1.1447272396428464e-17
551.0 1.1447272396428464e-17
552.0 1.1447272396428464e-17
553.0 1.1447272396428464e-17
554.0 8.993402671385949e-17
555.0 8.993402671385949e-17
556.0 8.993402671385949e-17
557.0 8.993402671385949e-17
558.0 8.993402671385949e-17
559.0 7.425231365587085e-18
560.0 7.425231365587085e-18
561.0 7.425231365587085e-18
562.0 7.425231365587085e-18
563.0 7.425231365587085e-18
564.0 1.737636082349103e-18
565.0 1.737636082349103e-18
566.0 1.737636082349103e-18
567.0 1.737636082349103e-18
