gj_674/combined/gj674_const_res_v1.ecsv
# %ECSV 0.9
# ---
# datatype:
# - {name: WAVELENGTH, unit: Angstrom, datatype: float64}
# - {name: FLUX, unit: erg / (Angstrom cm2 s), datatype: float64}
# - {name: ERROR, unit: erg / (Angstrom cm2 s), datatype: float64}
# delimiter: ','
# schema: astropy-2.0
WAVELENGTH,FLUX,ERROR
[from data line 31000]
31002.650000095367,1.39065880201293e-13,0.0
31003.650000095367,1.4177847473569008e-13,0.0
31004.650000095367,1.46504983392315e-13,0.0
31005.650000095367,1.1414433750440337e-13,0.0
31006.650000095367,1.488602817608943e-13,0.0
31007.650000095367,1.265692929865087e-13,0.0
31008.650000095367,1.059367334085342e-13,0.0
31009.650000095367,1.3929491985609632e-13,0.0
31010.650000095367,1.5514043751006274e-13,0.0
31011.650000095367,1.3273753839520492e-13,0.0
31012.650000095367,1.3721340296710102e-13,0.0
31013.650000095367,1.3659514877103978e-13,0.0
31014.650000095367,1.4066746858219578e-13,0.0
31015.650000095367,1.4031605394593513e-13,0.0
31016.650000095367,1.345532686218664e-13,0.0
31017.650000095367,1.2129054311176482e-13,0.0
31018.650000095367,1.325825939505253e-13,0.0
31019.650000095367,1.4786826020092102e-13,0.0
31020.650000095367,1.3875289577021986e-13,0.0
31021.650000095367,1.3084111302150245e-13,0.0
31022.650000095367,1.0742198692316973e-13,0.0
31023.650000095367,1.298952659652197e-13,0.0
31024.650000095367,1.2406398021629644e-13,0.0
31025.650000095367,1.3167689768444992e-13,0.0
31026.650000095367,1.1710283011780754e-13,0.0
31027.650000095367,1.3122543806734814e-13,0.0
31028.650000095367,1.250668412325521e-13,0.0
31029.650000095367,1.3370370552075953e-13,0.0
31030.650000095367,1.2206890005991236e-13,0.0
31031.650000095367,1.3520599385144206e-13,0.0
31032.650000095367,1.363452179572481e-13,0.0
31033.650000095367,1.4561426288137266e-13,0.0
31034.650000095367,9.910527902397491e-14,0.0
31035.650000095367,1.4307538336226092e-13,0.0
31036.650000095367,1.3590726494785395e-13,0.0
31037.650000095367,1.3867387414898965e-13,0.0
31038.650000095367,1.465497747888665e-13,0.0
31039.650000095367,1.412757071640316e-13,0.0
31040.650000095367,1.4379640396841726e-13,0.0
31041.650000095367,1.395972599556091e-13,0.0
31042.650000095367,1.0530454948248664e-13,0.0
31043.650000095367,1.4920573534795134e-13,0.0
31044.650000095367,1.3221804816930092e-13,0.0
31045.650000095367,1.4635897529002786e-13,0.0
31046.650000095367,1.2597372530813884e-13,0.0
31047.650000095367,1.3875696968983394e-13,0.0
31048.650000095367,1.289000220995537e-13,0.0
31049.650000095367,1.3742383970205933e-13,0.0
31050.650000095367,1.1712265169115322e-13,0.0
31051.650000095367,1.3510303154406557e-13,0.0
31052.650000095367,1.1813921932186977e-13,0.0
31053.650000095367,1.1074928842144265e-13,0.0
31054.650000095367,1.3263296373044742e-13,0.0
31055.650000095367,1.380378462390985e-13,0.0
31056.650000095367,1.2242121426650515e-13,0.0
31057.650000095367,1.240693813383342e-13,0.0
31058.650000095367,1.0280538240419759e-13,0.0
31059.650000095367,1.0685654534518094e-13,0.0
31060.650000095367,1.0170039015737996e-13,0.0
31061.650000095367,1.305598843306329e-13,0.0
31062.650000095367,1.1105393146440932e-13,0.0
31063.650000095367,1.1270192864778726e-13,0.0
31064.650000095367,1.4999549090301744e-13,0.0
31065.650000095367,1.4596518842138505e-13,0.0
31066.650000095367,1.1041230406966791e-13,0.0
31067.650000095367,1.3215675178555438e-13,0.0
31068.650000095367,1.4366435215984833e-13,0.0
31069.650000095367,1.3657425516313716e-13,0.0
31070.650000095367,1.4834548342010696e-13,0.0
31071.650000095367,1.413502401795629e-13,0.0
31072.650000095367,1.359799050505667e-13,0.0
31073.650000095367,1.2884938792030613e-13,0.0
31074.650000095367,1.336143912012894e-13,0.0
31075.650000095367,1.11703060783248e-13,0.0
31076.650000095367,1.4161704122068716e-13,0.0
31077.650000095367,1.1011315424932681e-13,0.0
31078.650000095367,1.2427283761982167e-13,0.0
31079.650000095367,1.4101074994046337e-13,0.0
31080.650000095367,1.0259610450751033e-13,0.0
31081.650000095367,1.1560938560639493e-13,0.0
31082.650000095367,1.3889578050306e-13,0.0
31083.650000095367,1.461316601443602e-13,0.0
31084.650000095367,1.4531834268607366e-13,0.0
31085.650000095367,9.549439757341903e-14,0.0
31086.650000095367,1.227052057190331e-13,0.0
31087.650000095367,1.1973539901127367e-13,0.0
31088.650000095367,1.2489611669593405e-13,0.0
31089.650000095367,1.0191853477360508e-13,0.0
31090.650000095367,1.2456491624039134e-13,0.0
31091.650000095367,1.067039126324729e-13,0.0
31092.650000095367,1.213931883697082e-13,0.0
31093.650000095367,1.3007379494034995e-13,0.0
31094.650000095367,1.5416309354930325e-13,0.0
31095.650000095367,1.1359280790122169e-13,0.0
31096.650000095367,1.405203221067244e-13,0.0
31097.650000095367,1.5355396101230179e-13,0.0
31098.650000095367,1.1201951796321524e-13,0.0
31099.650000095367,1.2073917422035733e-13,0.0
31100.650000095367,1.3282237247759955e-13,0.0
31101.650000095367,1.1320857216012446e-13,0.0
31102.650000095367,1.3096211172594086e-13,0.0
31103.650000095367,1.096341361374857e-13,0.0
31104.650000095367,1.2258669188464635e-13,0.0
31105.650000095367,1.2797119545722754e-13,0.0
31106.650000095367,1.420320615505663e-13,0.0
31107.650000095367,9.593930224515115e-14,0.0
31108.650000095367,1.092955397832613e-13,0.0
31109.650000095367,9.879869328338724e-14,0.0
31110.650000095367,1.3271026466417883e-13,0.0
31111.650000095367,1.43528576465434e-13,0.0
31112.650000095367,1.230372733014871e-13,0.0
31113.650000095367,1.3130633794326322e-13,0.0
31114.650000095367,1.3030250138901024e-13,0.0
31115.650000095367,1.3472171838214428e-13,0.0
31116.650000095367,1.4631961357241958e-13,0.0
31117.650000095367,1.4015994072043366e-13,0.0
31118.650000095367,1.0952120264511618e-13,0.0
31119.650000095367,1.4726334767162002e-13,0.0
31120.650000095367,1.3068062182216218e-13,0.0
31121.650000095367,1.163787225198915e-13,0.0
31122.650000095367,1.2594196834100926e-13,0.0
31123.650000095367,1.4598855427637722e-13,0.0
31124.650000095367,1.340785424718858e-13,0.0
31125.650000095367,1.217255341754894e-13,0.0
31126.650000095367,1.2432451122252042e-13,0.0
31127.650000095367,1.1943436750709338e-13,0.0
31128.650000095367,1.284115921467337e-13,0.0
31129.650000095367,1.3468568384086517e-13,0.0
31130.650000095367,1.0337389551256262e-13,0.0
31131.650000095367,1.2574321250865358e-13,0.0
31132.650000095367,1.2030502814783494e-13,0.0
31133.650000095367,1.2848434669609385e-13,0.0
31134.650000095367,1.226757119017019e-13,0.0
31135.650000095367,1.2140283539732164e-13,0.0
31136.650000095367,1.0672463178942527e-13,0.0
31137.650000095367,1.0464272810157455e-13,0.0
31138.650000095367,1.4489433058369635e-13,0.0
31139.650000095367,1.3796015000452085e-13,0.0
31140.650000095367,1.3199865446463026e-13,0.0
31141.650000095367,1.4568691778401213e-13,0.0
31142.650000095367,1.1923227025414086e-13,0.0
31143.650000095367,1.0327413740432406e-13,0.0
31144.650000095367,1.3444003873302867e-13,0.0
31145.650000095367,1.1952946569271283e-13,0.0
31146.650000095367,9.580799120597117e-14,0.0
31147.650000095367,1.4638995789820725e-13,0.0
31148.650000095367,1.271284462285068e-13,0.0
31149.650000095367,1.1054119365913469e-13,0.0
31150.650000095367,1.081523972646833e-13,0.0
31151.650000095367,1.1288188574665157e-13,0.0
31152.650000095367,1.4306654984902645e-13,0.0
31153.650000095367,1.1871751003528604e-13,0.0
31154.650000095367,1.2341195349792794e-13,0.0
31155.650000095367,1.3642165921371484e-13,0.0
31156.650000095367,1.1419322217249675e-13,0.0
31157.650000095367,1.3444533920366888e-13,0.0
31158.650000095367,1.3698083127609803e-13,0.0
31159.650000095367,1.1445286964976538e-13,0.0
31160.650000095367,1.26132480283366e-13,0.0
31161.650000095367,1.365758744101175e-13,0.0
31162.650000095367,1.0910408824165878e-13,0.0
31163.650000095367,1.3676970466178216e-13,0.0
31164.650000095367,1.3085786282780158e-13,0.0
31165.650000095367,9.652461134715825e-14,0.0
31166.650000095367,1.2076241227951081e-13,0.0
31167.650000095367,1.1030175418131938e-13,0.0
31168.650000095367,1.3849623332016697e-13,0.0
31169.650000095367,1.2067833899350736e-13,0.0
31170.650000095367,1.0477978481848685e-13,0.0
31171.650000095367,1.38383174242444e-13,0.0
31172.650000095367,1.4694018939343095e-13,0.0
31173.650000095367,1.2429993910735198e-13,0.0
31174.650000095367,1.0895048702714921e-13,0.0
31175.650000095367,1.1164724153861891e-13,0.0
31176.650000095367,1.1542838095403571e-13,0.0
31177.650000095367,1.368537237591422e-13,0.0
31178.650000095367,1.36633978083853e-13,0.0
31179.650000095367,1.2492996793603836e-13,0.0
31180.650000095367,1.1864482222910007e-13,0.0
31181.650000095367,1.3094610805182176e-13,0.0
31182.650000095367,1.2802135342235999e-13,0.0
31183.650000095367,9.850017746445521e-14,0.0
31184.650000095367,1.2718775931702305e-13,0.0
31185.650000095367,1.013360370051285e-13,0.0
31186.650000095367,1.2660275459725147e-13,0.0
31187.650000095367,1.2099457607401349e-13,0.0
31188.650000095367,1.2432015215431156e-13,0.0
31189.650000095367,1.2627649653183409e-13,0.0
31190.650000095367,1.2315891312341335e-13,0.0
31191.650000095367,1.248790969577622e-13,0.0
31192.650000095367,1.203718143104646e-13,0.0
31193.650000095367,1.305599482998861e-13,0.0
31194.650000095367,1.3919142257103962e-13,0.0
31195.650000095367,1.453014946629871e-13,0.0
31196.650000095367,1.2986491018986398e-13,0.0
31197.650000095367,1.39817707319077e-13,0.0
31198.650000095367,1.272213063373339e-13,0.0
31199.650000095367,1.1428876388846383e-13,0.0
31200.650000095367,1.1124450079320798e-13,0.0
31201.650000095367,1.4360593049934223e-13,0.0
31202.650000095367,1.5107033122706532e-13,0.0
31203.650000095367,1.266475378704306e-13,0.0
31204.650000095367,1.457965166862515e-13,0.0
31205.650000095367,1.0660769702868453e-13,0.0
31206.650000095367,1.2533895839480842e-13,0.0
31207.650000095367,1.3172815487457694e-13,0.0
31208.650000095367,1.2447256750233577e-13,0.0
31209.650000095367,1.1505423044686242e-13,0.0
31210.650000095367,1.2828048090722329e-13,0.0
31211.650000095367,1.056856759281526e-13,0.0
31212.650000095367,1.005136996935442e-13,0.0
31213.650000095367,1.2908649587409826e-13,0.0
31214.650000095367,1.2300183946939714e-13,0.0
31215.650000095367,1.4035596172233384e-13,0.0
31216.650000095367,1.0968802686937455e-13,0.0
31217.650000095367,1.3690469485295587e-13,0.0
31218.650000095367,1.242592914423293e-13,0.0
31219.650000095367,1.4796132505340597e-13,0.0
31220.650000095367,1.485710348670036e-13,0.0
31221.650000095367,1.2697484659691258e-13,0.0
31222.650000095367,1.3372258900075162e-13,0.0
31223.650000095367,1.3585516567913169e-13,0.0
31224.650000095367,1.1859804528298146e-13,0.0
31225.650000095367,1.1993929708262624e-13,0.0
31226.650000095367,1.274590238620201e-13,0.0
31227.650000095367,1.1595504276305974e-13,0.0
31228.650000095367,1.0480518450702416e-13,0.0
31229.650000095367,1.1982633692938703e-13,0.0
31230.650000095367,1.287124297265263e-13,0.0
31231.650000095367,1.4378087745261977e-13,0.0
31232.650000095367,1.4650122342695042e-13,0.0
31233.650000095367,1.3949971188282632e-13,0.0
31234.650000095367,1.3465520107648225e-13,0.0
31235.650000095367,1.3217513962423176e-13,0.0
31236.650000095367,1.373554733178738e-13,0.0
31237.650000095367,1.3430327062936888e-13,0.0
31238.650000095367,1.218527377476193e-13,0.0
31239.650000095367,1.2918634182409474e-13,0.0
31240.650000095367,1.2517160248539812e-13,0.0
31241.650000095367,1.1571213780477927e-13,0.0
31242.650000095367,1.4824463496290414e-13,0.0
31243.650000095367,1.271473267590334e-13,0.0
31244.650000095367,1.093498606159462e-13,0.0
31245.650000095367,1.1330432565771277e-13,0.0
31246.650000095367,1.0720840932485442e-13,0.0
31247.650000095367,1.0907625826404914e-13,0.0
31248.650000095367,1.495526819844036e-13,0.0
31249.650000095367,1.3257940700506968e-13,0.0
31250.650000095367,1.0254323009811147e-13,0.0
31251.650000095367,1.3047598780305112e-13,0.0
31252.650000095367,1.4659215134454083e-13,0.0
31253.650000095367,1.2979513473827007e-13,0.0
31254.650000095367,1.4236716410190872e-13,0.0
31255.650000095367,1.457917830704464e-13,0.0
31256.650000095367,1.4224812430193424e-13,0.0
31257.650000095367,1.1897891868290252e-13,0.0
31258.650000095367,1.1817252184396094e-13,0.0
31259.650000095367,1.293145501568078e-13,0.0
31260.650000095367,1.2833881037688314e-13,0.0
31261.650000095367,1.268565626506658e-13,0.0
31262.650000095367,1.17423926391562e-13,0.0
31263.650000095367,1.4142354227518177e-13,0.0
31264.650000095367,1.321667203708114e-13,0.0
31265.650000095367,1.2836627246102922e-13,0.0
31266.650000095367,1.257238290223084e-13,0.0
31267.650000095367,1.3209910015117256e-13,0.0
31268.650000095367,1.2427972903040264e-13,0.0
31269.650000095367,1.1934073437950031e-13,0.0
31270.650000095367,1.4680412080026352e-13,0.0
31271.650000095367,1.388489867759148e-13,0.0
31272.650000095367,1.2232819114897917e-13,0.0
31273.650000095367,1.384328329611815e-13,0.0
31274.650000095367,1.2230599031640773e-13,0.0
31275.650000095367,1.3472649913790975e-13,0.0
31276.650000095367,1.0614985557416932e-13,0.0
31277.650000095367,1.2687373004285912e-13,0.0
31278.650000095367,1.394130662306603e-13,0.0
31279.650000095367,1.207575684192035e-13,0.0
31280.650000095367,1.1473098305377448e-13,0.0
31281.650000095367,1.3341885746418221e-13,0.0
31282.650000095367,1.1772672280412231e-13,0.0
31283.650000095367,1.0953135288905751e-13,0.0
31284.650000095367,1.1361552888848568e-13,0.0
31285.650000095367,1.2813833395007574e-13,0.0
31286.650000095367,1.1033558826852039e-13,0.0
31287.650000095367,1.22594529302247e-13,0.0
31288.650000095367,1.0601816592731655e-13,0.0
31289.650000095367,1.2213544355501804e-13,0.0
31290.650000095367,1.3639365748019105e-13,0.0
31291.650000095367,1.3178519529335624e-13,0.0
31292.650000095367,1.237082207187705e-13,0.0
31293.650000095367,1.3348588885898832e-13,0.0
31294.650000095367,9.473632045557129e-14,0.0
31295.650000095367,1.3423116820040012e-13,0.0
31296.650000095367,1.295950961867202e-13,0.0
31297.650000095367,1.0473031473507028e-13,0.0
31298.650000095367,1.0227439034021676e-13,0.0
31299.650000095367,1.3060297147101223e-13,0.0
31300.650000095367,1.0673544167908084e-13,0.0
31301.650000095367,1.1262823765662457e-13,0.0
31302.650000095367,1.2784672969054787e-13,0.0
31303.650000095367,1.1398016364879433e-13,0.0
31304.650000095367,1.0240740383982178e-13,0.0
31305.650000095367,9.290793928406704e-14,0.0
31306.650000095367,1.2098322626488588e-13,0.0
31307.650000095367,1.2929039629929754e-13,0.0
31308.650000095367,1.0228515487928606e-13,0.0
31309.650000095367,1.315861975196713e-13,0.0
31310.650000095367,1.1742760415413283e-13,0.0
31311.650000095367,8.181175639355501e-14,0.0
31312.650000095367,1.1349485268508997e-13,0.0
31313.650000095367,1.2861880497855312e-13,0.0
31314.650000095367,9.143466152340587e-14,0.0
31315.650000095367,1.3882138590736458e-13,0.0
31316.650000095367,1.1208696601661485e-13,0.0
31317.650000095367,1.1899899058311173e-13,0.0
31318.650000095367,1.2581844007921627e-13,0.0
31319.650000095367,1.0642265613843956e-13,0.0
31320.650000095367,1.19597106635854e-13,0.0
31321.650000095367,1.434771386801543e-13,0.0
31322.650000095367,1.4383462561438905e-13,0.0
31323.650000095367,1.3332320578094264e-13,0.0
31324.650000095367,1.2984286303528147e-13,0.0
31325.650000095367,1.3055696283398199e-13,0.0
31326.650000095367,1.250071375221296e-13,0.0
31327.650000095367,1.2023178799907103e-13,0.0
31328.650000095367,1.1158436981848588e-13,0.0
31329.650000095367,1.1207185427489523e-13,0.0
31330.650000095367,1.346587902110489e-13,0.0
31331.650000095367,1.0618581568415135e-13,0.0
31332.650000095367,1.1756371190060425e-13,0.0
31333.650000095367,1.4114659126427716e-13,0.0
31334.650000095367,1.0865773179979126e-13,0.0
31335.650000095367,1.1214861825571483e-13,0.0
31336.650000095367,1.360869015452219e-13,0.0
31337.650000095367,9.350811791531743e-14,0.0
31338.650000095367,1.4164955888818907e-13,0.0
31339.650000095367,1.321720921175361e-13,0.0
31340.650000095367,1.1606221261896144e-13,0.0
31341.650000095367,1.2553877543124735e-13,0.0
31342.650000095367,1.1047137206561821e-13,0.0
31343.650000095367,1.217916364298473e-13,0.0
31344.650000095367,1.3320162787127185e-13,0.0
31345.650000095367,1.4039078387293486e-13,0.0
31346.650000095367,1.215054120964176e-13,0.0
31347.650000095367,1.271005541234678e-13,0.0
31348.650000095367,1.2060155750790228e-13,0.0
31349.650000095367,1.1780648799018544e-13,0.0
31350.650000095367,1.286531163781606e-13,0.0
