gj_674/combined/gj674_const_res_v1.ecsv
# %ECSV 0.9
# ---
# datatype:
# - {name: WAVELENGTH, unit: Angstrom, datatype: float64}
# - {name: FLUX, unit: erg / (Angstrom cm2 s), datatype: float64}
# - {name: ERROR, unit: erg / (Angstrom cm2 s), datatype: float64}
# delimiter: ','
# schema: astropy-2.0
WAVELENGTH,FLUX,ERROR
[from data line 33826]
33828.65000009537,1.0637159704473676e-13,0.0
33829.65000009537,1.1119302450871619e-13,0.0
33830.65000009537,1.1319957770985118e-13,0.0
33831.65000009537,1.0419815055892529e-13,0.0
33832.65000009537,1.0770794669385601e-13,0.0
33833.65000009537,1.080782368612473e-13,0.0
33834.65000009537,1.0977029827491072e-13,0.0
33835.65000009537,1.0922139194386365e-13,0.0
33836.65000009537,1.0985194121330886e-13,0.0
33837.65000009537,1.0280862061023875e-13,0.0
33838.65000009537,1.1029743512232343e-13,0.0
33839.65000009537,1.0232593200112853e-13,0.0
33840.65000009537,1.0676658994749886e-13,0.0
33841.65000009537,1.0856164771727498e-13,0.0
33842.65000009537,1.0138346695392905e-13,0.0
33843.65000009537,1.080015695870846e-13,0.0
33844.65000009537,1.1304030853364323e-13,0.0
33845.65000009537,1.1335600286210183e-13,0.0
33846.65000009537,1.0321990163268361e-13,0.0
33847.65000009537,1.0848386322375682e-13,0.0
33848.65000009537,1.0830732888874507e-13,0.0
33849.65000009537,9.244553802288708e-14,0.0
33850.65000009537,9.695179950790737e-14,0.0
33851.65000009537,1.0233745767664965e-13,0.0
33852.65000009537,1.143461024145261e-13,0.0
33853.65000009537,1.0749099659152242e-13,0.0
33854.65000009537,1.0871896866753254e-13,0.0
33855.65000009537,1.0704134334215416e-13,0.0
33856.65000009537,9.853972198069702e-14,0.0
33857.65000009537,1.1217283511573675e-13,0.0
33858.65000009537,1.0269673011891926e-13,0.0
33859.65000009537,9.714601223722537e-14,0.0
33860.65000009537,1.1244213843251975e-13,0.0
33861.65000009537,1.1175688995669294e-13,0.0
33862.65000009537,9.740543935140009e-14,0.0
33863.65000009537,9.793867038032873e-14,0.0
33864.65000009537,9.879475210651021e-14,0.0
33865.65000009537,1.1243203925966944e-13,0.0
33866.65000009537,1.1584285053317346e-13,0.0
33867.65000009537,1.1168154568334199e-13,0.0
33868.65000009537,1.0838885400902084e-13,0.0
33869.65000009537,1.0034805132130175e-13,0.0
33870.65000009537,1.0426046128925874e-13,0.0
33871.65000009537,1.0513657099627937e-13,0.0
33872.65000009537,1.0320152237566144e-13,0.0
33873.65000009537,1.0429140187705726e-13,0.0
33874.65000009537,1.0505554444028698e-13,0.0
33875.65000009537,1.1459205148446814e-13,0.0
33876.65000009537,1.1104335143578105e-13,0.0
33877.65000009537,1.001033998985656e-13,0.0
33878.65000009537,1.0046460959984205e-13,0.0
33879.65000009537,1.1326496182868937e-13,0.0
33880.65000009537,9.748578894137948e-14,0.0
33881.65000009537,1.0995053033586447e-13,0.0
33882.65000009537,1.0968412784197269e-13,0.0
33883.65000009537,9.728693762713561e-14,0.0
33884.65000009537,1.1161799476046188e-13,0.0
33885.65000009537,1.0035829434974506e-13,0.0
33886.65000009537,1.0344513415573507e-13,0.0
33887.65000009537,1.0859574326901781e-13,0.0
33888.65000009537,1.0486196106635908e-13,0.0
33889.65000009537,9.652137559382471e-14,0.0
33890.65000009537,1.161611316755468e-13,0.0
33891.65000009537,1.1563613708486488e-13,0.0
33892.65000009537,1.1367290133887287e-13,0.0
33893.65000009537,1.1192537124475567e-13,0.0
33894.65000009537,1.0010095217909656e-13,0.0
33895.65000009537,1.0879207248013081e-13,0.0
33896.65000009537,9.927873366198023e-14,0.0
33897.65000009537,1.1012752475884873e-13,0.0
33898.65000009537,9.064358750704724e-14,0.0
33899.65000009537,1.0278537374400218e-13,0.0
33900.65000009537,1.0844988375712451e-13,0.0
33901.65000009537,1.067773401828548e-13,0.0
33902.65000009537,1.0267580485525732e-13,0.0
33903.65000009537,1.0763807331160501e-13,0.0
33904.65000009537,1.0623238370123304e-13,0.0
33905.65000009537,1.0645545588065219e-13,0.0
33906.65000009537,1.1036904570549664e-13,0.0
33907.65000009537,1.1358386624172351e-13,0.0
33908.65000009537,1.047379343167798e-13,0.0
33909.65000009537,1.0765798407130538e-13,0.0
33910.65000009537,1.111170304866791e-13,0.0
33911.65000009537,1.1346449933358975e-13,0.0
33912.65000009537,1.1180033763538484e-13,0.0
33913.65000009537,1.092765039910897e-13,0.0
33914.65000009537,1.0750975028665837e-13,0.0
33915.65000009537,1.0941517130885398e-13,0.0
33916.65000009537,1.0813820672903053e-13,0.0
33917.65000009537,1.1022753723000201e-13,0.0
33918.65000009537,9.185179734853356e-14,0.0
33919.65000009537,9.084954315078877e-14,0.0
33920.65000009537,9.510554887330974e-14,0.0
33921.65000009537,1.0559941779675489e-13,0.0
33922.65000009537,1.0279570171087335e-13,0.0
33923.65000009537,9.892695747134899e-14,0.0
33924.65000009537,1.0685729815713305e-13,0.0
33925.65000009537,1.0598482254742697e-13,0.0
33926.65000009537,1.056008748419317e-13,0.0
33927.65000009537,1.049130067120921e-13,0.0
33928.65000009537,6.810506327888974e-14,0.0
33929.65000009537,1.0231128359200017e-13,0.0
33930.65000009537,9.779881614990294e-14,0.0
33931.65000009537,9.898355565739664e-14,0.0
33932.65000009537,9.327439996551814e-14,0.0
33933.65000009537,1.0797647527153285e-13,0.0
33934.65000009537,1.0485348073132967e-13,0.0
33935.65000009537,8.361060527220019e-14,0.0
33936.65000009537,9.93826405733572e-14,0.0
33937.65000009537,1.0308507807105523e-13,0.0
33938.65000009537,1.037258505841614e-13,0.0
33939.65000009537,1.117011342954491e-13,0.0
33940.65000009537,1.0021414245102325e-13,0.0
33941.65000009537,1.0754301601902302e-13,0.0
33942.65000009537,1.0441905430036064e-13,0.0
33943.65000009537,1.1014462719012404e-13,0.0
33944.65000009537,8.405715781049245e-14,0.0
33945.65000009537,9.058267798234864e-14,0.0
33946.65000009537,1.0411374108295257e-13,0.0
33947.65000009537,1.0138814819125089e-13,0.0
33948.65000009537,9.354263243916118e-14,0.0
33949.65000009537,8.108253838860206e-14,0.0
33950.65000009537,1.0065245514634357e-13,0.0
33951.65000009537,1.0444419491854431e-13,0.0
33952.65000009537,1.0642174458822522e-13,0.0
33953.65000009537,1.0644268850767435e-13,0.0
33954.65000009537,9.991522732754459e-14,0.0
33955.65000009537,1.0515738251811507e-13,0.0
33956.65000009537,9.047289397639428e-14,0.0
33957.65000009537,1.0004855573450753e-13,0.0
33958.65000009537,1.043326894635298e-13,0.0
33959.65000009537,1.0003806509866851e-13,0.0
33960.65000009537,9.605912628912636e-14,0.0
33961.65000009537,6.576695037035962e-14,0.0
33962.65000009537,9.42942428940546e-14,0.0
33963.65000009537,9.570932481660485e-14,0.0
33964.65000009537,9.180736158221156e-14,0.0
33965.65000009537,9.009188193958244e-14,0.0
33966.65000009537,1.0336796328041053e-13,0.0
33967.65000009537,1.0978229620226982e-13,0.0
33968.65000009537,1.0672430352969082e-13,0.0
33969.65000009537,1.0597546225953678e-13,0.0
33970.65000009537,1.043205246609925e-13,0.0
33971.65000009537,9.753235488346903e-14,0.0
33972.65000009537,1.0398462231100207e-13,0.0
33973.65000009537,9.85996546095572e-14,0.0
33974.65000009537,7.202142878949801e-14,0.0
33975.65000009537,6.608623941491866e-14,0.0
33976.65000009537,9.502704886013467e-14,0.0
33977.65000009537,1.0283953097868769e-13,0.0
33978.65000009537,1.0427095422062215e-13,0.0
33979.65000009537,9.445631537783184e-14,0.0
33980.65000009537,1.0753864099069003e-13,0.0
33981.65000009537,1.0291132063090668e-13,0.0
33982.65000009537,1.0738878079392163e-13,0.0
33983.65000009537,1.1170191344500134e-13,0.0
33984.65000009537,1.1138270940657824e-13,0.0
33985.65000009537,1.1427497097611463e-13,0.0
33986.65000009537,1.0832067885405179e-13,0.0
33987.65000009537,9.79234544976774e-14,0.0
33988.65000009537,1.0445881752004104e-13,0.0
33989.65000009537,9.38489611136647e-14,0.0
33990.65000009537,8.877309734679329e-14,0.0
33991.65000009537,8.505565896601099e-14,0.0
33992.65000009537,8.666461439618459e-14,0.0
33993.65000009537,8.877726728740658e-14,0.0
33994.65000009537,1.0442756431248532e-13,0.0
33995.65000009537,1.0598779643418999e-13,0.0
33996.65000009537,1.066942519820929e-13,0.0
33997.65000009537,9.765011446230267e-14,0.0
33998.65000009537,9.840852853201871e-14,0.0
33999.65000009537,1.0559631493722622e-13,0.0
34000.65000009537,1.0542571709182516e-13,0.0
34001.65000009537,9.658769372353191e-14,0.0
34002.65000009537,1.1278192921016417e-13,0.0
34003.65000009537,1.0837233743958471e-13,0.0
34004.65000009537,1.0380658229441036e-13,0.0
34005.65000009537,1.1280937417647744e-13,0.0
34006.65000009537,9.873600214684636e-14,0.0
34007.65000009537,1.1084092314058029e-13,0.0
34008.65000009537,1.0338172675549554e-13,0.0
34009.65000009537,1.067460657892289e-13,0.0
34010.65000009537,9.929804121920093e-14,0.0
34011.65000009537,9.155966567618174e-14,0.0
34012.65000009537,1.0394006101919902e-13,0.0
34013.65000009537,1.0567819899077179e-13,0.0
34014.65000009537,1.0601548830828572e-13,0.0
34015.65000009537,9.404039077350543e-14,0.0
34016.65000009537,1.1230438971034097e-13,0.0
34017.65000009537,1.0014766459125813e-13,0.0
34018.65000009537,1.0370492133955823e-13,0.0
34019.65000009537,1.086702741181178e-13,0.0
34020.65000009537,1.01439281567265e-13,0.0
34021.65000009537,1.0327028552381218e-13,0.0
34022.65000009537,1.1370539511797247e-13,0.0
34023.65000009537,1.0739413720204995e-13,0.0
34024.65000009537,1.0923660840564403e-13,0.0
34025.65000009537,1.0180103520474207e-13,0.0
34026.65000009537,9.717431496439718e-14,0.0
34027.65000009537,1.0075727678256596e-13,0.0
34028.65000009537,9.960798616221926e-14,0.0
34029.65000009537,1.0909244938995328e-13,0.0
34030.65000009537,1.0181277670924508e-13,0.0
34031.65000009537,1.0369724621824565e-13,0.0
34032.65000009537,1.0444482159741804e-13,0.0
34033.65000009537,9.543346672680639e-14,0.0
34034.65000009537,1.0556036761634231e-13,0.0
34035.65000009537,1.0571160525702109e-13,0.0
34036.65000009537,1.0797179977449274e-13,0.0
34037.65000009537,9.908550333489303e-14,0.0
34038.65000009537,9.85748272796513e-14,0.0
34039.65000009537,9.819906047458747e-14,0.0
34040.65000009537,8.511274606641334e-14,0.0
34041.65000009537,1.1019201377436762e-13,0.0
34042.65000009537,1.0478541446482405e-13,0.0
34043.65000009537,9.986712116712565e-14,0.0
34044.65000009537,1.0627193996032512e-13,0.0
34045.65000009537,1.0942375784410136e-13,0.0
34046.65000009537,1.1131700099287478e-13,0.0
34047.65000009537,1.0544497482445387e-13,0.0
34048.65000009537,1.117195124025253e-13,0.0
34049.65000009537,1.019000554753442e-13,0.0
34050.65000009537,1.0206021968757618e-13,0.0
34051.65000009537,1.0783197687305091e-13,0.0
34052.65000009537,8.968112958719094e-14,0.0
34053.65000009537,1.0949480469457399e-13,0.0
34054.65000009537,1.0228597290622254e-13,0.0
34055.65000009537,9.52695683525718e-14,0.0
34056.65000009537,1.0521555634917346e-13,0.0
34057.65000009537,1.098931487871225e-13,0.0
34058.65000009537,1.0868911210356051e-13,0.0
34059.65000009537,9.781886554000834e-14,0.0
34060.65000009537,1.0057382558455863e-13,0.0
34061.65000009537,9.274735760749765e-14,0.0
34062.65000009537,1.044224423510072e-13,0.0
34063.65000009537,7.547752479009542e-14,0.0
34064.65000009537,9.742822461499562e-14,0.0
34065.65000009537,1.0803394009663266e-13,0.0
34066.65000009537,1.0313027490086359e-13,0.0
34067.65000009537,1.0314533813508481e-13,0.0
34068.65000009537,8.816467912652063e-14,0.0
34069.65000009537,9.958370858496757e-14,0.0
34070.65000009537,1.0261741914456521e-13,0.0
34071.65000009537,1.0465126248019858e-13,0.0
34072.65000009537,1.1012173023071679e-13,0.0
34073.65000009537,1.1105080534655757e-13,0.0
34074.65000009537,1.0656556155803867e-13,0.0
34075.65000009537,1.0459885143497363e-13,0.0
34076.65000009537,9.290081681909212e-14,0.0
34077.65000009537,9.558899262734476e-14,0.0
34078.65000009537,9.730881837693702e-14,0.0
34079.65000009537,1.1478517859747652e-13,0.0
34080.65000009537,1.0748179055351862e-13,0.0
34081.65000009537,8.266565687947539e-14,0.0
34082.65000009537,1.0425497984448743e-13,0.0
34083.65000009537,9.864123560875016e-14,0.0
34084.65000009537,1.0415153888257355e-13,0.0
34085.65000009537,1.070255763598574e-13,0.0
34086.65000009537,8.646337351595688e-14,0.0
34087.65000009537,1.0341940995644239e-13,0.0
34088.65000009537,9.17808612074576e-14,0.0
34089.65000009537,9.692472712215027e-14,0.0
34090.65000009537,9.892101034622574e-14,0.0
34091.65000009537,1.0426162945585215e-13,0.0
34092.65000009537,1.078095835784724e-13,0.0
34093.65000009537,9.474188088887162e-14,0.0
34094.65000009537,1.0503863689453051e-13,0.0
34095.65000009537,1.0814908043423466e-13,0.0
34096.65000009537,1.0342029356243771e-13,0.0
34097.65000009537,9.306798403932739e-14,0.0
34098.65000009537,9.832746420206254e-14,0.0
34099.65000009537,1.0185579697809471e-13,0.0
34100.65000009537,1.0841857591703285e-13,0.0
34101.65000009537,1.0642207517879817e-13,0.0
34102.65000009537,9.385297706379587e-14,0.0
34103.65000009537,1.1023525443206436e-13,0.0
34104.65000009537,1.0653559503667234e-13,0.0
34105.65000009537,1.0875148111741107e-13,0.0
34106.65000009537,9.469143970485793e-14,0.0
34107.65000009537,1.077662637468843e-13,0.0
34108.65000009537,1.0708184168234076e-13,0.0
34109.65000009537,9.607727375600003e-14,0.0
34110.65000009537,9.598449947946638e-14,0.0
34111.65000009537,1.1155326016355223e-13,0.0
34112.65000009537,1.0422107047095239e-13,0.0
34113.65000009537,9.045089874609785e-14,0.0
34114.65000009537,9.595772811924747e-14,0.0
34115.65000009537,1.0406754908900758e-13,0.0
34116.65000009537,1.0467174932156303e-13,0.0
34117.65000009537,1.1304860120165634e-13,0.0
34118.65000009537,1.1267464682774856e-13,0.0
34119.65000009537,1.0130179051230839e-13,0.0
34120.65000009537,1.0618824598262665e-13,0.0
34121.65000009537,1.0864793276879722e-13,0.0
34122.65000009537,8.246288580417063e-14,0.0
34123.65000009537,1.0668904881957197e-13,0.0
34124.65000009537,1.0925375574263529e-13,0.0
34125.65000009537,1.0186714052844907e-13,0.0
34126.65000009537,1.094298642934033e-13,0.0
34127.65000009537,1.0320069480144974e-13,0.0
34128.65000009537,1.0504725239295958e-13,0.0
34129.65000009537,1.0117589418096809e-13,0.0
34130.65000009537,1.0584009094044863e-13,0.0
34131.65000009537,9.791508222503686e-14,0.0
34132.65000009537,1.0403921509748261e-13,0.0
34133.65000009537,1.0150521548649116e-13,0.0
34134.65000009537,1.0142679257712381e-13,0.0
34135.65000009537,9.142839652914205e-14,0.0
34136.65000009537,1.0458987334518938e-13,0.0
34137.65000009537,1.0025464300751997e-13,0.0
34138.65000009537,8.964115465931156e-14,0.0
34139.65000009537,1.0419619615206266e-13,0.0
34140.65000009537,1.0209408496259485e-13,0.0
34141.65000009537,8.860273461934969e-14,0.0
34142.65000009537,1.0742150515831466e-13,0.0
34143.65000009537,8.540317731573186e-14,0.0
34144.65000009537,1.0024270927088538e-13,0.0
34145.65000009537,9.929919828832362e-14,0.0
34146.65000009537,1.0846198219863204e-13,0.0
34147.65000009537,1.0159707181337655e-13,0.0
34148.65000009537,1.0456492373023932e-13,0.0
34149.65000009537,1.0819824831467247e-13,0.0
34150.65000009537,9.814567179787772e-14,0.0
34151.65000009537,8.849641365911652e-14,0.0
34152.65000009537,1.0084774623820552e-13,0.0
34153.65000009537,9.739131220239446e-14,0.0
34154.65000009537,8.995830388463887e-14,0.0
34155.65000009537,1.0397787806727254e-13,0.0
34156.65000009537,1.0382595284255196e-13,0.0
34157.65000009537,1.0040011693369248e-13,0.0
34158.65000009537,1.0621520903254334e-13,0.0
34159.65000009537,1.0722567192028811e-13,0.0
34160.65000009537,9.680517460432128e-14,0.0
34161.65000009537,1.0874510681494329e-13,0.0
34162.65000009537,1.0230708428227828e-13,0.0
34163.65000009537,1.0347293567063481e-13,0.0
34164.65000009537,1.045675776955037e-13,0.0
34165.65000009537,1.0624828349176637e-13,0.0
34166.65000009537,1.1239487110055859e-13,0.0
34167.65000009537,1.0511354444884709e-13,0.0
34168.65000009537,9.884431589099534e-14,0.0
34169.65000009537,1.087270351881948e-13,0.0
34170.65000009537,9.832731760387836e-14,0.0
34171.65000009537,1.0011958910758182e-13,0.0
34172.65000009537,9.997136461129943e-14,0.0
34173.65000009537,9.991576311557e-14,0.0
34174.65000009537,1.0153416206590494e-13,0.0
34175.65000009537,9.699992539216694e-14,0.0
34176.65000009537,1.0263732284738168e-13,0.0
34177.65000009537,8.307554541619567e-14,0.0
34178.65000009537,1.0261457648295854e-13,0.0
34179.65000009537,1.0510025652320558e-13,0.0
34180.65000009537,1.0299036312218307e-13,0.0
34181.65000009537,1.0818514762834575e-13,0.0
34182.65000009537,1.0834596456303442e-13,0.0
34183.65000009537,8.318519306984676e-14,0.0
34184.65000009537,9.521347753895107e-14,0.0
34185.65000009537,1.0811725325517716e-13,0.0
