gj_674/combined/gj674_const_res_v1.ecsv
# %ECSV 0.9
# ---
# datatype:
# - {name: WAVELENGTH, unit: Angstrom, datatype: float64}
# - {name: FLUX, unit: erg / (Angstrom cm2 s), datatype: float64}
# - {name: ERROR, unit: erg / (Angstrom cm2 s), datatype: float64}
# delimiter: ','
# schema: astropy-2.0
WAVELENGTH,FLUX,ERROR
[from data line 29950]
29952.650000095367,1.3405828513189713e-13,0.0
29953.650000095367,1.5165755195244541e-13,0.0
29954.650000095367,1.4823182752738605e-13,0.0
29955.650000095367,1.641839192254671e-13,0.0
29956.650000095367,1.3933776857913807e-13,0.0
29957.650000095367,1.1483550673653545e-13,0.0
29958.650000095367,1.6062859748693722e-13,0.0
29959.650000095367,1.5984412636059915e-13,0.0
29960.650000095367,1.3527572399471907e-13,0.0
29961.650000095367,1.33923259159875e-13,0.0
29962.650000095367,1.1786071418113367e-13,0.0
29963.650000095367,1.3500256052752865e-13,0.0
29964.650000095367,1.521721076361005e-13,0.0
29965.650000095367,1.314522219911592e-13,0.0
29966.650000095367,1.1942069488534897e-13,0.0
29967.650000095367,1.1513922458285117e-13,0.0
29968.650000095367,1.2554325975429685e-13,0.0
29969.650000095367,1.3124744546480292e-13,0.0
29970.650000095367,1.6768832807189647e-13,0.0
29971.650000095367,1.4961947169586672e-13,0.0
29972.650000095367,1.2201077029153863e-13,0.0
29973.650000095367,1.6173373958220242e-13,0.0
29974.650000095367,1.4927353557306825e-13,0.0
29975.650000095367,1.4671538362824543e-13,0.0
29976.650000095367,1.2684673524189335e-13,0.0
29977.650000095367,1.1537668163413885e-13,0.0
29978.650000095367,1.553840074754073e-13,0.0
29979.650000095367,1.5951775191070727e-13,0.0
29980.650000095367,1.677040745062233e-13,0.0
29981.650000095367,1.668757959275879e-13,0.0
29982.650000095367,1.6798383068249977e-13,0.0
29983.650000095367,1.3342758498537338e-13,0.0
29984.650000095367,1.2041024254956472e-13,0.0
29985.650000095367,1.539262806136627e-13,0.0
29986.650000095367,1.618279153297892e-13,0.0
29987.650000095367,1.1379826983824176e-13,0.0
29988.650000095367,1.3123512724736326e-13,0.0
29989.650000095367,1.553724818340283e-13,0.0
29990.650000095367,1.0982630673264171e-13,0.0
29991.650000095367,1.3292609720773892e-13,0.0
29992.650000095367,1.3477007868801398e-13,0.0
29993.650000095367,1.4479813923066433e-13,0.0
29994.650000095367,1.466428476563891e-13,0.0
29995.650000095367,1.5049130757574868e-13,0.0
29996.650000095367,1.6088155633441194e-13,0.0
29997.650000095367,1.4160917147414346e-13,0.0
29998.650000095367,1.3381845038622465e-13,0.0
29999.650000095367,9.34613814526093e-14,0.0
30000.650000095367,1.448847954439086e-13,0.0
30001.650000095367,1.2464592462856927e-13,0.0
30002.650000095367,1.3340226285851422e-13,0.0
30003.650000095367,1.492355947667869e-13,0.0
30004.650000095367,1.6208580533136652e-13,0.0
30005.650000095367,1.0429957865095249e-13,0.0
30006.650000095367,1.5283881769436255e-13,0.0
30007.650000095367,1.665841831300711e-13,0.0
30008.650000095367,1.5757921178488862e-13,0.0
30009.650000095367,1.6355383331753724e-13,0.0
30010.650000095367,1.2435056222407079e-13,0.0
30011.650000095367,1.5547175201907673e-13,0.0
30012.650000095367,1.4213141029492264e-13,0.0
30013.650000095367,1.3980724812538158e-13,0.0
30014.650000095367,1.412168738843815e-13,0.0
30015.650000095367,1.5944149081362245e-13,0.0
30016.650000095367,1.507029638340304e-13,0.0
30017.650000095367,1.3844620987425266e-13,0.0
30018.650000095367,1.234287609719268e-13,0.0
30019.650000095367,1.3228837657905e-13,0.0
30020.650000095367,1.4740350538783452e-13,0.0
30021.650000095367,1.0933635153113522e-13,0.0
30022.650000095367,1.3556019290392746e-13,0.0
30023.650000095367,1.1838507098648266e-13,0.0
30024.650000095367,1.4024556758828438e-13,0.0
30025.650000095367,1.5829184031432754e-13,0.0
30026.650000095367,1.1644327430063914e-13,0.0
30027.650000095367,1.6112112380291733e-13,0.0
30028.650000095367,1.5812552392569554e-13,0.0
30029.650000095367,1.5271938682833384e-13,0.0
30030.650000095367,1.3945610826516065e-13,0.0
30031.650000095367,1.1051432067285192e-13,0.0
30032.650000095367,1.5414965428777596e-13,0.0
30033.650000095367,1.2494708078920708e-13,0.0
30034.650000095367,1.4568208188973964e-13,0.0
30035.650000095367,1.1248548804515286e-13,0.0
30036.650000095367,1.2470357327662474e-13,0.0
30037.650000095367,1.285258595796297e-13,0.0
30038.650000095367,1.437171975743977e-13,0.0
30039.650000095367,1.2592830086416302e-13,0.0
30040.650000095367,1.3531356469293446e-13,0.0
30041.650000095367,1.5820710001607363e-13,0.0
30042.650000095367,1.5368063621962172e-13,0.0
30043.650000095367,1.4210539718480595e-13,0.0
30044.650000095367,1.3452432167210877e-13,0.0
30045.650000095367,1.4276102508157259e-13,0.0
30046.650000095367,1.0275735148879948e-13,0.0
30047.650000095367,1.2914314176211315e-13,0.0
30048.650000095367,1.3551025115751887e-13,0.0
30049.650000095367,1.1063209220937268e-13,0.0
30050.650000095367,1.5234903759138915e-13,0.0
30051.650000095367,1.3009750369966918e-13,0.0
30052.650000095367,1.5940019010057586e-13,0.0
30053.650000095367,1.5188620131126774e-13,0.0
30054.650000095367,1.3871596694050695e-13,0.0
30055.650000095367,1.4841935349992566e-13,0.0
30056.650000095367,1.4300983264130077e-13,0.0
30057.650000095367,1.525072751370954e-13,0.0
30058.650000095367,1.5400988264727105e-13,0.0
30059.650000095367,1.4411811542096363e-13,0.0
30060.650000095367,1.610667990031922e-13,0.0
30061.650000095367,1.1462308001127854e-13,0.0
30062.650000095367,1.5159232794038905e-13,0.0
30063.650000095367,1.5640692714450363e-13,0.0
30064.650000095367,1.2487005295236225e-13,0.0
30065.650000095367,1.5135336177149794e-13,0.0
30066.650000095367,1.4080916935717617e-13,0.0
30067.650000095367,1.3349462237620525e-13,0.0
30068.650000095367,1.4082547805446903e-13,0.0
30069.650000095367,1.6672870852999232e-13,0.0
30070.650000095367,1.4554786184607717e-13,0.0
30071.650000095367,1.2220865883726258e-13,0.0
30072.650000095367,1.3640308425939867e-13,0.0
30073.650000095367,1.151649524865762e-13,0.0
30074.650000095367,1.4907588603966847e-13,0.0
30075.650000095367,1.3866609246873365e-13,0.0
30076.650000095367,1.0932165859733783e-13,0.0
30077.650000095367,1.2075844788506338e-13,0.0
30078.650000095367,1.0753158097650119e-13,0.0
30079.650000095367,1.3216812646613004e-13,0.0
30080.650000095367,1.014565455003951e-13,0.0
30081.650000095367,1.1329156209954164e-13,0.0
30082.650000095367,1.2761867113033614e-13,0.0
30083.650000095367,1.1769222502309737e-13,0.0
30084.650000095367,9.974327500446521e-14,0.0
30085.650000095367,1.364622048786609e-13,0.0
30086.650000095367,1.5112629948110615e-13,0.0
30087.650000095367,1.414635507556743e-13,0.0
30088.650000095367,1.2075926902281934e-13,0.0
30089.650000095367,1.3281582123292462e-13,0.0
30090.650000095367,1.3670346254911207e-13,0.0
30091.650000095367,1.2114922493826041e-13,0.0
30092.650000095367,1.1364335028264992e-13,0.0
30093.650000095367,1.3613640665121176e-13,0.0
30094.650000095367,1.1360323232238761e-13,0.0
30095.650000095367,1.3335789564861119e-13,0.0
30096.650000095367,1.4516911397265391e-13,0.0
30097.650000095367,1.5504072346675579e-13,0.0
30098.650000095367,1.2093929284072738e-13,0.0
30099.650000095367,1.0212784070468042e-13,0.0
30100.650000095367,9.52128541433996e-14,0.0
30101.650000095367,1.4316595132448695e-13,0.0
30102.650000095367,1.3456220632487395e-13,0.0
30103.650000095367,1.436621950310505e-13,0.0
30104.650000095367,1.1948646641611625e-13,0.0
30105.650000095367,1.30062352203179e-13,0.0
30106.650000095367,1.5903004366131793e-13,0.0
30107.650000095367,1.209323851690499e-13,0.0
30108.650000095367,1.499669552631085e-13,0.0
30109.650000095367,1.418281086633712e-13,0.0
30110.650000095367,1.372574693888813e-13,0.0
30111.650000095367,1.5839208568448907e-13,0.0
30112.650000095367,1.0934870417158781e-13,0.0
30113.650000095367,1.4117683902347784e-13,0.0
30114.650000095367,1.276634619758919e-13,0.0
30115.650000095367,9.847796121421808e-14,0.0
30116.650000095367,1.4409094102574074e-13,0.0
30117.650000095367,1.4363408906122371e-13,0.0
30118.650000095367,1.5992737386384211e-13,0.0
30119.650000095367,1.5122343468211377e-13,0.0
30120.650000095367,1.0362917046958466e-13,0.0
30121.650000095367,1.3566479898706288e-13,0.0
30122.650000095367,1.537022841871808e-13,0.0
30123.650000095367,1.318063675291399e-13,0.0
30124.650000095367,1.2964239169195857e-13,0.0
30125.650000095367,1.648404535940313e-13,0.0
30126.650000095367,1.3826836122019919e-13,0.0
30127.650000095367,1.133956503376073e-13,0.0
30128.650000095367,1.2376876752265785e-13,0.0
30129.650000095367,1.3007158818880384e-13,0.0
30130.650000095367,1.5221714959532057e-13,0.0
30131.650000095367,1.315096335072452e-13,0.0
30132.650000095367,1.3865668445913995e-13,0.0
30133.650000095367,1.3627300025070328e-13,0.0
30134.650000095367,1.2585121675669406e-13,0.0
30135.650000095367,1.4276561198438718e-13,0.0
30136.650000095367,1.369697294648337e-13,0.0
30137.650000095367,1.6160857645145794e-13,0.0
30138.650000095367,1.5904869209451576e-13,0.0
30139.650000095367,1.315868951449263e-13,0.0
30140.650000095367,1.2278016794875764e-13,0.0
30141.650000095367,1.6030774489650846e-13,0.0
30142.650000095367,1.584580109399474e-13,0.0
30143.650000095367,1.5263973520078898e-13,0.0
30144.650000095367,1.2069659120417992e-13,0.0
30145.650000095367,1.2577086319604807e-13,0.0
30146.650000095367,1.6358700693624941e-13,0.0
30147.650000095367,1.6694751476260498e-13,0.0
30148.650000095367,1.6394590231512362e-13,0.0
30149.650000095367,1.6625888243680877e-13,0.0
30150.650000095367,1.6694373046582016e-13,0.0
30151.650000095367,1.211664084604317e-13,0.0
30152.650000095367,1.6101215175843254e-13,0.0
30153.650000095367,1.490165435460663e-13,0.0
30154.650000095367,1.3347438125235072e-13,0.0
30155.650000095367,1.484614103242965e-13,0.0
30156.650000095367,1.5110368698893036e-13,0.0
30157.650000095367,1.0188882734588915e-13,0.0
30158.650000095367,1.55075150734038e-13,0.0
30159.650000095367,1.5488084700095607e-13,0.0
30160.650000095367,1.5557394242851353e-13,0.0
30161.650000095367,1.4093496643970452e-13,0.0
30162.650000095367,1.5908242202721507e-13,0.0
30163.650000095367,1.497297706666312e-13,0.0
30164.650000095367,1.6305702630101206e-13,0.0
30165.650000095367,1.512490573485073e-13,0.0
30166.650000095367,1.2475263873565078e-13,0.0
30167.650000095367,1.4440871329988517e-13,0.0
30168.650000095367,1.269784456426718e-13,0.0
30169.650000095367,1.5472266588890378e-13,0.0
30170.650000095367,1.5736254544313592e-13,0.0
30171.650000095367,1.2377947841330822e-13,0.0
30172.650000095367,1.200879905240951e-13,0.0
30173.650000095367,1.2562017500430216e-13,0.0
30174.650000095367,1.3051084888130164e-13,0.0
30175.650000095367,1.5538199735107976e-13,0.0
30176.650000095367,1.2713849534161752e-13,0.0
30177.650000095367,1.5438178602821788e-13,0.0
30178.650000095367,1.3476831442369889e-13,0.0
30179.650000095367,1.266483810054008e-13,0.0
30180.650000095367,1.4070947744924215e-13,0.0
30181.650000095367,1.6674447940208105e-13,0.0
30182.650000095367,1.6573560421146157e-13,0.0
30183.650000095367,1.1988376963018456e-13,0.0
30184.650000095367,1.3747310964563505e-13,0.0
30185.650000095367,1.4714993701496103e-13,0.0
30186.650000095367,1.125388341002731e-13,0.0
30187.650000095367,1.2475665823862828e-13,0.0
30188.650000095367,1.5820700249068816e-13,0.0
30189.650000095367,1.6206774237304614e-13,0.0
30190.650000095367,1.492992416568347e-13,0.0
30191.650000095367,1.5200290273335706e-13,0.0
30192.650000095367,1.196770993140188e-13,0.0
30193.650000095367,1.2371523677475368e-13,0.0
30194.650000095367,1.496498436109708e-13,0.0
30195.650000095367,1.2609657333461714e-13,0.0
30196.650000095367,1.5194680546816298e-13,0.0
30197.650000095367,1.5518561448279283e-13,0.0
30198.650000095367,1.3326986525801398e-13,0.0
30199.650000095367,1.5509177862186798e-13,0.0
30200.650000095367,1.4381974541534484e-13,0.0
30201.650000095367,1.2538513296029066e-13,0.0
30202.650000095367,1.1913683606893778e-13,0.0
30203.650000095367,1.156295536390417e-13,0.0
30204.650000095367,1.46549090573393e-13,0.0
30205.650000095367,1.1129141482311493e-13,0.0
30206.650000095367,1.319970345148486e-13,0.0
30207.650000095367,1.475974924755412e-13,0.0
30208.650000095367,1.5541509473967145e-13,0.0
30209.650000095367,1.2654907587742214e-13,0.0
30210.650000095367,1.474436333015152e-13,0.0
30211.650000095367,1.4475328674094316e-13,0.0
30212.650000095367,1.6170433964333004e-13,0.0
30213.650000095367,1.4417338321169102e-13,0.0
30214.650000095367,1.4855929433281828e-13,0.0
30215.650000095367,1.3420160790805819e-13,0.0
30216.650000095367,9.869067070388249e-14,0.0
30217.650000095367,1.2460049228882097e-13,0.0
30218.650000095367,1.3544409120483416e-13,0.0
30219.650000095367,1.6252207207280404e-13,0.0
30220.650000095367,1.1226358746148319e-13,0.0
30221.650000095367,1.2655350557553229e-13,0.0
30222.650000095367,1.273750376547102e-13,0.0
30223.650000095367,1.3147141804252445e-13,0.0
30224.650000095367,1.4124978567277066e-13,0.0
30225.650000095367,1.5279276266551796e-13,0.0
30226.650000095367,1.4126338293253353e-13,0.0
30227.650000095367,1.0821245864359102e-13,0.0
30228.650000095367,1.420171058974839e-13,0.0
30229.650000095367,1.5062565719309515e-13,0.0
30230.650000095367,1.243675493681275e-13,0.0
30231.650000095367,1.514094520614636e-13,0.0
30232.650000095367,1.5084225055679156e-13,0.0
30233.650000095367,1.4446893777604887e-13,0.0
30234.650000095367,1.4280422653288624e-13,0.0
30235.650000095367,1.532067844290364e-13,0.0
30236.650000095367,1.3851133221329872e-13,0.0
30237.650000095367,1.0139583519042273e-13,0.0
30238.650000095367,1.2390294024514216e-13,0.0
30239.650000095367,1.2623732862476812e-13,0.0
30240.650000095367,1.197604157491934e-13,0.0
30241.650000095367,1.382707983395483e-13,0.0
30242.650000095367,1.284781103684142e-13,0.0
30243.650000095367,1.4441541484124734e-13,0.0
30244.650000095367,1.4918320783030956e-13,0.0
30245.650000095367,1.5329089845568837e-13,0.0
30246.650000095367,1.3935695825016474e-13,0.0
30247.650000095367,1.4584319986409625e-13,0.0
30248.650000095367,1.5739234164439364e-13,0.0
30249.650000095367,1.4345798043743909e-13,0.0
30250.650000095367,1.3217768418759005e-13,0.0
30251.650000095367,1.1201391580138918e-13,0.0
30252.650000095367,1.6292957441392323e-13,0.0
30253.650000095367,1.2761532351625898e-13,0.0
30254.650000095367,1.281188957526609e-13,0.0
30255.650000095367,1.3028413569673242e-13,0.0
30256.650000095367,1.5410599803803333e-13,0.0
30257.650000095367,1.3020200902702113e-13,0.0
30258.650000095367,1.205199472904812e-13,0.0
30259.650000095367,1.427511594186767e-13,0.0
30260.650000095367,1.515520161421801e-13,0.0
30261.650000095367,1.3939970840870648e-13,0.0
30262.650000095367,1.0262316017256214e-13,0.0
30263.650000095367,1.3678489734745513e-13,0.0
30264.650000095367,1.4191528894076422e-13,0.0
30265.650000095367,1.0300214519296588e-13,0.0
30266.650000095367,1.4306323295176843e-13,0.0
30267.650000095367,1.1956408689837833e-13,0.0
30268.650000095367,1.2413870624534102e-13,0.0
30269.650000095367,1.4091826200193456e-13,0.0
30270.650000095367,1.1651086250923002e-13,0.0
30271.650000095367,1.1585885493176824e-13,0.0
30272.650000095367,1.4124176294908647e-13,0.0
30273.650000095367,1.2744001478168312e-13,0.0
30274.650000095367,1.5444026528743733e-13,0.0
30275.650000095367,1.712023987920865e-13,0.0
30276.650000095367,1.5752917830147037e-13,0.0
30277.650000095367,1.3559522648778497e-13,0.0
30278.650000095367,1.5510500828071475e-13,0.0
30279.650000095367,1.0758332681892879e-13,0.0
30280.650000095367,1.1662979178215357e-13,0.0
30281.650000095367,1.5411099633272952e-13,0.0
30282.650000095367,1.0305275702958145e-13,0.0
30283.650000095367,1.232341440988136e-13,0.0
30284.650000095367,9.381652487645373e-14,0.0
30285.650000095367,1.4534248237716678e-13,0.0
30286.650000095367,1.5902596050527664e-13,0.0
30287.650000095367,1.1819750879956226e-13,0.0
30288.650000095367,1.2891491100647632e-13,0.0
30289.650000095367,1.583639791454776e-13,0.0
30290.650000095367,1.5730463237426075e-13,0.0
30291.650000095367,1.0057970562478398e-13,0.0
30292.650000095367,1.1347276306046583e-13,0.0
30293.650000095367,1.0078697446015887e-13,0.0
30294.650000095367,1.2445702449159034e-13,0.0
30295.650000095367,1.5398180710836324e-13,0.0
30296.650000095367,1.1233970082363986e-13,0.0
30297.650000095367,1.4577656350137208e-13,0.0
30298.650000095367,1.4027977840217985e-13,0.0
30299.650000095367,1.4649791538333138e-13,0.0
30300.650000095367,1.5106317892216677e-13,0.0
