gj_674/combined/GJ674_1Aeuv_estimate.ecsv
# %ECSV 0.9
# ---
# datatype:
# - {name: WAVELENGTH, unit: Angstrom, datatype: float64}
# - {name: FLUX, unit: erg / (cm2 s), datatype: float64}
# delimiter: ','
# schema: astropy-2.0
WAVELENGTH,FLUX
100.5,1.1971256203310453e-14
101.5,1.1971256203310453e-14
102.5,1.1971256203310453e-14
103.5,1.1971256203310453e-14
104.5,1.1971256203310453e-14
105.5,1.1971256203310453e-14
106.5,1.1971256203310453e-14
107.5,1.1971256203310453e-14
108.5,1.1971256203310453e-14
109.5,1.1971256203310453e-14
110.5,1.1971256203310453e-14
111.5,1.1971256203310453e-14
112.5,1.1971256203310453e-14
113.5,1.1971256203310453e-14
114.5,1.1971256203310453e-14
115.5,1.1971256203310453e-14
116.5,1.1971256203310453e-14
117.5,1.1971256203310453e-14
118.5,1.1971256203310453e-14
119.5,1.1971256203310453e-14
120.5,1.1971256203310453e-14
121.5,1.1971256203310453e-14
122.5,1.1971256203310453e-14
123.5,1.1971256203310453e-14
124.5,1.1971256203310453e-14
125.5,1.1971256203310453e-14
126.5,1.1971256203310453e-14
127.5,1.1971256203310453e-14
128.5,1.1971256203310453e-14
129.5,1.1971256203310453e-14
130.5,1.1971256203310453e-14
131.5,1.1971256203310453e-14
132.5,1.1971256203310453e-14
133.5,1.1971256203310453e-14
134.5,1.1971256203310453e-14
135.5,1.1971256203310453e-14
136.5,1.1971256203310453e-14
137.5,1.1971256203310453e-14
138.5,1.1971256203310453e-14
139.5,1.1971256203310453e-14
140.5,1.1971256203310453e-14
141.5,1.1971256203310453e-14
142.5,1.1971256203310453e-14
143.5,1.1971256203310453e-14
144.5,1.1971256203310453e-14
145.5,1.1971256203310453e-14
146.5,1.1971256203310453e-14
147.5,1.1971256203310453e-14
148.5,1.1971256203310453e-14
149.5,1.1971256203310453e-14
150.5,1.1971256203310453e-14
151.5,1.1971256203310453e-14
152.5,1.1971256203310453e-14
153.5,1.1971256203310453e-14
154.5,1.1971256203310453e-14
155.5,1.1971256203310453e-14
156.5,1.1971256203310453e-14
157.5,1.1971256203310453e-14
158.5,1.1971256203310453e-14
159.5,1.1971256203310453e-14
160.5,1.1971256203310453e-14
161.5,1.1971256203310453e-14
162.5,1.1971256203310453e-14
163.5,1.1971256203310453e-14
164.5,1.1971256203310453e-14
165.5,1.1971256203310453e-14
166.5,1.1971256203310453e-14
167.5,1.1971256203310453e-14
168.5,1.1971256203310453e-14
169.5,1.1971256203310453e-14
170.5,1.1971256203310453e-14
171.5,1.1971256203310453e-14
172.5,1.1971256203310453e-14
173.5,1.1971256203310453e-14
174.5,1.1971256203310453e-14
175.5,1.1971256203310453e-14
176.5,1.1971256203310453e-14
177.5,1.1971256203310453e-14
178.5,1.1971256203310453e-14
179.5,1.1971256203310453e-14
180.5,1.1971256203310453e-14
181.5,1.1971256203310453e-14
182.5,1.1971256203310453e-14
183.5,1.1971256203310453e-14
184.5,1.1971256203310453e-14
185.5,1.1971256203310453e-14
186.5,1.1971256203310453e-14
187.5,1.1971256203310453e-14
188.5,1.1971256203310453e-14
189.5,1.1971256203310453e-14
190.5,1.1971256203310453e-14
191.5,1.1971256203310453e-14
192.5,1.1971256203310453e-14
193.5,1.1971256203310453e-14
194.5,1.1971256203310453e-14
195.5,1.1971256203310453e-14
196.5,1.1971256203310453e-14
197.5,1.1971256203310453e-14
198.5,1.1971256203310453e-14
199.5,1.1971256203310453e-14
200.5,1.0498801520424097e-14
201.5,1.0498801520424097e-14
202.5,1.0498801520424097e-14
203.5,1.0498801520424097e-14
204.5,1.0498801520424097e-14
205.5,1.0498801520424097e-14
206.5,1.0498801520424097e-14
207.5,1.0498801520424097e-14
208.5,1.0498801520424097e-14
209.5,1.0498801520424097e-14
210.5,1.0498801520424097e-14
211.5,1.0498801520424097e-14
212.5,1.0498801520424097e-14
213.5,1.0498801520424097e-14
214.5,1.0498801520424097e-14
215.5,1.0498801520424097e-14
216.5,1.0498801520424097e-14
217.5,1.0498801520424097e-14
218.5,1.0498801520424097e-14
219.5,1.0498801520424097e-14
220.5,1.0498801520424097e-14
221.5,1.0498801520424097e-14
222.5,1.0498801520424097e-14
223.5,1.0498801520424097e-14
224.5,1.0498801520424097e-14
225.5,1.0498801520424097e-14
226.5,1.0498801520424097e-14
227.5,1.0498801520424097e-14
228.5,1.0498801520424097e-14
229.5,1.0498801520424097e-14
230.5,1.0498801520424097e-14
231.5,1.0498801520424097e-14
232.5,1.0498801520424097e-14
233.5,1.0498801520424097e-14
234.5,1.0498801520424097e-14
235.5,1.0498801520424097e-14
236.5,1.0498801520424097e-14
237.5,1.0498801520424097e-14
238.5,1.0498801520424097e-14
239.5,1.0498801520424097e-14
240.5,1.0498801520424097e-14
241.5,1.0498801520424097e-14
242.5,1.0498801520424097e-14
243.5,1.0498801520424097e-14
244.5,1.0498801520424097e-14
245.5,1.0498801520424097e-14
246.5,1.0498801520424097e-14
247.5,1.0498801520424097e-14
248.5,1.0498801520424097e-14
249.5,1.0498801520424097e-14
250.5,1.0498801520424097e-14
251.5,1.0498801520424097e-14
252.5,1.0498801520424097e-14
253.5,1.0498801520424097e-14
254.5,1.0498801520424097e-14
255.5,1.0498801520424097e-14
256.5,1.0498801520424097e-14
257.5,1.0498801520424097e-14
258.5,1.0498801520424097e-14
259.5,1.0498801520424097e-14
260.5,1.0498801520424097e-14
261.5,1.0498801520424097e-14
262.5,1.0498801520424097e-14
263.5,1.0498801520424097e-14
264.5,1.0498801520424097e-14
265.5,1.0498801520424097e-14
266.5,1.0498801520424097e-14
267.5,1.0498801520424097e-14
268.5,1.0498801520424097e-14
269.5,1.0498801520424097e-14
270.5,1.0498801520424097e-14
271.5,1.0498801520424097e-14
272.5,1.0498801520424097e-14
273.5,1.0498801520424097e-14
274.5,1.0498801520424097e-14
275.5,1.0498801520424097e-14
276.5,1.0498801520424097e-14
277.5,1.0498801520424097e-14
278.5,1.0498801520424097e-14
279.5,1.0498801520424097e-14
280.5,1.0498801520424097e-14
281.5,1.0498801520424097e-14
282.5,1.0498801520424097e-14
283.5,1.0498801520424097e-14
284.5,1.0498801520424097e-14
285.5,1.0498801520424097e-14
286.5,1.0498801520424097e-14
287.5,1.0498801520424097e-14
288.5,1.0498801520424097e-14
289.5,1.0498801520424097e-14
290.5,1.0498801520424097e-14
291.5,1.0498801520424097e-14
292.5,1.0498801520424097e-14
293.5,1.0498801520424097e-14
294.5,1.0498801520424097e-14
295.5,1.0498801520424097e-14
296.5,1.0498801520424097e-14
297.5,1.0498801520424097e-14
298.5,1.0498801520424097e-14
299.5,1.0498801520424097e-14
300.5,9.271280601170369e-15
301.5,9.271280601170369e-15
302.5,9.271280601170369e-15
303.5,9.271280601170369e-15
304.5,9.271280601170369e-15
305.5,9.271280601170369e-15
306.5,9.271280601170369e-15
307.5,9.271280601170369e-15
308.5,9.271280601170369e-15
309.5,9.271280601170369e-15
310.5,9.271280601170369e-15
311.5,9.271280601170369e-15
312.5,9.271280601170369e-15
313.5,9.271280601170369e-15
314.5,9.271280601170369e-15
315.5,9.271280601170369e-15
316.5,9.271280601170369e-15
317.5,9.271280601170369e-15
318.5,9.271280601170369e-15
319.5,9.271280601170369e-15
320.5,9.271280601170369e-15
321.5,9.271280601170369e-15
322.5,9.271280601170369e-15
323.5,9.271280601170369e-15
324.5,9.271280601170369e-15
325.5,9.271280601170369e-15
326.5,9.271280601170369e-15
327.5,9.271280601170369e-15
328.5,9.271280601170369e-15
329.5,9.271280601170369e-15
330.5,9.271280601170369e-15
331.5,9.271280601170369e-15
332.5,9.271280601170369e-15
333.5,9.271280601170369e-15
334.5,9.271280601170369e-15
335.5,9.271280601170369e-15
336.5,9.271280601170369e-15
337.5,9.271280601170369e-15
338.5,9.271280601170369e-15
339.5,9.271280601170369e-15
340.5,9.271280601170369e-15
341.5,9.271280601170369e-15
342.5,9.271280601170369e-15
343.5,9.271280601170369e-15
344.5,9.271280601170369e-15
345.5,9.271280601170369e-15
346.5,9.271280601170369e-15
347.5,9.271280601170369e-15
348.5,9.271280601170369e-15
349.5,9.271280601170369e-15
350.5,9.271280601170369e-15
351.5,9.271280601170369e-15
352.5,9.271280601170369e-15
353.5,9.271280601170369e-15
354.5,9.271280601170369e-15
355.5,9.271280601170369e-15
356.5,9.271280601170369e-15
357.5,9.271280601170369e-15
358.5,9.271280601170369e-15
359.5,9.271280601170369e-15
360.5,9.271280601170369e-15
361.5,9.271280601170369e-15
362.5,9.271280601170369e-15
363.5,9.271280601170369e-15
364.5,9.271280601170369e-15
365.5,9.271280601170369e-15
366.5,9.271280601170369e-15
367.5,9.271280601170369e-15
368.5,9.271280601170369e-15
369.5,9.271280601170369e-15
370.5,9.271280601170369e-15
371.5,9.271280601170369e-15
372.5,9.271280601170369e-15
373.5,9.271280601170369e-15
374.5,9.271280601170369e-15
375.5,9.271280601170369e-15
376.5,9.271280601170369e-15
377.5,9.271280601170369e-15
378.5,9.271280601170369e-15
379.5,9.271280601170369e-15
380.5,9.271280601170369e-15
381.5,9.271280601170369e-15
382.5,9.271280601170369e-15
383.5,9.271280601170369e-15
384.5,9.271280601170369e-15
385.5,9.271280601170369e-15
386.5,9.271280601170369e-15
387.5,9.271280601170369e-15
388.5,9.271280601170369e-15
389.5,9.271280601170369e-15
390.5,9.271280601170369e-15
391.5,9.271280601170369e-15
392.5,9.271280601170369e-15
393.5,9.271280601170369e-15
394.5,9.271280601170369e-15
395.5,9.271280601170369e-15
396.5,9.271280601170369e-15
397.5,9.271280601170369e-15
398.5,9.271280601170369e-15
399.5,9.271280601170369e-15
400.5,2.1182527292546687e-19
401.5,2.1182527292546687e-19
402.5,2.1182527292546687e-19
403.5,2.1182527292546687e-19
404.5,2.1182527292546687e-19
405.5,2.1182527292546687e-19
406.5,2.1182527292546687e-19
407.5,2.1182527292546687e-19
408.5,2.1182527292546687e-19
409.5,2.1182527292546687e-19
410.5,2.1182527292546687e-19
411.5,2.1182527292546687e-19
412.5,2.1182527292546687e-19
413.5,2.1182527292546687e-19
414.5,2.1182527292546687e-19
415.5,2.1182527292546687e-19
416.5,2.1182527292546687e-19
417.5,2.1182527292546687e-19
418.5,2.1182527292546687e-19
419.5,2.1182527292546687e-19
420.5,2.1182527292546687e-19
421.5,2.1182527292546687e-19
422.5,2.1182527292546687e-19
423.5,2.1182527292546687e-19
424.5,2.1182527292546687e-19
425.5,2.1182527292546687e-19
426.5,2.1182527292546687e-19
427.5,2.1182527292546687e-19
428.5,2.1182527292546687e-19
429.5,2.1182527292546687e-19
430.5,2.1182527292546687e-19
431.5,2.1182527292546687e-19
432.5,2.1182527292546687e-19
433.5,2.1182527292546687e-19
434.5,2.1182527292546687e-19
435.5,2.1182527292546687e-19
436.5,2.1182527292546687e-19
437.5,2.1182527292546687e-19
438.5,2.1182527292546687e-19
439.5,2.1182527292546687e-19
440.5,2.1182527292546687e-19
441.5,2.1182527292546687e-19
442.5,2.1182527292546687e-19
443.5,2.1182527292546687e-19
444.5,2.1182527292546687e-19
445.5,2.1182527292546687e-19
446.5,2.1182527292546687e-19
447.5,2.1182527292546687e-19
448.5,2.1182527292546687e-19
449.5,2.1182527292546687e-19
450.5,2.1182527292546687e-19
451.5,2.1182527292546687e-19
452.5,2.1182527292546687e-19
453.5,2.1182527292546687e-19
454.5,2.1182527292546687e-19
455.5,2.1182527292546687e-19
456.5,2.1182527292546687e-19
457.5,2.1182527292546687e-19
458.5,2.1182527292546687e-19
459.5,2.1182527292546687e-19
460.5,2.1182527292546687e-19
461.5,2.1182527292546687e-19
462.5,2.1182527292546687e-19
463.5,2.1182527292546687e-19
464.5,2.1182527292546687e-19
465.5,2.1182527292546687e-19
466.5,2.1182527292546687e-19
467.5,2.1182527292546687e-19
468.5,2.1182527292546687e-19
469.5,2.1182527292546687e-19
470.5,2.1182527292546687e-19
471.5,2.1182527292546687e-19
472.5,2.1182527292546687e-19
473.5,2.1182527292546687e-19
474.5,2.1182527292546687e-19
475.5,2.1182527292546687e-19
476.5,2.1182527292546687e-19
477.5,2.1182527292546687e-19
478.5,2.1182527292546687e-19
479.5,2.1182527292546687e-19
480.5,2.1182527292546687e-19
481.5,2.1182527292546687e-19
482.5,2.1182527292546687e-19
483.5,2.1182527292546687e-19
484.5,2.1182527292546687e-19
485.5,2.1182527292546687e-19
486.5,2.1182527292546687e-19
487.5,2.1182527292546687e-19
488.5,2.1182527292546687e-19
489.5,2.1182527292546687e-19
490.5,2.1182527292546687e-19
491.5,2.1182527292546687e-19
492.5,2.1182527292546687e-19
493.5,2.1182527292546687e-19
494.5,2.1182527292546687e-19
495.5,2.1182527292546687e-19
496.5,2.1182527292546687e-19
497.5,2.1182527292546687e-19
498.5,2.1182527292546687e-19
499.5,2.1182527292546687e-19
500.5,8.564216714731258e-23
501.5,8.564216714731258e-23
502.5,8.564216714731258e-23
503.5,8.564216714731258e-23
504.5,8.564216714731258e-23
505.5,8.564216714731258e-23
506.5,8.564216714731258e-23
507.5,8.564216714731258e-23
508.5,8.564216714731258e-23
509.5,8.564216714731258e-23
510.5,8.564216714731258e-23
511.5,8.564216714731258e-23
512.5,8.564216714731258e-23
513.5,8.564216714731258e-23
514.5,8.564216714731258e-23
515.5,8.564216714731258e-23
516.5,8.564216714731258e-23
517.5,8.564216714731258e-23
518.5,8.564216714731258e-23
519.5,8.564216714731258e-23
520.5,8.564216714731258e-23
521.5,8.564216714731258e-23
522.5,8.564216714731258e-23
523.5,8.564216714731258e-23
524.5,8.564216714731258e-23
525.5,8.564216714731258e-23
526.5,8.564216714731258e-23
527.5,8.564216714731258e-23
528.5,8.564216714731258e-23
529.5,8.564216714731258e-23
530.5,8.564216714731258e-23
531.5,8.564216714731258e-23
532.5,8.564216714731258e-23
533.5,8.564216714731258e-23
534.5,8.564216714731258e-23
535.5,8.564216714731258e-23
536.5,8.564216714731258e-23
537.5,8.564216714731258e-23
538.5,8.564216714731258e-23
539.5,8.564216714731258e-23
540.5,8.564216714731258e-23
541.5,8.564216714731258e-23
542.5,8.564216714731258e-23
543.5,8.564216714731258e-23
544.5,8.564216714731258e-23
545.5,8.564216714731258e-23
546.5,8.564216714731258e-23
547.5,8.564216714731258e-23
548.5,8.564216714731258e-23
549.5,8.564216714731258e-23
550.5,8.564216714731258e-23
551.5,8.564216714731258e-23
552.5,8.564216714731258e-23
553.5,8.564216714731258e-23
554.5,8.564216714731258e-23
555.5,8.564216714731258e-23
556.5,8.564216714731258e-23
557.5,8.564216714731258e-23
558.5,8.564216714731258e-23
559.5,8.564216714731258e-23
560.5,8.564216714731258e-23
561.5,8.564216714731258e-23
562.5,8.564216714731258e-23
563.5,8.564216714731258e-23
564.5,8.564216714731258e-23
565.5,8.564216714731258e-23
566.5,8.564216714731258e-23
567.5,8.564216714731258e-23
568.5,8.564216714731258e-23
569.5,8.564216714731258e-23
570.5,8.564216714731258e-23
571.5,8.564216714731258e-23
572.5,8.564216714731258e-23
573.5,8.564216714731258e-23
574.5,8.564216714731258e-23
575.5,8.564216714731258e-23
576.5,8.564216714731258e-23
577.5,8.564216714731258e-23
578.5,8.564216714731258e-23
579.5,8.564216714731258e-23
580.5,8.564216714731258e-23
581.5,8.564216714731258e-23
582.5,8.564216714731258e-23
583.5,8.564216714731258e-23
584.5,8.564216714731258e-23
585.5,8.564216714731258e-23
586.5,8.564216714731258e-23
587.5,8.564216714731258e-23
588.5,8.564216714731258e-23
589.5,8.564216714731258e-23
590.5,8.564216714731258e-23
591.5,8.564216714731258e-23
592.5,8.564216714731258e-23
593.5,8.564216714731258e-23
594.5,8.564216714731258e-23
595.5,8.564216714731258e-23
596.5,8.564216714731258e-23
597.5,8.564216714731258e-23
598.5,8.564216714731258e-23
599.5,8.564216714731258e-23
600.5,8.04883935676094e-19
601.5,8.04883935676094e-19
602.5,8.04883935676094e-19
603.5,8.04883935676094e-19
604.5,8.04883935676094e-19
605.5,8.04883935676094e-19
606.5,8.04883935676094e-19
607.5,8.04883935676094e-19
608.5,8.04883935676094e-19
609.5,8.04883935676094e-19
610.5,8.04883935676094e-19
611.5,8.04883935676094e-19
612.5,8.04883935676094e-19
613.5,8.04883935676094e-19
614.5,8.04883935676094e-19
615.5,8.04883935676094e-19
616.5,8.04883935676094e-19
617.5,8.04883935676094e-19
618.5,8.04883935676094e-19
619.5,8.04883935676094e-19
620.5,8.04883935676094e-19
621.5,8.04883935676094e-19
622.5,8.04883935676094e-19
623.5,8.04883935676094e-19
624.5,8.04883935676094e-19
625.5,8.04883935676094e-19
626.5,8.04883935676094e-19
627.5,8.04883935676094e-19
628.5,8.04883935676094e-19
629.5,8.04883935676094e-19
630.5,8.04883935676094e-19
631.5,8.04883935676094e-19
632.5,8.04883935676094e-19
633.5,8.04883935676094e-19
634.5,8.04883935676094e-19
635.5,8.04883935676094e-19
636.5,8.04883935676094e-19
637.5,8.04883935676094e-19
638.5,8.04883935676094e-19
639.5,8.04883935676094e-19
640.5,8.04883935676094e-19
641.5,8.04883935676094e-19
642.5,8.04883935676094e-19
643.5,8.04883935676094e-19
644.5,8.04883935676094e-19
645.5,8.04883935676094e-19
646.5,8.04883935676094e-19
647.5,8.04883935676094e-19
648.5,8.04883935676094e-19
649.5,8.04883935676094e-19
650.5,8.04883935676094e-19
651.5,8.04883935676094e-19
652.5,8.04883935676094e-19
653.5,8.04883935676094e-19
654.5,8.04883935676094e-19
655.5,8.04883935676094e-19
656.5,8.04883935676094e-19
657.5,8.04883935676094e-19
658.5,8.04883935676094e-19
659.5,8.04883935676094e-19
660.5,8.04883935676094e-19
661.5,8.04883935676094e-19
