gj_674/combined/gj674_const_res_v1.ecsv
# %ECSV 0.9
# ---
# datatype:
# - {name: WAVELENGTH, unit: Angstrom, datatype: float64}
# - {name: FLUX, unit: erg / (Angstrom cm2 s), datatype: float64}
# - {name: ERROR, unit: erg / (Angstrom cm2 s), datatype: float64}
# delimiter: ','
# schema: astropy-2.0
WAVELENGTH,FLUX,ERROR
[from data line 32050]
32052.650000095367,1.3313294811123333e-13,0.0
32053.650000095367,1.285358015054494e-13,0.0
32054.650000095367,1.25784195791462e-13,0.0
32055.650000095367,1.2796103098951112e-13,0.0
32056.650000095367,1.3577313833140083e-13,0.0
32057.650000095367,1.280196743786993e-13,0.0
32058.650000095367,1.2982800939716308e-13,0.0
32059.650000095367,1.2883103961810813e-13,0.0
32060.650000095367,1.1983296837037762e-13,0.0
32061.650000095367,1.2288854060696612e-13,0.0
32062.650000095367,1.1619682345961671e-13,0.0
32063.650000095367,1.194731051525439e-13,0.0
32064.650000095367,1.3021374487142033e-13,0.0
32065.650000095367,1.3288931363661928e-13,0.0
32066.650000095367,1.3549492074844115e-13,0.0
32067.650000095367,1.3107674834874262e-13,0.0
32068.650000095367,1.2843453455126448e-13,0.0
32069.650000095367,1.2203618712655254e-13,0.0
32070.650000095367,1.162655598989786e-13,0.0
32071.650000095367,9.320969795322067e-14,0.0
32072.650000095367,1.317904901549766e-13,0.0
32073.650000095367,1.1506659641620737e-13,0.0
32074.650000095367,1.288710843334537e-13,0.0
32075.650000095367,1.0750516639005164e-13,0.0
32076.650000095367,1.250208263597377e-13,0.0
32077.650000095367,1.19942931720814e-13,0.0
32078.650000095367,1.2010074599855695e-13,0.0
32079.650000095367,1.2166216120099938e-13,0.0
32080.650000095367,1.1285761304519888e-13,0.0
32081.650000095367,1.15865113379907e-13,0.0
32082.650000095367,1.2633701365774856e-13,0.0
32083.650000095367,1.1200748336021654e-13,0.0
32084.650000095367,1.2219962909233975e-13,0.0
32085.650000095367,1.1227125261894087e-13,0.0
32086.650000095367,1.2493988508242477e-13,0.0
32087.650000095367,1.2063285080627296e-13,0.0
32088.650000095367,1.303865879463995e-13,0.0
32089.650000095367,1.2962660824826392e-13,0.0
32090.650000095367,1.1375644661048684e-13,0.0
32091.650000095367,1.3401493735066434e-13,0.0
32092.650000095367,1.1163758432232122e-13,0.0
32093.650000095367,1.3578004119008247e-13,0.0
32094.650000095367,1.242342189380837e-13,0.0
32095.650000095367,1.0876212501077716e-13,0.0
32096.650000095367,1.303566314855241e-13,0.0
32097.650000095367,1.3335129882234336e-13,0.0
32098.650000095367,1.36585649506332e-13,0.0
32099.650000095367,1.0851169743747358e-13,0.0
32100.650000095367,1.2924061939638143e-13,0.0
32101.650000095367,1.2468836785132957e-13,0.0
32102.650000095367,1.3297255924476666e-13,0.0
32103.650000095367,1.3300992895439724e-13,0.0
32104.650000095367,9.091851497006327e-14,0.0
32105.650000095367,1.1651695213032137e-13,0.0
32106.650000095367,1.2382525720369813e-13,0.0
32107.650000095367,1.0955153505105574e-13,0.0
32108.650000095367,1.179686923288117e-13,0.0
32109.650000095367,1.1295040880517824e-13,0.0
32110.650000095367,1.322917347087925e-13,0.0
32111.650000095367,1.2326868600657303e-13,0.0
32112.650000095367,1.3405244549719836e-13,0.0
32113.650000095367,1.2613363103074606e-13,0.0
32114.650000095367,1.191198001593741e-13,0.0
32115.650000095367,1.1106918804793724e-13,0.0
32116.650000095367,1.2898329384483358e-13,0.0
32117.650000095367,1.312097870648843e-13,0.0
32118.650000095367,1.2671050298064912e-13,0.0
32119.650000095367,1.2640907691876343e-13,0.0
32120.650000095367,1.141325358043676e-13,0.0
32121.650000095367,9.734988830807966e-14,0.0
32122.650000095367,1.2111001166816002e-13,0.0
32123.650000095367,1.2573107749911506e-13,0.0
32124.650000095367,1.195346929170782e-13,0.0
32125.650000095367,9.735889396771621e-14,0.0
32126.650000095367,1.2179907768413547e-13,0.0
32127.650000095367,1.1702581449576244e-13,0.0
32128.650000095367,1.0808829734842746e-13,0.0
32129.650000095367,1.28230301937327e-13,0.0
32130.650000095367,1.1333160746707038e-13,0.0
32131.650000095367,1.3115267876120575e-13,0.0
32132.650000095367,1.2261511220623147e-13,0.0
32133.650000095367,1.2468402669025074e-13,0.0
32134.650000095367,1.0116551367963353e-13,0.0
32135.650000095367,1.198064278572852e-13,0.0
32136.650000095367,1.285154212295296e-13,0.0
32137.650000095367,1.2916871941162644e-13,0.0
32138.650000095367,1.169733027953893e-13,0.0
32139.650000095367,1.281392442727764e-13,0.0
32140.650000095367,9.992205124964437e-14,0.0
32141.650000095367,1.1797302962114176e-13,0.0
32142.650000095367,1.1594719614640776e-13,0.0
32143.650000095367,1.0170226613272816e-13,0.0
32144.650000095367,1.304555858605215e-13,0.0
32145.650000095367,1.0960852518958074e-13,0.0
32146.650000095367,8.68246496620881e-14,0.0
32147.650000095367,1.2801267116106006e-13,0.0
32148.650000095367,1.1119931086372505e-13,0.0
32149.650000095367,1.2081337920005187e-13,0.0
32150.650000095367,1.0948887303999307e-13,0.0
32151.650000095367,9.403725765929327e-14,0.0
32152.650000095367,1.1944270134186627e-13,0.0
32153.650000095367,9.846812836488474e-14,0.0
32154.650000095367,1.2114655912009935e-13,0.0
32155.650000095367,1.239043989036869e-13,0.0
32156.650000095367,1.3205961389070162e-13,0.0
32157.650000095367,1.1324270414969089e-13,0.0
32158.650000095367,1.3096222657981342e-13,0.0
32159.650000095367,1.2819411280424054e-13,0.0
32160.650000095367,1.356145339339258e-13,0.0
32161.650000095367,1.1531803091170868e-13,0.0
32162.650000095367,1.3283958458140487e-13,0.0
32163.650000095367,1.1374935440875695e-13,0.0
32164.650000095367,1.2441735654546565e-13,0.0
32165.650000095367,1.0753695700133877e-13,0.0
32166.650000095367,1.3424102287538178e-13,0.0
32167.650000095367,1.200129729953285e-13,0.0
32168.650000095367,1.1472319785714823e-13,0.0
32169.650000095367,1.2043930311638369e-13,0.0
32170.650000095367,1.1687264914920248e-13,0.0
32171.650000095367,1.0866446867814595e-13,0.0
32172.650000095367,1.247978922696026e-13,0.0
32173.650000095367,1.2840456345010836e-13,0.0
32174.650000095367,1.2849279361039342e-13,0.0
32175.650000095367,9.447048585726756e-14,0.0
32176.650000095367,1.1505126754418955e-13,0.0
32177.650000095367,1.3650979911991552e-13,0.0
32178.650000095367,1.1999041603463688e-13,0.0
32179.650000095367,1.1125196787144981e-13,0.0
32180.650000095367,9.484711409545542e-14,0.0
32181.650000095367,1.0985609882870582e-13,0.0
32182.650000095367,1.0875538031774027e-13,0.0
32183.650000095367,1.0344191354491596e-13,0.0
32184.650000095367,1.151892470695492e-13,0.0
32185.650000095367,1.198286468714939e-13,0.0
32186.650000095367,1.1814622255093255e-13,0.0
32187.650000095367,1.0868461295694705e-13,0.0
32188.650000095367,1.137585183227532e-13,0.0
32189.650000095367,1.1376476993919912e-13,0.0
32190.650000095367,1.1242969070059116e-13,0.0
32191.650000095367,9.261225717234083e-14,0.0
32192.650000095367,1.1200077024591348e-13,0.0
32193.650000095367,1.037231670764747e-13,0.0
32194.650000095367,1.1778280199115415e-13,0.0
32195.650000095367,1.237291146852997e-13,0.0
32196.650000095367,9.696093783847166e-14,0.0
32197.650000095367,1.1869241479619212e-13,0.0
32198.650000095367,1.1206018000603495e-13,0.0
32199.650000095367,1.0718300917173016e-13,0.0
32200.650000095367,9.870018858977213e-14,0.0
32201.650000095367,1.360686743866309e-13,0.0
32202.650000095367,1.2028610647593005e-13,0.0
32203.650000095367,1.0214375066970738e-13,0.0
32204.650000095367,1.1966761653965392e-13,0.0
32205.650000095367,1.1652356810999973e-13,0.0
32206.650000095367,1.1085520625278274e-13,0.0
32207.650000095367,1.293020523852379e-13,0.0
32208.650000095367,1.0099770175759488e-13,0.0
32209.650000095367,1.1778902415678392e-13,0.0
32210.650000095367,1.1858218888260438e-13,0.0
32211.650000095367,1.1268611365603311e-13,0.0
32212.650000095367,1.2033742540298395e-13,0.0
32213.650000095367,1.154519448548623e-13,0.0
32214.650000095367,1.1026106831836133e-13,0.0
32215.650000095367,9.868044562812652e-14,0.0
32216.650000095367,1.139635641175205e-13,0.0
32217.650000095367,1.0932875995101346e-13,0.0
32218.650000095367,1.1306595847665122e-13,0.0
32219.650000095367,1.0760288537103883e-13,0.0
32220.650000095367,1.1719839295240427e-13,0.0
32221.650000095367,1.0933801381599964e-13,0.0
32222.650000095367,1.299549879444467e-13,0.0
32223.650000095367,1.2273896748551072e-13,0.0
32224.650000095367,1.1724920154635026e-13,0.0
32225.650000095367,1.203598112019081e-13,0.0
32226.650000095367,1.0251983430634279e-13,0.0
32227.650000095367,1.2376491180237825e-13,0.0
32228.650000095367,1.0852336756543812e-13,0.0
32229.650000095367,1.178237632273518e-13,0.0
32230.650000095367,1.2022034268996382e-13,0.0
32231.650000095367,1.289772164460894e-13,0.0
32232.650000095367,1.1969152389048003e-13,0.0
32233.650000095367,1.1350447332077671e-13,0.0
32234.650000095367,1.2143826363317008e-13,0.0
32235.650000095367,1.0179164632832856e-13,0.0
32236.650000095367,1.0959668284638734e-13,0.0
32237.650000095367,1.056204595619592e-13,0.0
32238.650000095367,1.2885682891739637e-13,0.0
32239.650000095367,1.21818157838843e-13,0.0
32240.650000095367,1.1068015115477212e-13,0.0
32241.650000095367,1.2652951769408518e-13,0.0
32242.650000095367,1.1554792583444372e-13,0.0
32243.650000095367,1.1456095487298047e-13,0.0
32244.650000095367,8.679645622664406e-14,0.0
32245.650000095367,1.230840938132935e-13,0.0
32246.650000095367,1.222710251947613e-13,0.0
32247.650000095367,1.0732706851713458e-13,0.0
32248.650000095367,9.61680180326308e-14,0.0
32249.650000095367,1.2740837262229725e-13,0.0
32250.650000095367,1.207471671651695e-13,0.0
32251.650000095367,1.3282012903311517e-13,0.0
32252.650000095367,1.3685434256324917e-13,0.0
32253.650000095367,1.2870774229107266e-13,0.0
32254.650000095367,1.2393029620855345e-13,0.0
32255.650000095367,1.0033570446558902e-13,0.0
32256.650000095367,1.131084704707444e-13,0.0
32257.650000095367,1.2975284955488735e-13,0.0
32258.650000095367,1.0512256902892529e-13,0.0
32259.650000095367,1.070590756356652e-13,0.0
32260.650000095367,1.1135970725074456e-13,0.0
32261.650000095367,1.1359519653978315e-13,0.0
32262.650000095367,1.1081706251712307e-13,0.0
32263.650000095367,9.597826247423965e-14,0.0
32264.650000095367,9.82087656327399e-14,0.0
32265.650000095367,1.2618308228124056e-13,0.0
32266.650000095367,1.0360332436963235e-13,0.0
32267.650000095367,1.2410425449716953e-13,0.0
32268.650000095367,1.273342107817454e-13,0.0
32269.650000095367,1.2095116538572316e-13,0.0
32270.650000095367,9.99274620501667e-14,0.0
32271.650000095367,1.2137034285069182e-13,0.0
32272.650000095367,1.0909076829269075e-13,0.0
32273.650000095367,1.0296101107867566e-13,0.0
32274.650000095367,1.1955530496249647e-13,0.0
32275.650000095367,1.2379025583511282e-13,0.0
32276.650000095367,1.294169563245744e-13,0.0
32277.650000095367,1.02339485334087e-13,0.0
32278.650000095367,1.2142390148118544e-13,0.0
32279.650000095367,1.245624136760925e-13,0.0
32280.650000095367,1.277581646896408e-13,0.0
32281.650000095367,9.00508742014645e-14,0.0
32282.650000095367,1.1618226912982351e-13,0.0
32283.650000095367,1.2130571595188434e-13,0.0
32284.650000095367,1.0027990054253836e-13,0.0
32285.650000095367,1.0184964261826271e-13,0.0
32286.650000095367,7.989777127230384e-14,0.0
32287.650000095367,1.0629477757144281e-13,0.0
32288.650000095367,9.595726356560488e-14,0.0
32289.650000095367,1.1981026803826985e-13,0.0
32290.650000095367,1.2516852924477358e-13,0.0
32291.650000095367,9.092102585629745e-14,0.0
32292.650000095367,1.206001628338651e-13,0.0
32293.650000095367,9.324564710833746e-14,0.0
32294.650000095367,9.229277607378421e-14,0.0
32295.650000095367,1.0203099342404319e-13,0.0
32296.650000095367,1.2109059534342118e-13,0.0
32297.650000095367,1.2753060669991253e-13,0.0
32298.650000095367,1.3126178009725665e-13,0.0
32299.650000095367,1.25499484931542e-13,0.0
32300.650000095367,1.3111306976963767e-13,0.0
32301.650000095367,1.2853909444352976e-13,0.0
32302.650000095367,1.2382811803517157e-13,0.0
32303.650000095367,1.1471827583111538e-13,0.0
32304.650000095367,1.088565252948268e-13,0.0
32305.650000095367,1.245595057383365e-13,0.0
32306.650000095367,1.1392727436259647e-13,0.0
32307.650000095367,1.2775057798057799e-13,0.0
32308.650000095367,1.2487787740672107e-13,0.0
32309.650000095367,1.290912473796587e-13,0.0
32310.650000095367,1.2637570078423546e-13,0.0
32311.650000095367,9.934820346102775e-14,0.0
32312.650000095367,1.3408273128257297e-13,0.0
32313.650000095367,1.3206635026652937e-13,0.0
32314.650000095367,1.2412067890431053e-13,0.0
32315.650000095367,1.3276181085234595e-13,0.0
32316.650000095367,1.2650563042875719e-13,0.0
32317.650000095367,1.2202987536950817e-13,0.0
32318.650000095367,1.2714897453996316e-13,0.0
32319.650000095367,1.2158599835704457e-13,0.0
32320.650000095367,9.599793241272965e-14,0.0
32321.650000095367,1.1423992634495017e-13,0.0
32322.650000095367,1.1119662895897247e-13,0.0
32323.650000095367,7.308581404177651e-14,0.0
32324.650000095367,1.0653653449877658e-13,0.0
32325.650000095367,9.971320908067074e-14,0.0
32326.650000095367,1.2483333025381967e-13,0.0
32327.650000095367,1.2404396995545935e-13,0.0
32328.650000095367,9.59819722926547e-14,0.0
32329.650000095367,1.167494798474948e-13,0.0
32330.650000095367,1.1746996608837776e-13,0.0
32331.650000095367,1.0050091942751587e-13,0.0
32332.650000095367,1.2473104474820274e-13,0.0
32333.650000095367,1.1826218893601691e-13,0.0
32334.650000095367,1.0803368141705326e-13,0.0
32335.650000095367,9.470763865365472e-14,0.0
32336.650000095367,1.114370532932007e-13,0.0
32337.650000095367,1.226894504317183e-13,0.0
32338.650000095367,1.1006159692080327e-13,0.0
32339.650000095367,1.1839744088244027e-13,0.0
32340.650000095367,1.2475290646119983e-13,0.0
32341.650000095367,9.703656706096136e-14,0.0
32342.650000095367,1.2126814149365284e-13,0.0
32343.650000095367,1.2537274345466027e-13,0.0
32344.650000095367,1.2585136412814082e-13,0.0
32345.650000095367,1.2101142694626646e-13,0.0
32346.650000095367,1.246976955406021e-13,0.0
32347.650000095367,1.161167908057878e-13,0.0
32348.650000095367,1.3337592005053166e-13,0.0
32349.650000095367,1.112961840665047e-13,0.0
32350.650000095367,1.205637346178413e-13,0.0
32351.650000095367,1.2668363888104223e-13,0.0
32352.650000095367,9.860329391681803e-14,0.0
32353.650000095367,1.1390480327391144e-13,0.0
32354.650000095367,1.1823134244816656e-13,0.0
32355.650000095367,1.047579631733792e-13,0.0
32356.650000095367,1.219492384132328e-13,0.0
32357.650000095367,1.165115093442449e-13,0.0
32358.650000095367,1.2534724412963002e-13,0.0
32359.650000095367,1.266012454354492e-13,0.0
32360.650000095367,1.192698240270184e-13,0.0
32361.650000095367,1.0116255114172217e-13,0.0
32362.650000095367,1.226644248762614e-13,0.0
32363.650000095367,1.0386341421979595e-13,0.0
32364.650000095367,1.0162751233838912e-13,0.0
32365.650000095367,1.061452080525308e-13,0.0
32366.650000095367,1.2590638101483854e-13,0.0
32367.650000095367,1.021919289918678e-13,0.0
32368.650000095367,1.1242273489340009e-13,0.0
32369.650000095367,1.1956237280900331e-13,0.0
32370.650000095367,1.1656563806852734e-13,0.0
32371.650000095367,1.1873899370645494e-13,0.0
32372.650000095367,1.269920101347112e-13,0.0
32373.650000095367,1.145875581111193e-13,0.0
32374.650000095367,1.0906538809508226e-13,0.0
32375.650000095367,1.1182501098809599e-13,0.0
32376.650000095367,1.2662684101572405e-13,0.0
32377.650000095367,1.1248428815810095e-13,0.0
32378.650000095367,9.29830884994948e-14,0.0
32379.650000095367,1.230961228546585e-13,0.0
32380.650000095367,9.088566917121047e-14,0.0
32381.650000095367,1.0431765573032718e-13,0.0
32382.650000095367,1.1089122140067288e-13,0.0
32383.650000095367,1.2272014938050775e-13,0.0
32384.650000095367,1.1547743731090824e-13,0.0
32385.650000095367,7.949469851757714e-14,0.0
32386.650000095367,1.206129681003798e-13,0.0
32387.650000095367,1.2478113467605386e-13,0.0
32388.650000095367,1.2088786301476325e-13,0.0
32389.650000095367,1.2259493437649407e-13,0.0
32390.650000095367,7.87230796961431e-14,0.0
32391.650000095367,1.0406198033626033e-13,0.0
32392.650000095367,1.0764034666853852e-13,0.0
32393.650000095367,1.0055545568398784e-13,0.0
32394.650000095367,1.0920989809881438e-13,0.0
32395.650000095367,1.165471369561548e-13,0.0
32396.650000095367,1.2488178784329547e-13,0.0
32397.650000095367,1.0777533205740482e-13,0.0
32398.650000095367,1.150601496703994e-13,0.0
32399.650000095367,1.19281469450567e-13,0.0
32400.650000095367,1.0183202236023778e-13,0.0
32401.650000095367,1.217890461976522e-13,0.0
