gj_674/combined/GJ674_1Aeuv_estimate.ecsv
# %ECSV 0.9
# ---
# datatype:
# - {name: WAVELENGTH, unit: Angstrom, datatype: float64}
# - {name: FLUX, unit: erg / (cm2 s), datatype: float64}
# delimiter: ','
# schema: astropy-2.0
WAVELENGTH,FLUX
[from data line 563]
663.5,8.04883935676094e-19
664.5,8.04883935676094e-19
665.5,8.04883935676094e-19
666.5,8.04883935676094e-19
667.5,8.04883935676094e-19
668.5,8.04883935676094e-19
669.5,8.04883935676094e-19
670.5,8.04883935676094e-19
671.5,8.04883935676094e-19
672.5,8.04883935676094e-19
673.5,8.04883935676094e-19
674.5,8.04883935676094e-19
675.5,8.04883935676094e-19
676.5,8.04883935676094e-19
677.5,8.04883935676094e-19
678.5,8.04883935676094e-19
679.5,8.04883935676094e-19
680.5,8.04883935676094e-19
681.5,8.04883935676094e-19
682.5,8.04883935676094e-19
683.5,8.04883935676094e-19
684.5,8.04883935676094e-19
685.5,8.04883935676094e-19
686.5,8.04883935676094e-19
687.5,8.04883935676094e-19
688.5,8.04883935676094e-19
689.5,8.04883935676094e-19
690.5,8.04883935676094e-19
691.5,8.04883935676094e-19
692.5,8.04883935676094e-19
693.5,8.04883935676094e-19
694.5,8.04883935676094e-19
695.5,8.04883935676094e-19
696.5,8.04883935676094e-19
697.5,8.04883935676094e-19
698.5,8.04883935676094e-19
699.5,8.04883935676094e-19
700.5,5.67484629820945e-22
701.5,5.67484629820945e-22
702.5,5.67484629820945e-22
703.5,5.67484629820945e-22
704.5,5.67484629820945e-22
705.5,5.67484629820945e-22
706.5,5.67484629820945e-22
707.5,5.67484629820945e-22
708.5,5.67484629820945e-22
709.5,5.67484629820945e-22
710.5,5.67484629820945e-22
711.5,5.67484629820945e-22
712.5,5.67484629820945e-22
713.5,5.67484629820945e-22
714.5,5.67484629820945e-22
715.5,5.67484629820945e-22
716.5,5.67484629820945e-22
717.5,5.67484629820945e-22
718.5,5.67484629820945e-22
719.5,5.67484629820945e-22
720.5,5.67484629820945e-22
721.5,5.67484629820945e-22
722.5,5.67484629820945e-22
723.5,5.67484629820945e-22
724.5,5.67484629820945e-22
725.5,5.67484629820945e-22
726.5,5.67484629820945e-22
727.5,5.67484629820945e-22
728.5,5.67484629820945e-22
729.5,5.67484629820945e-22
730.5,5.67484629820945e-22
731.5,5.67484629820945e-22
732.5,5.67484629820945e-22
733.5,5.67484629820945e-22
734.5,5.67484629820945e-22
735.5,5.67484629820945e-22
736.5,5.67484629820945e-22
737.5,5.67484629820945e-22
738.5,5.67484629820945e-22
739.5,5.67484629820945e-22
740.5,5.67484629820945e-22
741.5,5.67484629820945e-22
742.5,5.67484629820945e-22
743.5,5.67484629820945e-22
744.5,5.67484629820945e-22
745.5,5.67484629820945e-22
746.5,5.67484629820945e-22
747.5,5.67484629820945e-22
748.5,5.67484629820945e-22
749.5,5.67484629820945e-22
750.5,5.67484629820945e-22
751.5,5.67484629820945e-22
752.5,5.67484629820945e-22
753.5,5.67484629820945e-22
754.5,5.67484629820945e-22
755.5,5.67484629820945e-22
756.5,5.67484629820945e-22
757.5,5.67484629820945e-22
758.5,5.67484629820945e-22
759.5,5.67484629820945e-22
760.5,5.67484629820945e-22
761.5,5.67484629820945e-22
762.5,5.67484629820945e-22
763.5,5.67484629820945e-22
764.5,5.67484629820945e-22
765.5,5.67484629820945e-22
766.5,5.67484629820945e-22
767.5,5.67484629820945e-22
768.5,5.67484629820945e-22
769.5,5.67484629820945e-22
770.5,5.67484629820945e-22
771.5,5.67484629820945e-22
772.5,5.67484629820945e-22
773.5,5.67484629820945e-22
774.5,5.67484629820945e-22
775.5,5.67484629820945e-22
776.5,5.67484629820945e-22
777.5,5.67484629820945e-22
778.5,5.67484629820945e-22
779.5,5.67484629820945e-22
780.5,5.67484629820945e-22
781.5,5.67484629820945e-22
782.5,5.67484629820945e-22
783.5,5.67484629820945e-22
784.5,5.67484629820945e-22
785.5,5.67484629820945e-22
786.5,5.67484629820945e-22
787.5,5.67484629820945e-22
788.5,5.67484629820945e-22
789.5,5.67484629820945e-22
790.5,5.67484629820945e-22
791.5,5.67484629820945e-22
792.5,5.67484629820945e-22
793.5,5.67484629820945e-22
794.5,5.67484629820945e-22
795.5,5.67484629820945e-22
796.5,5.67484629820945e-22
797.5,5.67484629820945e-22
798.5,5.67484629820945e-22
799.5,5.67484629820945e-22
800.5,9.456805416298702e-25
801.5,9.456805416298702e-25
802.5,9.456805416298702e-25
803.5,9.456805416298702e-25
804.5,9.456805416298702e-25
805.5,9.456805416298702e-25
806.5,9.456805416298702e-25
807.5,9.456805416298702e-25
808.5,9.456805416298702e-25
809.5,9.456805416298702e-25
810.5,9.456805416298702e-25
811.5,9.456805416298702e-25
812.5,9.456805416298702e-25
813.5,9.456805416298702e-25
814.5,9.456805416298702e-25
815.5,9.456805416298702e-25
816.5,9.456805416298702e-25
817.5,9.456805416298702e-25
818.5,9.456805416298702e-25
819.5,9.456805416298702e-25
820.5,9.456805416298702e-25
821.5,9.456805416298702e-25
822.5,9.456805416298702e-25
823.5,9.456805416298702e-25
824.5,9.456805416298702e-25
825.5,9.456805416298702e-25
826.5,9.456805416298702e-25
827.5,9.456805416298702e-25
828.5,9.456805416298702e-25
829.5,9.456805416298702e-25
830.5,9.456805416298702e-25
831.5,9.456805416298702e-25
832.5,9.456805416298702e-25
833.5,9.456805416298702e-25
834.5,9.456805416298702e-25
835.5,9.456805416298702e-25
836.5,9.456805416298702e-25
837.5,9.456805416298702e-25
838.5,9.456805416298702e-25
839.5,9.456805416298702e-25
840.5,9.456805416298702e-25
841.5,9.456805416298702e-25
842.5,9.456805416298702e-25
843.5,9.456805416298702e-25
844.5,9.456805416298702e-25
845.5,9.456805416298702e-25
846.5,9.456805416298702e-25
847.5,9.456805416298702e-25
848.5,9.456805416298702e-25
849.5,9.456805416298702e-25
850.5,9.456805416298702e-25
851.5,9.456805416298702e-25
852.5,9.456805416298702e-25
853.5,9.456805416298702e-25
854.5,9.456805416298702e-25
855.5,9.456805416298702e-25
856.5,9.456805416298702e-25
857.5,9.456805416298702e-25
858.5,9.456805416298702e-25
859.5,9.456805416298702e-25
860.5,9.456805416298702e-25
861.5,9.456805416298702e-25
862.5,9.456805416298702e-25
863.5,9.456805416298702e-25
864.5,9.456805416298702e-25
865.5,9.456805416298702e-25
866.5,9.456805416298702e-25
867.5,9.456805416298702e-25
868.5,9.456805416298702e-25
869.5,9.456805416298702e-25
870.5,9.456805416298702e-25
871.5,9.456805416298702e-25
872.5,9.456805416298702e-25
873.5,9.456805416298702e-25
874.5,9.456805416298702e-25
875.5,9.456805416298702e-25
876.5,9.456805416298702e-25
877.5,9.456805416298702e-25
878.5,9.456805416298702e-25
879.5,9.456805416298702e-25
880.5,9.456805416298702e-25
881.5,9.456805416298702e-25
882.5,9.456805416298702e-25
883.5,9.456805416298702e-25
884.5,9.456805416298702e-25
885.5,9.456805416298702e-25
886.5,9.456805416298702e-25
887.5,9.456805416298702e-25
888.5,9.456805416298702e-25
889.5,9.456805416298702e-25
890.5,9.456805416298702e-25
891.5,9.456805416298702e-25
892.5,9.456805416298702e-25
893.5,9.456805416298702e-25
894.5,9.456805416298702e-25
895.5,9.456805416298702e-25
896.5,9.456805416298702e-25
897.5,9.456805416298702e-25
898.5,9.456805416298702e-25
899.5,9.456805416298702e-25
900.5,9.456805416298702e-25
901.5,9.456805416298702e-25
902.5,9.456805416298702e-25
903.5,9.456805416298702e-25
904.5,9.456805416298702e-25
905.5,9.456805416298702e-25
906.5,9.456805416298702e-25
907.5,9.456805416298702e-25
908.5,9.456805416298702e-25
909.5,9.456805416298702e-25
910.5,9.456805416298702e-25
911.5,9.456805416298702e-25
912.5,2.5734403234063197e-16
913.5,2.5734403234063197e-16
914.5,2.5734403234063197e-16
915.5,2.5734403234063197e-16
916.5,2.5734403234063197e-16
917.5,2.5734403234063197e-16
918.5,2.5734403234063197e-16
919.5,2.5734403234063197e-16
920.5,2.5734403234063197e-16
921.5,2.5734403234063197e-16
922.5,2.5734403234063197e-16
923.5,2.5734403234063197e-16
924.5,2.5734403234063197e-16
925.5,2.5734403234063197e-16
926.5,2.5734403234063197e-16
927.5,2.5734403234063197e-16
928.5,2.5734403234063197e-16
929.5,2.5734403234063197e-16
930.5,2.5734403234063197e-16
931.5,2.5734403234063197e-16
932.5,2.5734403234063197e-16
933.5,2.5734403234063197e-16
934.5,2.5734403234063197e-16
935.5,2.5734403234063197e-16
936.5,2.5734403234063197e-16
937.5,2.5734403234063197e-16
938.5,2.5734403234063197e-16
939.5,2.5734403234063197e-16
940.5,2.5734403234063197e-16
941.5,2.5734403234063197e-16
942.5,2.5734403234063197e-16
943.5,2.5734403234063197e-16
944.5,2.5734403234063197e-16
945.5,2.5734403234063197e-16
946.5,2.5734403234063197e-16
947.5,2.5734403234063197e-16
948.5,2.5734403234063197e-16
949.5,2.5734403234063197e-16
950.5,2.5734403234063197e-16
951.5,2.5734403234063197e-16
952.5,2.5734403234063197e-16
953.5,2.5734403234063197e-16
954.5,2.5734403234063197e-16
955.5,2.5734403234063197e-16
956.5,2.5734403234063197e-16
957.5,2.5734403234063197e-16
958.5,2.5734403234063197e-16
959.5,2.5734403234063197e-16
960.5,2.5734403234063197e-16
961.5,2.5734403234063197e-16
962.5,2.5734403234063197e-16
963.5,2.5734403234063197e-16
964.5,2.5734403234063197e-16
965.5,2.5734403234063197e-16
966.5,2.5734403234063197e-16
967.5,2.5734403234063197e-16
968.5,2.5734403234063197e-16
969.5,2.5734403234063197e-16
970.5,2.5734403234063197e-16
971.5,2.5734403234063197e-16
972.5,2.5734403234063197e-16
973.5,2.5734403234063197e-16
974.5,2.5734403234063197e-16
975.5,2.5734403234063197e-16
976.5,2.5734403234063197e-16
977.5,2.5734403234063197e-16
978.5,2.5734403234063197e-16
979.5,2.5734403234063197e-16
980.5,2.5734403234063197e-16
981.5,2.5734403234063197e-16
982.5,2.5734403234063197e-16
983.5,2.5734403234063197e-16
984.5,2.5734403234063197e-16
985.5,2.5734403234063197e-16
986.5,2.5734403234063197e-16
987.5,2.5734403234063197e-16
988.5,2.5734403234063197e-16
989.5,2.5734403234063197e-16
990.5,2.5734403234063197e-16
991.5,2.5734403234063197e-16
992.5,2.5734403234063197e-16
993.5,2.5734403234063197e-16
994.5,2.5734403234063197e-16
995.5,2.5734403234063197e-16
996.5,2.5734403234063197e-16
997.5,2.5734403234063197e-16
998.5,2.5734403234063197e-16
999.5,2.5734403234063197e-16
1000.5,2.5734403234063197e-16
1001.5,2.5734403234063197e-16
1002.5,2.5734403234063197e-16
1003.5,2.5734403234063197e-16
1004.5,2.5734403234063197e-16
1005.5,2.5734403234063197e-16
1006.5,2.5734403234063197e-16
1007.5,2.5734403234063197e-16
1008.5,2.5734403234063197e-16
1009.5,2.5734403234063197e-16
1010.5,2.5734403234063197e-16
1011.5,2.5734403234063197e-16
1012.5,2.5734403234063197e-16
1013.5,2.5734403234063197e-16
1014.5,2.5734403234063197e-16
1015.5,2.5734403234063197e-16
1016.5,2.5734403234063197e-16
1017.5,2.5734403234063197e-16
1018.5,2.5734403234063197e-16
1019.5,2.5734403234063197e-16
1020.5,2.5734403234063197e-16
1021.5,2.5734403234063197e-16
1022.5,2.5734403234063197e-16
1023.5,2.5734403234063197e-16
1024.5,2.5734403234063197e-16
1025.5,2.5734403234063197e-16
1026.5,2.5734403234063197e-16
1027.5,2.5734403234063197e-16
1028.5,2.5734403234063197e-16
1029.5,2.5734403234063197e-16
1030.5,2.5734403234063197e-16
1031.5,2.5734403234063197e-16
1032.5,2.5734403234063197e-16
1033.5,2.5734403234063197e-16
1034.5,2.5734403234063197e-16
1035.5,2.5734403234063197e-16
1036.5,2.5734403234063197e-16
1037.5,2.5734403234063197e-16
1038.5,2.5734403234063197e-16
1039.5,2.5734403234063197e-16
1040.5,2.5734403234063197e-16
1041.5,2.5734403234063197e-16
1042.5,2.5734403234063197e-16
1043.5,2.5734403234063197e-16
1044.5,2.5734403234063197e-16
1045.5,2.5734403234063197e-16
1046.5,2.5734403234063197e-16
1047.5,2.5734403234063197e-16
1048.5,2.5734403234063197e-16
1049.5,2.5734403234063197e-16
1050.5,2.5734403234063197e-16
1051.5,2.5734403234063197e-16
1052.5,2.5734403234063197e-16
1053.5,2.5734403234063197e-16
1054.5,2.5734403234063197e-16
1055.5,2.5734403234063197e-16
1056.5,2.5734403234063197e-16
1057.5,2.5734403234063197e-16
1058.5,2.5734403234063197e-16
1059.5,2.5734403234063197e-16
1060.5,2.5734403234063197e-16
1061.5,2.5734403234063197e-16
1062.5,2.5734403234063197e-16
1063.5,2.5734403234063197e-16
1064.5,2.5734403234063197e-16
1065.5,2.5734403234063197e-16
1066.5,2.5734403234063197e-16
1067.5,2.5734403234063197e-16
1068.5,2.5734403234063197e-16
1069.5,2.5734403234063197e-16
1070.5,2.5734403234063197e-16
1071.5,2.5734403234063197e-16
1072.5,2.5734403234063197e-16
1073.5,2.5734403234063197e-16
1074.5,2.5734403234063197e-16
1075.5,2.5734403234063197e-16
1076.5,2.5734403234063197e-16
1077.5,2.5734403234063197e-16
1078.5,2.5734403234063197e-16
1079.5,2.5734403234063197e-16
1080.5,2.5734403234063197e-16
1081.5,2.5734403234063197e-16
1082.5,2.5734403234063197e-16
1083.5,2.5734403234063197e-16
1084.5,2.5734403234063197e-16
1085.5,2.5734403234063197e-16
1086.5,2.5734403234063197e-16
1087.5,2.5734403234063197e-16
1088.5,2.5734403234063197e-16
1089.5,2.5734403234063197e-16
1090.5,2.5734403234063197e-16
1091.5,2.5734403234063197e-16
1092.5,2.5734403234063197e-16
1093.5,2.5734403234063197e-16
1094.5,2.5734403234063197e-16
1095.5,2.5734403234063197e-16
1096.5,2.5734403234063197e-16
1097.5,2.5734403234063197e-16
1098.5,2.5734403234063197e-16
1099.5,2.5734403234063197e-16
1100.5,2.5734403234063197e-16
1101.5,2.5734403234063197e-16
1102.5,2.5734403234063197e-16
1103.5,2.5734403234063197e-16
1104.5,2.5734403234063197e-16
1105.5,2.5734403234063197e-16
1106.5,2.5734403234063197e-16
1107.5,2.5734403234063197e-16
1108.5,2.5734403234063197e-16
1109.5,2.5734403234063197e-16
1110.5,2.5734403234063197e-16
1111.5,2.5734403234063197e-16
1112.5,2.5734403234063197e-16
1113.5,2.5734403234063197e-16
1114.5,2.5734403234063197e-16
1115.5,2.5734403234063197e-16
1116.5,2.5734403234063197e-16
1117.5,2.5734403234063197e-16
1118.5,2.5734403234063197e-16
1119.5,2.5734403234063197e-16
1120.5,2.5734403234063197e-16
1121.5,2.5734403234063197e-16
1122.5,2.5734403234063197e-16
1123.5,2.5734403234063197e-16
1124.5,2.5734403234063197e-16
1125.5,2.5734403234063197e-16
1126.5,2.5734403234063197e-16
1127.5,2.5734403234063197e-16
1128.5,2.5734403234063197e-16
1129.5,2.5734403234063197e-16
1130.5,2.5734403234063197e-16
1131.5,2.5734403234063197e-16
1132.5,2.5734403234063197e-16
1133.5,2.5734403234063197e-16
1134.5,2.5734403234063197e-16
1135.5,2.5734403234063197e-16
1136.5,2.5734403234063197e-16
1137.5,2.5734403234063197e-16
1138.5,2.5734403234063197e-16
1139.5,2.5734403234063197e-16
1140.5,2.5734403234063197e-16
1141.5,2.5734403234063197e-16
1142.5,2.5734403234063197e-16
1143.5,2.5734403234063197e-16
1144.5,2.5734403234063197e-16
1145.5,2.5734403234063197e-16
1146.5,2.5734403234063197e-16
1147.5,2.5734403234063197e-16
1148.5,2.5734403234063197e-16
1149.5,2.5734403234063197e-16
1150.5,2.5734403234063197e-16
1151.5,2.5734403234063197e-16
1152.5,2.5734403234063197e-16
1153.5,2.5734403234063197e-16
1154.5,2.5734403234063197e-16
1155.5,2.5734403234063197e-16
1156.5,2.5734403234063197e-16
1157.5,2.5734403234063197e-16
1158.5,2.5734403234063197e-16
1159.5,2.5734403234063197e-16
1160.5,2.5734403234063197e-16
1161.5,2.5734403234063197e-16
1162.5,2.5734403234063197e-16
1163.5,2.5734403234063197e-16
1164.5,2.5734403234063197e-16
1165.5,2.5734403234063197e-16
1166.5,2.5734403234063197e-16
1167.5,2.5734403234063197e-16
1168.5,2.5734403234063197e-16
1169.5,2.5734403234063197e-16
