trappist-1/STIS/new_bk_means/TRAPPIST-1_G140M_newbk_mean_2018-09.ecsv
# %ECSV 0.9
# ---
# datatype:
# - name: WAVELENGTH
#   unit: Angstrom
#   datatype: float64
# - name: FLUX
#   unit: erg / (Angstrom cm2 s)
#   datatype: float64
# - name: ERROR
#   unit: erg / (Angstrom cm2 s)
#   datatype: float64
# delimiter: ','
# schema: astropy-2.0
WAVELENGTH,FLUX,ERROR
[from data line 500]
1221.6300041447087,6.199965094802895e-18,9.030420257293932e-16
1221.6835859303235,-5.024507373402888e-16,7.352423431996337e-16
1221.7371674723552,-6.144355500980794e-16,5.956172196038948e-16
1221.7907487708067,2.7809986306669977e-16,9.98007525812647e-16
1221.8443298256811,1.5386301860206204e-15,1.3467190491381189e-15
1221.8979106369825,4.024659832062223e-16,9.29216791293531e-16
1221.9514912047134,-4.079496853724125e-16,6.597935861570459e-16
1222.0050715288778,-7.52224027288257e-16,4.22547912145723e-16
1222.0586516094786,-2.1384352816014427e-16,6.28173765642962e-16
1222.1122314465192,-3.9887426909515606e-16,6.367770764581173e-16
1222.1658110400026,-3.7511517130843877e-16,6.330806766466113e-16
1222.2193903899329,-4.4214357487778017e-16,5.824843324572063e-16
1222.272969496313,1.08360609208664e-16,8.516423338623081e-16
1222.326548359146,5.244283070277581e-16,9.542397890898517e-16
1222.3801269784353,1.2603922470065644e-16,9.439684437521602e-16
1222.4337053541847,-4.3512445019337327e-16,6.962144905640719e-16
1222.4872834863972,-2.341220051989645e-16,5.754329846725388e-16
1222.5408613750758,7.074670367395083e-16,9.064589840154457e-16
1222.5944390202242,4.3338027807722836e-16,9.973468526350746e-16
1222.6480164218456,1.1055602501130719e-15,9.430111350155095e-16
1222.7015935799434,1.5364782286705106e-15,1.031460219793231e-15
1222.755170494521,6.660201332230249e-16,9.91879774994401e-16
1222.8087471655815,-3.7332153338038503e-16,6.862457494700088e-16
1222.8623235931282,-1.3923069376499326e-16,6.603671220146368e-16
1222.915899777165,-3.4060297489334784e-16,5.656449929229556e-16
1222.969475717694,-2.337504678246258e-16,8.296341559115122e-16
1223.02305141472,3.8339263609116066e-16,8.712408334178822e-16
1223.0766268682453,7.106938472768031e-16,9.372357028041639e-16
1223.1302020782734,-4.491784963067198e-16,5.678230716312212e-16
1223.1837770448076,-9.545784258643215e-16,3.8927031247260937e-16
1223.2373517678518,-3.7495511724990932e-16,5.567616705449904e-16
1223.2909262474086,2.3339696977073706e-16,7.252449264470667e-16
1223.3445004834819,-1.3734236965623682e-16,6.442781091649376e-16
1223.3980744760743,1.0438725763799503e-15,8.886205212302242e-16
1223.4516482251897,9.616853774700415e-16,1.0645738656165973e-15
1223.5052217308312,4.171298910837778e-17,8.242581300455877e-16
1223.5587949930023,-6.758377217230912e-17,7.722126082803239e-16
1223.6123680117062,-1.6262926020726083e-16,7.580919928328318e-16
1223.665940786946,2.360602900717504e-16,8.58453023105179e-16
1223.7195133187256,3.4284465011050434e-16,9.77414735673322e-16
1223.7730856070477,8.657409293066406e-16,1.063608236853772e-15
1223.8266576519159,2.4092472058440573e-16,8.92644122971338e-16
1223.8802294533336,-2.0688789385512733e-16,7.031590510865549e-16
1223.9338010113036,-1.0394473490023883e-16,6.417315901468519e-16
1223.9873723258304,2.2635690169746085e-16,7.072236541856341e-16
1224.0409433969157,4.0817026828790395e-16,8.546704528718887e-16
1224.0945142245641,1.5662455837754719e-15,1.0312212025375362e-15
1224.1480848087783,-2.4827463369389443e-16,4.356555155397563e-16
1224.2016551495624,-5.781252156024168e-16,4.452440211189519e-16
1224.2552252469186,-2.3756048502570224e-16,5.921938045072814e-16
1224.3087951008508,-1.7738719851102127e-16,6.069314931715663e-16
1224.3623647113623,-5.417539485637402e-16,4.422795814684539e-16
1224.4159340784563,2.74627924127503e-16,6.847266550872956e-16
1224.4695032021364,1.8639163064229763e-16,8.065621173710106e-16
1224.5230720824056,-3.290160834721527e-16,5.346795640388056e-16
1224.576640719267,-2.4924090645219503e-16,6.930032850904425e-16
1224.6302091127245,-7.40514310806648e-17,8.580726712487176e-16
1224.6837772627812,9.098189737413616e-17,6.753368451322545e-16
1224.7373451694405,-4.193769131532866e-16,5.8037976872123e-16
1224.7909128327055,3.472969148074543e-16,7.424592809092934e-16
1224.8444802525796,-3.257387078530443e-16,5.889371251491247e-16
1224.8980474290663,-5.596198945072769e-17,6.75596727905582e-16
1224.9516143621686,-2.990711268975645e-16,5.346374094861403e-16
1225.00518105189,-6.437028811888114e-16,3.6819629728622483e-16
1225.0587474982337,-1.0266819737509199e-16,6.901940812310518e-16
1225.1123137012032,-1.2355819256931517e-16,6.929141422175575e-16
1225.1658796608017,-3.657764674168158e-16,6.007179666978722e-16
1225.2194453770328,-5.72429003044645e-16,4.1266253735847177e-16
1225.273010849899,-8.867713014553226e-16,2.1001371039434756e-16
1225.3265760794045,-8.181910326138516e-16,3.0051783528584754e-16
1225.3801410655522,-1.406209699209245e-16,6.746994126757527e-16
1225.4337058083458,8.106432108699924e-16,9.510067104548105e-16
1225.487270307788,1.7309079856436702e-16,6.453835505969091e-16
1225.5408345638825,-2.067968038315499e-17,5.884081892439472e-16
1225.5943985766328,-6.791872318842776e-16,3.3690239129403804e-16
1225.6479623460418,1.316606809452989e-16,6.455888696608723e-16
1225.701525872113,-2.799273920232306e-16,5.076027528087387e-16
1225.7550891548497,-5.186667312059415e-16,4.244974838490075e-16
1225.808652194255,3.876673807407514e-15,1.3981294239790968e-15
1225.8622149903326,5.150642696945276e-15,1.5830243749319543e-15
1225.915777543086,2.7704100579725426e-16,5.937411733809472e-16
1225.969339852518,-2.2080886233496992e-16,5.294136528877916e-16
1226.022901918632,5.579123455989778e-16,8.473578095122255e-16
1226.0764637414313,-4.735533022187842e-17,5.742852132840746e-16
1226.1300253209197,4.732791111594579e-16,7.145301757044089e-16
1226.1835866570996,5.545833882976656e-16,8.651923672447359e-16
1226.237147749975,5.006254397483218e-17,6.053710309484533e-16
1226.2907085995494,8.279513348892256e-16,7.776911631721839e-16
1226.3442692058256,-4.833842772496405e-17,6.689403211910217e-16
1226.3978295688069,5.344552495723709e-16,6.68183875423977e-16
1226.4513896884969,1.6962105738514478e-16,6.110786374355172e-16
1226.504949564899,-2.7519610004932178e-18,5.77774513992921e-16
1226.5585091980163,8.90088496244616e-16,7.831666323043612e-16
1226.612068587852,1.2662308952834595e-15,8.641459100513278e-16
1226.6656277344098,4.603364489900223e-16,8.19214377685968e-16
1226.719186637693,3.296345593165079e-16,6.72969252771323e-16
1226.772745297704,5.808730106757147e-16,8.640854655086138e-16
1226.8263037144472,8.294569655233235e-16,9.211940409666364e-16
1226.8798618879257,-3.535798095690301e-17,6.575379551338655e-16
1226.9334198181425,4.352386457232617e-17,6.700200685866582e-16
1226.986977505101,2.0099075114761715e-16,6.099703278701284e-16
1227.0405349488049,-3.9668814965049294e-16,4.135443384259547e-16
1227.0940921492568,4.560949659878703e-17,6.559879048175495e-16
1227.1476491064604,-5.568764656148442e-16,3.512684847852667e-16
1227.2012058204193,-7.385156334753568e-16,1.814736396648635e-16
1227.2547622911363,3.422168830561963e-16,6.176928877071383e-16
1227.3083185186154,3.6856177567048073e-16,6.446747939289201e-16
1227.361874502859,6.877066461530923e-16,8.384878061955545e-16
1227.415430243871,-1.9234492794942013e-16,4.69424218301265e-16
1227.4689857416545,5.548613508405079e-16,8.268377576578631e-16
1227.5225409962131,3.2743391099952055e-16,7.747473420837577e-16
1227.57609600755,-6.845892083579239e-16,1.8434130340003314e-16
1227.629650775668,-7.378742941409598e-17,6.193582614498923e-16
1227.6832053005712,-7.936126926727174e-17,4.822507925853437e-16
1227.7367595822627,-3.161317769219596e-16,4.3599835002580205e-16
1227.7903136207453,1.3629352224168719e-15,8.374336134859414e-16
1227.843867416023,1.4607591631773467e-16,5.377244088113251e-16
1227.8974209680987,6.790198341661975e-16,7.228127419169245e-16
1227.9509742769756,6.090594836734907e-16,8.052241451475865e-16
1228.0045273426574,-3.303991015622747e-16,4.0829819093370097e-16
1228.0580801651472,-1.4962623548284462e-16,4.8567088537421e-16
1228.1116327444486,-5.913403569939143e-17,5.862631725186339e-16
1228.1651850805642,-4.010044634589267e-16,4.702388250839651e-16
1228.2187371734983,-3.08379659916713e-16,4.082446928304393e-16
1228.2722890232533,-7.053957142200011e-17,5.606274451383006e-16
1228.325840629833,-2.953782301497672e-16,4.039558116166392e-16
1228.3793919932407,4.059568629811814e-17,5.288663226123556e-16
1228.4329431134797,8.307227720131485e-16,7.367869844795471e-16
1228.486493990553,5.238546448007884e-16,6.569410955151967e-16
1228.5400446244646,1.7718438514166907e-16,6.697232844189695e-16
1228.593595015217,-6.235962570312676e-16,1.5694946527905303e-16
1228.647145162814,2.26891029217265e-16,5.862556784011283e-16
1228.7006950672587,3.900966211321376e-17,6.117868869445966e-16
1228.7542447285546,-6.152869814258384e-16,1.5951999029587513e-16
1228.8077941467047,-1.0869355374723725e-16,4.623799457094063e-16
1228.861343321713,2.825781969290876e-16,7.232353446150122e-16
1228.9148922535821,2.2105966835340797e-16,5.569647680827329e-16
1228.9684409423155,2.717411630293429e-16,5.644804872989944e-16
1229.0219893879164,3.632545495898289e-15,1.3572598273708918e-15
1229.0755375903886,8.003689947227044e-17,4.980478305184918e-16
1229.129085549735,-1.654006356532663e-16,4.456902981668668e-16
1229.1826332659589,5.868345776869129e-17,6.120131964333867e-16
1229.2361807390637,-1.0675418881218428e-16,4.2529068250891504e-16
1229.2897279690528,-5.739221926450863e-16,1.5625779545285214e-16
1229.3432749559295,-2.3958148824110974e-16,3.7548872928189434e-16
1229.396821699697,-1.0906576862155971e-16,4.3991122459130557e-16
1229.4503682003585,-4.3699825687714173e-16,2.544009459093677e-16
1229.5039144579177,2.8685941273884823e-17,4.64618412510289e-16
1229.5574604723774,-3.342454462588453e-17,4.483484033698188e-16
1229.6110062437415,1.5901505386996106e-16,5.121527098998007e-16
1229.664551772013,7.153965072674415e-16,8.079146845816503e-16
1229.718097057195,2.1859415299117954e-15,1.187388413872075e-15
1229.771642099291,1.1823899757725175e-16,3.670082259986746e-16
1229.8251868983045,2.853273917811242e-16,6.457582614268585e-16
1229.8787314542387,-5.1054213436197324e-17,4.370529671736971e-16
1229.9322757670968,3.8698057949329573e-16,6.864220721303353e-16
1229.985819836882,2.637125420592405e-16,6.465019368386553e-16
1230.039363663598,2.8288166241205933e-16,5.42294150034968e-16
1230.0929072472477,-4.1112884236980455e-17,4.394083734165795e-16
1230.1464505878348,-1.6072833495542717e-16,4.796442575012276e-16
1230.1999936853622,2.769403803703263e-17,4.4294540671524193e-16
1230.2535365398337,8.297233135996968e-16,6.6781580845190735e-16
1230.307079151252,-1.8079834269259496e-17,4.257162399376741e-16
1230.3606215196207,-6.270669708520883e-17,4.2452900655024445e-16
1230.4141636449433,-2.8114468104368005e-16,3.2468664323321635e-16
1230.4677055272232,-6.290608064363034e-17,4.0582976382010865e-16
1230.5212471664631,4.978560638578793e-16,5.747272854444088e-16
1230.574788562667,4.878955543174597e-16,6.551181516257364e-16
1230.6283297158377,-3.9838556847401954e-16,1.1893376392710815e-16
1230.6818706259787,5.735914684230265e-16,6.95365270753709e-16
1230.7354112930934,-1.879529347774845e-16,2.717759751480399e-16
1230.7889517171845,1.9872575727889765e-16,4.791709776242139e-16
1230.8424918982566,-1.229736425630576e-16,2.6788719939886734e-16
1230.8960318363117,9.943887549616709e-18,3.2709842437296303e-16
1230.949571531354,8.826127551274767e-16,6.840174926955235e-16
1231.003110983386,4.943241374966209e-16,5.633095843099451e-16
1231.0566501924118,2.726100244648115e-16,5.082995822688976e-16
1231.1101891584344,-9.982206989217556e-17,4.02919380549744e-16
1231.163727881457,3.712770774379644e-16,6.526705649591716e-16
1231.2172663614829,-3.676101126675683e-17,4.3658982033842186e-16
1231.2708045985155,1.642678824558396e-17,5.054068161090929e-16
1231.324342592558,1.925634110576689e-16,4.571732856234022e-16
1231.3778803436142,1.0242480760654345e-16,4.585509433566556e-16
1231.4314178516868,3.7556974258748764e-17,4.266805849927274e-16
1231.4849551167792,2.6453800593899156e-16,4.723880308474186e-16
1231.5384921388952,-4.179889283798856e-17,3.0041759339856557e-16
1231.5920289180372,4.5661865088866564e-17,4.060374522046997e-16
1231.6455654542096,3.749275922320845e-16,5.180726054760336e-16
1231.699101747415,1.495443906584885e-16,4.450929615061593e-16
1231.7526377976565,2.4357987574278374e-17,3.954786665557491e-16
1231.8061736049383,2.9864821125529243e-16,4.666387651550697e-16
1231.859709169263,5.8393530713711e-16,4.564609466375504e-16
1231.9132444906338,1.1152671975163448e-15,6.854618772156998e-16
1231.9667795690546,1.96169064814215e-16,4.2276266769163345e-16
1232.0203144045283,3.7230169825383094e-16,6.430203380977039e-16
1232.0738489970586,3.0202587131644433e-16,5.890666494997308e-16
1232.127383346648,1.1676395070216246e-17,5.104742857636764e-16
1232.1809174533007,-2.1086345470150357e-16,3.3165717307972877e-16
1232.2344513170194,-2.174625159448533e-16,2.228715286248616e-16
1232.287984937808,2.534449465436078e-16,4.556437359591672e-16
1232.3415183156692,7.879413037764304e-16,6.211836855380351e-16
1232.3950514506064,6.974780327109727e-16,5.945926809530192e-16
1232.4485843426235,2.7085709394671574e-16,4.474797493746671e-16
1232.5021169917231,3.1664626723448146e-18,3.7529621768009186e-16
1232.5556493979086,-1.0558330360445377e-16,3.249485244205811e-16
1232.609181561184,4.996024937406866e-18,3.6880564644248326e-16
1232.6627134815517,7.145364658468402e-16,6.769185055117065e-16
1232.7162451590157,6.655300718153039e-16,5.647053497842047e-16
1232.7697765935786,5.776639310524898e-17,3.475696521270644e-16
1232.8233077852444,1.607983344753982e-16,4.3100865567345945e-16
1232.876838734016,5.767778407003203e-16,5.791269683192737e-16
1232.9303694398968,2.343471920661844e-16,5.067464038419492e-16
1232.98389990289,6.28638421032493e-17,3.0825906043886415e-16
1233.0374301229995,2.9110382733881317e-16,6.028620185435548e-16
1233.0909601002277,3.4036343148634336e-16,5.882866181358636e-16
1233.1444898345785,4.980735099842023e-16,6.051749224222193e-16
1233.1980193260551,5.766679763302202e-16,5.112486695586857e-16
1233.251548574661,1.3210910888986123e-15,7.507106354844979e-16
1233.3050775803988,1.0078408673232629e-15,7.054015282142444e-16
1233.3586063432724,1.260244680321172e-16,3.267006903648302e-16
1233.4121348632852,-7.012132243181474e-17,1.736829801677886e-16
1233.46566314044,3.7031412936454635e-16,4.6130751611936705e-16
1233.5191911747409,1.3129677065684582e-16,3.7697306565614495e-16
1233.57271896619,3.9633269239423454e-16,4.733804036075531e-16
1233.626246514792,3.6339954314361754e-16,5.657386008510883e-16
1233.679773820549,2.9743448826159443e-16,4.04514741581998e-16
1233.7333008834648,1.4479081073799368e-16,3.141455404081395e-16
1233.7868277035427,7.576156499661521e-16,7.024826215813029e-16
1233.8403542807864,9.760527608601065e-16,7.274970798250321e-16
1233.8938806151984,4.1319437410416523e-16,5.597256049804142e-16
1233.9474067067829,3.9019014371569304e-16,4.783901159446088e-16
1234.0009325555425,4.709413417434077e-16,5.373303414927322e-16
1234.0544581614806,1.2224093949561964e-16,4.055356333013455e-16
1234.1079835246007,-2.3173910869505634e-16,1.0547049892447308e-16
1234.1615086449062,-2.0468722647018171e-16,1.0835633424842446e-16
1234.2150335224,-2.1315396081789216e-18,2.614166570465704e-16
1234.268558157086,-5.713920626205348e-17,2.096104352904249e-16
1234.3220825489668,-6.879919795426867e-17,2.4701692549063774e-16
1234.3756066980463,1.2640763113446378e-16,4.1066889335437346e-16
1234.4291306043276,2.67555527120769e-16,4.524604998448641e-16
1234.4826542678138,2.6311786599029443e-16,3.472726035425705e-16
1234.5361776885086,5.42222966974132e-16,6.094990988353847e-16
1234.589700866415,1.658014519511452e-16,3.3565037344589e-16
1234.6432238015364,2.5695617158293025e-16,4.3763867623286115e-16
1234.696746493876,1.308618643365446e-16,3.1347811128863763e-16
1234.7502689434373,3.18305659277503e-16,4.551452265575323e-16
1234.8037911502233,3.7181741415864885e-16,3.975688121768691e-16
1234.8573131142377,-3.5899466846083655e-17,1.9616819058834168e-16
1234.9108348354837,2.4964450009315425e-16,3.09634491099879e-16
1234.9643563139641,4.440872991334582e-16,4.225814816038102e-16
1235.0178775496831,8.309743261519976e-17,3.243510733974079e-16
