trappist-1/STIS/new_bk_means/TRAPPIST-1_G140M_newbk_mean_2018-08.ecsv
# %ECSV 0.9
# ---
# datatype:
# - name: WAVELENGTH
#   unit: Angstrom
#   datatype: float64
# - name: FLUX
#   unit: erg / (Angstrom cm2 s)
#   datatype: float64
# - name: ERROR
#   unit: erg / (Angstrom cm2 s)
#   datatype: float64
# delimiter: ','
# schema: astropy-2.0
WAVELENGTH,FLUX,ERROR
[from data line 753]
1234.940525578957,-2.3360606609308998e-18,1.5583445190741895e-16
1234.9938820360271,3.152924911243227e-17,1.8757217224629165e-16
1235.0472382115204,3.2227901943812077e-16,4.1503389933868114e-16
1235.1005941054414,3.141893739909159e-16,4.3161220153398827e-16
1235.1539497177944,9.032830156407286e-17,1.8561832213066691e-16
1235.207305048584,5.626760683973095e-17,1.7266227802068701e-16
1235.2606600978143,-9.029066840203445e-17,5.633063665254944e-17
1235.3140148654904,-1.441522080115011e-16,1.2293242709877023e-19
1235.3673693516164,-2.946960572353525e-17,1.3705055206967216e-16
1235.4207235561967,4.175221179743086e-16,4.646284183535166e-16
1235.4740774792358,4.497794188186264e-16,4.777185513632655e-16
1235.5274311207384,-3.58096550063062e-17,7.433655865705956e-17
1235.5807844807086,1.4901065202111554e-16,2.2869877985139613e-16
1235.634137559151,5.3341574704203e-16,4.495000496666795e-16
1235.6874903560704,8.129606972393064e-16,7.080307682110765e-16
1235.7408428714705,4.4322792400503344e-16,5.128897866799119e-16
1235.7941951053563,2.184418956636026e-16,2.898826364868274e-16
1235.8475470577323,2.6903703347730565e-16,2.4268471254050793e-16
1235.9008987286024,4.1153191612567015e-16,4.653866476842121e-16
1235.9542501179717,2.43938718487875e-16,3.2364448264152584e-16
1236.0076012258446,2.13927572861774e-16,2.5595611964639323e-16
1236.0609520522253,5.811362031211202e-16,4.949491652015478e-16
1236.114302597118,3.5652913612773036e-16,3.7639245743714035e-16
1236.1676528605278,1.9085770142906226e-16,3.116520991445606e-16
1236.2210028424588,6.055587418280311e-16,5.808121710829416e-16
1236.2743525429155,2.299612357071897e-16,3.1152862751306887e-16
1236.3277019619022,3.9561032526776984e-16,4.507347951770946e-16
1236.3810510994235,1.029173255068357e-16,1.7923501077848434e-16
1236.4343999554837,-8.4331210696238e-17,5.668107929540077e-17
1236.4877485300876,-6.019195589576919e-18,9.893792115217943e-17
1236.5410968232395,3.7992916943265e-16,4.291923354362861e-16
1236.5944448349437,2.505715503933196e-16,3.379483678600368e-16
1236.647792565205,1.9547798012520336e-16,2.895077785227025e-16
1236.7011400140275,-4.722847042327596e-17,5.1876214075018275e-17
1236.7544871814157,1.1877640007956285e-16,1.9750464092495027e-16
1236.8078340673742,2.538759343208485e-16,3.2026235954773877e-16
1236.8611806719073,3.3824547652300326e-16,3.480300094474602e-16
1236.9145269950197,3.857488009788851e-16,4.300180878651894e-16
1236.9678730367157,1.2553322044696997e-16,2.1662616895553278e-16
1237.0212187969994,-3.475668837143026e-17,5.541599141726668e-17
1237.074564275876,-8.831011133727879e-17,1.2249842503631116e-19
1237.1279094733493,3.3052276838172757e-16,2.8054674149836717e-16
1237.1812543894239,5.238602196224886e-16,4.1865897668526793e-16
1237.2345990241047,2.806254347095942e-16,3.126039202007435e-16
1237.2879433773958,6.057342004319008e-19,9.219552873723225e-17
1237.3412874493015,2.5166482048336855e-16,2.5050010797188615e-16
1237.3946312398261,3.874931917273375e-16,3.0139628203444497e-16
1237.447974748975,1.499107373742639e-16,1.721332990350791e-16
1237.5013179767516,-3.216599311857879e-17,4.8237029774689764e-17
1237.554660923161,1.1478350644494557e-16,1.3444737736450567e-16
1237.6080035882073,4.0620010759736565e-16,3.388608018457791e-16
1237.6613459718951,3.892625438111076e-16,4.0185674376883473e-16
1237.714688074229,4.640517730366929e-16,4.477136281353598e-16
1237.768029895213,1.283228853365012e-16,1.9807955799281752e-16
1237.821371434852,1.7847123185916154e-16,2.4661154854906386e-16
1237.8747126931503,3.7323482116558357e-16,2.9089117493287944e-16
1237.9280536701121,2.541778801063567e-16,2.305676938696215e-16
1237.9813943657423,2.996423032711374e-16,2.3703938011228145e-16
1238.034734780045,9.996433968049957e-17,9.379952677939482e-17
1238.0880749130251,9.111480471578251e-18,9.806880431029724e-17
1238.1414147646867,1.452526298606694e-16,2.6001117892300286e-16
1238.194754335034,4.289808691060191e-16,4.3391410355693027e-16
1238.2480936240722,2.564597341471638e-16,3.001179229726855e-16
1238.3014326318048,1.2229383026403055e-16,1.8709951378081159e-16
1238.3547713582368,2.5355927509607187e-16,3.327569593332e-16
1238.408109803373,2.0201885077694079e-16,2.1479411343249373e-16
1238.461447967217,4.240108398206133e-16,3.9423044897873684e-16
1238.514785849774,3.883940636760787e-16,3.340005006894343e-16
1238.568123451048,1.6004154886390257e-16,1.7049427830145332e-16
1238.6214607710438,2.0539497302334414e-16,1.8713119024737367e-16
1238.6747978097656,4.466181888674491e-16,4.318516552001373e-16
1238.7281345672177,2.634807983573124e-16,2.560518228527244e-16
1238.7814710434047,2.855632079354121e-16,3.238601994609541e-16
1238.8348072383312,2.106073461892779e-16,2.7594924821056076e-16
1238.8881431520017,2.803121219466129e-16,2.904866988976734e-16
1238.9414787844205,5.143375912550787e-17,9.518092233709069e-17
1238.994814135592,2.2518156417334147e-16,2.5745231444707364e-16
1239.0481492055205,9.263792606703094e-17,1.512090182296936e-16
1239.1014839942109,1.7654551079588073e-16,2.1983394101013054e-16
1239.1548185016673,3.0161529657510853e-16,3.3589476210521905e-16
1239.2081527278942,3.403698937818322e-16,3.7743986258565166e-16
1239.261486672896,1.661271353068839e-16,2.045064283935354e-16
1239.3148203366775,1.0249720344148349e-16,1.3961370002773932e-16
1239.3681537192426,1.379458280343848e-17,4.9875572701727324e-17
1239.4214868205963,-3.568415070525886e-17,1.1961095173814244e-19
1239.4748196407427,3.7595403820950533e-16,3.561087449723446e-16
1239.528152179686,4.4286246302522824e-16,4.470323761703424e-16
1239.5814844374313,1.591935179917304e-16,1.912419352655837e-16
1239.6348164139827,3.563761417609107e-16,2.950755640618769e-16
1239.6881481093446,1.809944752484113e-16,1.8744438168740978e-16
1239.7414795235218,2.1971810205224304e-16,2.62198299711228e-16
1239.7948106565182,1.975105187798723e-17,5.0537219688853395e-17
1239.8481415083386,5.85989783168091e-17,1.1544820479212774e-16
1239.9014720789874,2.0690147829573124e-16,1.9434713748245974e-16
1239.954802368469,1.6003254582233185e-16,1.5886002414239256e-16
1240.008132376788,2.6835845851620827e-16,2.9535506413404745e-16
1240.061462103948,2.4013880658467885e-17,4.9382413600261786e-17
1240.114791549955,6.962159793042557e-17,9.48644879456025e-17
1240.1681207148122,5.156407761844442e-16,4.2473441159464593e-16
1240.2214495985245,2.9322720214777237e-16,3.999766938050629e-16
1240.2747782010965,1.2076808554900973e-16,2.73719972826983e-16
1240.3281065225322,3.46624225163021e-16,3.4325403357282763e-16
1240.3814345628364,1.2329065500130875e-16,1.1760750625432612e-16
1240.4347623220133,1.6088289960265102e-16,1.2886970226231815e-16
1240.4880898000677,1.623390895058821e-16,1.5413506096098313e-16
1240.5414169970036,1.5436068441817158e-16,1.74103244847789e-16
1240.5947439128258,2.0049906550931407e-16,2.315396382014581e-16
1240.6480705475385,4.177444679286744e-16,4.2442635450179937e-16
1240.7013969011464,2.137520971393982e-16,2.1753037773272953e-16
1240.7547229736535,4.310683053100655e-16,3.415733409079382e-16
1240.808048765065,1.7346078992872256e-16,1.3001661909354947e-16
1240.8613742753846,2.1628794300892778e-16,2.3352165448819655e-16
1240.9146995046171,1.0992294690029018e-16,1.265029399588955e-16
1240.9680244527672,1.5322653811963366e-16,1.6978416178433758e-16
1241.0213491198385,2.5130934824625e-16,2.6693695184131807e-16
1241.0746735058362,4.997996521314567e-16,3.2698249301137054e-16
1241.1279976107646,3.1478719715193085e-16,2.363643544539812e-16
1241.1813214346282,3.4777851682838827e-17,4.942155614194359e-17
1241.2346449774311,4.0201315075079745e-16,2.9952638850733925e-16
1241.2879682391779,1.3005327997681219e-16,8.340589058888836e-17
1241.341291219873,-1.356158049463922e-17,1.173827293672704e-19
1241.3946139195214,-1.3851451122236046e-17,1.1842618215780042e-19
1241.4479363381265,-1.2747541048640081e-17,1.1693781009044794e-19
1241.5012584756937,8.20455047617627e-17,9.448661812258749e-17
1241.554580332227,3.5775103955813525e-16,3.6997803748392795e-16
1241.607901907731,8.154533171704815e-17,9.406453328755825e-17
1241.66122320221,-1.192052107825461e-17,1.172601375824077e-19
1241.7145442156686,8.200447049024794e-17,9.506577783465578e-17
1241.7678649481109,1.9866558882578563e-16,2.2146373729096004e-16
1241.8211853995417,1.8158142361739546e-16,1.8574649789288507e-16
1241.8745055699653,4.721867616127203e-17,5.1377832645172444e-17
1241.9278254593862,8.17090935733542e-17,9.238079694437597e-17
1241.981145067809,3.157960004123091e-16,2.7189973590912013e-16
1242.0344643952378,2.0027338687034314e-16,1.8327697504593024e-16
1242.0877834416772,2.6115251141069575e-16,2.7232693246581815e-16
1242.1411022071316,2.758692497368728e-16,2.867965863258865e-16
1242.1944206916053,1.9387262315111322e-16,2.270742628873432e-16
1242.247738895103,1.0610221837478108e-16,1.4108242480242951e-16
1242.3010568176296,1.920442124239459e-17,3.6074219420164584e-17
1242.3543744591889,1.0154216320088912e-16,1.1996818263563104e-16
1242.407691819785,1.6982866370409457e-16,1.272711456204073e-16
1242.461008899423,3.230685191863206e-16,2.765011313337619e-16
1242.514325698107,2.41876538652229e-16,2.368565930045938e-16
1242.5676422158417,-1.0189208944271599e-17,1.1629662395925266e-19
1242.6209584526316,1.2685800298859623e-16,1.3734121730158396e-16
1242.6742744084806,1.232660922327091e-16,1.3368855751304115e-16
1242.7275900833938,-1.0478801494191708e-17,1.1657969541165597e-19
1242.7809054773754,-1.0668607132070945e-17,1.1689873112601076e-19
1242.8342205904294,-1.1331803668597255e-17,1.17640576330257e-19
1242.887535422561,-1.0588216120564138e-17,1.160042878063437e-19
1242.9408499737742,-1.1156119827297535e-17,1.16559887458765e-19
1242.9941642440735,-1.043341062607245e-17,1.1498268751409412e-19
1243.0474782334632,8.073669339508714e-17,9.160715596153206e-17
1243.1007919419478,3.204603966087111e-17,4.294993339608442e-17
1243.154105369532,3.6051848040627793e-16,2.9167650321027323e-16
1243.20741851622,1.768984014640514e-16,1.6001214508037617e-16
1243.2607313820165,5.933915126180581e-17,5.69105615486063e-17
1243.3140439669255,8.195889593887001e-17,9.385946848650901e-17
1243.367356270952,3.432234344114722e-17,4.645669915529876e-17
1243.4206682941,-1.2616392313420004e-17,1.1514542920217102e-19
1243.4739800363739,-1.235487062860844e-17,1.1420557119807295e-19
1243.5272914977784,2.1476647768462518e-16,2.2777868567391146e-16
1243.580602678318,2.502635554095827e-16,2.6225247537265e-16
1243.6339135779965,3.024632873848909e-17,4.379297048715404e-17
1243.6872241968194,3.3202409058655947e-16,2.709737521089435e-16
1243.7405345347904,2.765664563887094e-17,4.200094625419544e-17
1243.7938445919137,4.415404083197868e-17,5.852506294510169e-17
1243.8471543681944,9.03725840561705e-17,1.0565002532897049e-16
1243.900463863637,1.9467018904809405e-16,2.1012068044379786e-16
1243.9537730782451,2.705384204980042e-17,4.31456261561511e-17
1244.007082012024,1.779934494208681e-17,4.3087406781910715e-17
1244.0603906649776,4.791538268627841e-17,8.12522865735436e-17
1244.1136990371106,-1.7025553902487542e-17,1.133034409563031e-19
1244.1670071284275,1.1485097449647122e-16,1.329805064124136e-16
1244.2203149389325,5.189892464734135e-16,4.830277729785848e-16
1244.27362246863,1.1261990063348406e-16,1.0609261763444243e-16
1244.3269297175248,7.062816198565062e-17,9.119995580888967e-17
1244.380236685621,3.08968565762675e-16,2.7428789644976764e-16
1244.4335433729232,1.1042205589737277e-16,1.0670386861780282e-16
1244.486849779436,-2.1530456797625894e-17,1.1401563018201507e-19
1244.5401559051631,-2.1633061750171227e-17,1.131514706671867e-19
1244.59346175011,2.6560099269509136e-17,4.928896826989097e-17
1244.6467673142804,1.303623789871573e-16,1.5460299989964542e-16
1244.7000725976789,8.201080751429864e-17,1.0680523714061334e-16
1244.7533776003097,-2.4917646966361428e-17,1.1407547774112507e-19
1244.806682322178,1.9131572406004997e-16,2.1910424586051462e-16
1244.8599867632875,1.4793505146550699e-16,1.7463337060125529e-16
1244.913290923643,-2.6840630570105465e-17,1.1327229160029834e-19
1244.9665948032487,6.323997447834357e-17,9.09865938657125e-17
1245.0198984021092,1.9848583582087126e-16,2.2748727672708357e-16
1245.073201720229,1.942447379031248e-16,2.232404865598178e-16
1245.1265047576123,2.349708242477249e-16,2.738961484936325e-16
1245.1798075142638,2.1595311725103968e-17,6.995849559383304e-17
1245.2331099901878,2.57713200986669e-16,2.4545880066907284e-16
1245.2864121853886,2.654874063547047e-16,2.746535550555421e-16
1245.3397140998707,1.3842867276523245e-16,1.7293589377749994e-16
1245.3930157336385,5.2667809550961675e-17,8.702544325909508e-17
1245.446317086697,5.228976972080653e-18,4.060009375849186e-17
1245.49961815905,-3.570758569027407e-17,1.122360887011308e-19
1245.552918950702,-3.694514533268814e-17,1.1284410421055677e-19
1245.6062194616577,5.501481584031891e-17,9.309642962285212e-17
1245.6595196919213,4.0114025406271436e-18,4.315075181574145e-17
1245.7128196414972,4.552440835978323e-17,8.625784653229144e-17
1245.76611931039,-1.6971492558247265e-18,3.985658321711959e-17
1245.8194186986043,9.11639837966563e-17,1.3382481076808635e-16
1245.8727178061438,-6.793889353416489e-18,5.722002294054185e-17
1245.926016633014,6.974588529446577e-17,1.2358190118018377e-16
1245.9793151792185,1.7282241655654987e-16,2.1778227787671769e-16
1246.032613444762,1.576520699903758e-16,2.0375627554867742e-16
1246.0859114296493,-1.0029457033945358e-17,3.747948123316015e-17
1246.1392091338842,-1.73082876931274e-17,6.43003430693234e-17
1246.1925065574715,-4.969159386625512e-17,1.121215715993329e-19
1246.2458037004155,7.99936844062771e-17,1.3126624822840297e-16
1246.2991005627207,1.0469353150601835e-16,1.567424584043707e-16
1246.3523971443915,3.725503864065093e-17,9.045153446170801e-17
1246.4056934454325,1.9533950829012072e-16,2.332853324358536e-16
1246.458989465848,3.7093422680104213e-17,8.554567521902282e-17
1246.5122852056422,-5.721349897767495e-17,1.1249624165822525e-19
1246.56558066482,3.1837275328051395e-17,9.070831948673731e-17
1246.6188758433852,-1.9257614334976916e-17,4.081748739704719e-17
1246.6721707413426,-1.3172459606376966e-17,6.633127665757595e-17
1246.7254653586972,1.4539918637884683e-16,1.6063374064043365e-16
1246.7787596954527,3.330992098657746e-17,9.467280822263045e-17
1246.8320537516136,-4.80026551901258e-17,4.82704327543045e-17
1246.8853475271842,2.8785235115722902e-16,2.875446364265674e-16
1246.9386410221696,5.414551473395173e-17,1.2441156036429853e-16
1246.9919342365733,-3.1269461212894127e-17,3.8632014830497075e-17
1247.0452271704007,5.948367539642427e-17,1.3000328784094932e-16
1247.0985198236556,-7.1800895565901e-17,1.114651233749516e-19
1247.1518121963425,1.0530133167110719e-16,1.2641081675790476e-16
1247.2051042884664,3.412776523855096e-17,8.608411280610332e-17
1247.2583961000307,1.417571307120895e-16,2.17763517699489e-16
1247.3116876310405,-3.9925140350072856e-17,3.783962589450984e-17
1247.3649788815005,-7.875664327510064e-17,1.1024872673080021e-19
1247.4182698514144,1.1343295935123208e-16,1.9911012286914144e-16
1247.4715605407873,1.8329566006312098e-16,2.906810795390145e-16
1247.524850949623,-8.336268740416195e-17,1.1000686264281495e-19
1247.5781410779264,-8.55769757957208e-17,1.1106455990151598e-19
1247.6314309257016,4.3198906679444874e-17,1.302333345089313e-16
1247.6847204929534,6.564220300895012e-18,9.538598682005917e-17
1247.738009779686,1.705459439264766e-16,2.608476241164852e-16
1247.791298785904,6.808121029607004e-17,1.6038265143895932e-16
1247.8445875116115,-7.030568274294099e-18,8.664520509267357e-17
1247.8978759568133,-5.895182784279812e-17,3.74037031262632e-17
1247.9511641215136,1.2495946050322336e-16,2.2196475984151779e-16
1248.004452005717,-1.776453664265732e-17,1.0099725523741582e-16
1248.0577396094272,-8.22336383899853e-17,2.672516886193526e-17
1248.1110269326498,-1.0238004481135633e-16,1.1084614806593473e-19
1248.1643139753885,3.346510517916446e-17,1.3701995477466858e-16
1248.2176007376481,-1.0513794803274579e-16,1.0940908908328066e-19
