trappist-1/STIS/new_bk_means/TRAPPIST-1_G140M_newbk_mean_2016-12.ecsv
# %ECSV 0.9
# ---
# datatype:
# - name: WAVELENGTH
#   unit: Angstrom
#   datatype: float64
# - name: FLUX
#   unit: erg / (Angstrom cm2 s)
#   datatype: float64
# - name: ERROR
#   unit: erg / (Angstrom cm2 s)
#   datatype: float64
# delimiter: ','
# schema: astropy-2.0
WAVELENGTH,FLUX,ERROR
[from data line 750]
1234.5102535522387,1.0287290035269447e-15,8.147662985473071e-16
1234.5635918221815,2.2961793579534066e-16,3.456285683690607e-16
1234.6169297751637,7.967749964403882e-16,6.089856780686062e-16
1234.6702674111916,3.942547701858876e-16,3.174996206171418e-16
1234.7236047302702,-4.922587935431305e-17,1.1216955649842585e-18
1234.7769417324057,1.790956648608895e-16,2.2395668035278165e-16
1234.8302784176035,-3.875409501457873e-17,1.4460265199484534e-18
1234.8836147858694,1.0393058757208742e-15,8.453576929683062e-16
1234.9369508372088,-2.2850346990238296e-17,3.4666053803599894e-17
1234.9902865716274,6.234871619638304e-16,5.274284971837211e-16
1235.043621989131,1.1346222573713775e-15,8.379318730750156e-16
1235.0969570897253,2.0587826796453003e-16,2.311051546060369e-16
1235.1502918734157,1.9567554643489203e-16,2.1534643080158907e-16
1235.203626340208,2.0060074245695512e-16,2.193531492421884e-16
1235.2569604901078,4.165579967892239e-16,4.362858483112592e-16
1235.310294323121,-9.090287489948768e-18,1.307669524126671e-19
1235.3636278392528,2.127082676114893e-16,2.21421692451811e-16
1235.4169610385093,4.404047753846678e-16,3.163892847221785e-16
1235.4702939208955,6.663937193912672e-16,5.3940748542279e-16
1235.5236264864177,2.383736782496218e-16,2.3696736354445733e-16
1235.5769587350815,3.127538099490781e-17,7.3693339165669e-17
1235.630290666892,2.2744477552488165e-16,2.1851672600498786e-16
1235.6836222818556,4.502830895646496e-16,3.106168704303578e-16
1235.7369535799774,1.0992076759841641e-15,6.885663187322918e-16
1235.790284561263,6.478560436218444e-16,5.109291836677859e-16
1235.8436152257186,2.4030857300319486e-16,2.2122929597075231e-16
1235.8969455733493,4.457220894050762e-16,2.975532992873702e-16
1235.950275604161,2.5802333910545854e-16,2.303976585934261e-16
1236.0036053181593,2.493246987322719e-16,2.5633379432114774e-16
1236.0569347153496,4.142399650446876e-17,6.9262633832471146e-18
1236.110263795738,2.5352080352475564e-16,2.2029962000286514e-16
1236.16359255933,3.9395170318293484e-17,1.2843865418819987e-19
1236.216921006131,4.845437907785043e-16,3.14524949403299e-16
1236.270249136147,4.2240492804874986e-16,4.045379042793042e-16
1236.3235769493836,2.5882968324234554e-16,2.1528541088769355e-16
1236.376904445846,4.966327343169949e-16,3.181373266463996e-16
1236.4302316255403,4.911350988716736e-17,1.0555411490249582e-18
1236.4835584884718,2.628534209617042e-16,2.0765661521792857e-16
1236.5368850346467,1.293641084002185e-16,1.2898193129824688e-16
1236.5902112640701,6.200810439392119e-16,5.942852825800319e-16
1236.6435371767477,6.541770925896069e-17,5.690758845759993e-18
1236.6968627726856,2.749699005163702e-16,2.127196120775664e-16
1236.7501880518887,6.759695384294127e-17,1.13400214186978e-18
1236.8035130143635,1.0329730230054308e-15,7.910208966081614e-16
1236.8568376601147,5.256226795692909e-16,3.2473854157718863e-16
1236.910161989149,5.161415098284547e-16,3.1506067117832613e-16
1236.9634860014714,2.8256978839010456e-16,2.0892879887283732e-16
1237.0168096970874,6.86802126140185e-16,6.307759769433486e-16
1237.0701330760028,5.158457900502539e-16,4.384495644993582e-16
1237.1234561382237,7.063947370178431e-16,6.247990294148481e-16
1237.1767788837553,3.0689502221307066e-16,2.24588929461145e-16
1237.2301013126032,7.157888818696799e-16,5.083552909466437e-16
1237.283423424773,5.288256154895366e-16,3.1422239893534244e-16
1237.3367452202706,4.998765170120277e-16,4.1003041993449994e-16
1237.3900666991015,3.1883304893574005e-16,2.2957142686208333e-16
1237.4433878612717,1.4882048708164764e-16,1.0756580828843775e-16
1237.4967087067862,5.305662226881824e-16,4.3776328556236976e-16
1237.550029235651,4.289099829803001e-16,2.6904007549680016e-16
1237.6033494478718,3.0816330169197733e-16,2.1216851137836288e-16
1237.656669343454,3.1339391371041835e-16,2.1538557913557366e-16
1237.7099889224037,3.475846164910215e-16,4.1027947835918734e-16
1237.763308184726,8.296831424245944e-16,4.271830974835647e-16
1237.8166271304267,3.1772345281174095e-16,2.1548853014949266e-16
1237.8699457595114,5.336920774725001e-16,4.258826338311529e-16
1237.923264071986,1.0441032872306576e-16,1.353262632290136e-19
1237.9765820678563,5.356322535131546e-16,4.2697299147648396e-16
1238.0298997471273,1.1570662396467067e-16,5.9086967824767614e-18
1238.083217109805,5.331337894426481e-16,2.9767688164693263e-16
1238.1365341558949,4.575030332495934e-16,3.782327111157064e-16
1238.189850885403,2.489179438948245e-16,1.7213501482413865e-16
1238.2431672983344,9.030454637218745e-16,5.851178132395215e-16
1238.2964833946953,3.280323653562089e-16,2.1150131142879342e-16
1238.349799174491,3.400136093571775e-16,2.2510258073470046e-16
1238.403114637727,5.440786152400722e-16,3.0030533550801296e-16
1238.4564297844095,4.545733220983293e-16,2.6037257960834985e-16
1238.5097446145433,1.2015395352024845e-16,1.048453487938479e-18
1238.563059128135,3.2867677588431883e-16,2.0509486794269674e-16
1238.6163733251894,3.4015026544726995e-16,2.1777666622661628e-16
1238.6696872057125,5.49298366546453e-16,4.2604542422428317e-16
1238.72300076971,5.549490077889912e-16,4.2987045124073916e-16
1238.7763140171876,9.748440848608289e-16,4.275874035714826e-16
1238.829626948151,1.2624567786792733e-16,1.0319332745238604e-18
1238.8829395626053,7.479262452859152e-16,6.199458162780609e-16
1238.9362518605567,1.342176424689453e-16,6.97161399882367e-18
1238.9895638420105,3.9371191225216253e-16,3.1274297056509966e-16
1239.0428755069722,1.3049379451266686e-16,3.1606184413693667e-18
1239.0961868554482,3.3698378456880356e-16,2.0568378079958626e-16
1239.1494978874432,1.3707431373879035e-16,6.573894254340553e-18
1239.2028086029634,2.4095908934675517e-16,1.5090753803145507e-16
1239.2561190020144,3.5476328324783927e-16,2.250579673082115e-16
1239.3094290846016,8.57583001758057e-16,6.424713325842754e-16
1239.3627388507307,3.006152152412712e-16,1.9209696678212115e-16
1239.4160483004077,5.519710912021588e-16,4.1742685490235094e-16
1239.469357433638,6.506222027426216e-16,4.44579402827163e-16
1239.5226662504267,4.0144048572510934e-16,3.2221487126930463e-16
1239.5759747507802,3.426809082265452e-16,2.0695850701365716e-16
1239.6292829347037,3.4863348842550076e-16,2.1532726583146966e-16
1239.6825908022033,1.3641120691624366e-16,1.2670885571090677e-19
1239.735898353284,1.3426962279924734e-16,1.312264964224791e-19
1239.789205587952,3.516782593451642e-16,2.1519532628521061e-16
1239.8425125062126,3.459703471852282e-16,2.1064229737187537e-16
1239.8958191080715,3.5208655931617913e-16,2.1442216751373394e-16
1239.9491253935344,8.555965115231234e-16,5.500516015739358e-16
1240.0024313626068,1.8122484724594074e-16,9.173373708148185e-17
1240.0557370152944,-3.878347563655868e-16,4.3429294000666465e-17
1240.109042351603,3.1756651051725387e-16,3.008753419103406e-16
1240.1623473715379,1.3423041846240317e-16,9.025756038570067e-19
1240.2156520751048,2.1365405201357201e-16,1.2679047171967252e-16
1240.26895646231,1.3596264868843706e-16,1.2666837440234621e-19
1240.3222605331582,1.3725722917693321e-16,1.0505015470548355e-18
1240.3755642876554,3.417969737751198e-16,2.0588698776740955e-16
1240.4288677258073,5.582828038874056e-16,2.991729108323569e-16
1240.4821708476195,3.478462784025334e-16,2.1466825931215933e-16
1240.5354736530976,3.4529317594391897e-16,2.0955447001681786e-16
1240.5887761422475,3.5559757151933693e-16,2.2400200806734795e-16
1240.642078315074,3.3932129587593707e-16,2.0601689192017297e-16
1240.6953801715838,1.31848268830045e-16,1.28310919999303e-19
1240.748681711782,5.581033753439618e-16,3.01189637652214e-16
1240.8019829356742,3.373067488468724e-16,2.0642989010198249e-16
1240.855283843266,3.3623537351383596e-16,2.0506414406433143e-16
1240.9085844345632,3.371863032430815e-16,2.0943213150951408e-16
1240.9618847095715,3.4823913655417167e-16,2.1669570841084967e-16
1241.0151846682963,1.2964057364470136e-16,1.4595768189393483e-18
1241.0684843107433,7.491129523580338e-16,5.006673189365939e-16
1241.1217836369183,3.3257484150771387e-16,2.0590506922359307e-16
1241.1750826468265,3.373058472042718e-16,2.108584318619756e-16
1241.228381340474,3.3561407606827075e-16,2.1308838798681927e-16
1241.2816797178664,3.4637969564483406e-16,2.2130665965118136e-16
1241.3349777790088,5.175231343470863e-16,3.9336088068295395e-16
1241.3882755239074,1.2648465404134685e-16,5.7641773269349375e-18
1241.4415729525676,1.1939858930098213e-16,1.2946643499129546e-19
1241.4948700649952,1.2085633128385241e-16,1.2385925957965283e-19
1241.5481668611956,1.1554420002625616e-16,1.3227430636705357e-19
1241.6014633411746,1.1784031111677086e-16,1.2519017656349397e-19
1241.6547595049376,1.1757493719353407e-16,1.2278916487143282e-19
1241.7080553524904,1.1453513944032113e-16,1.264213374068639e-19
1241.7613508838385,1.1440921714928978e-16,1.2393693641035922e-19
1241.814646098988,4.707043018388123e-16,3.79655351353964e-16
1241.8679409979438,1.172173369855876e-16,6.6358500959445905e-18
1241.9212355807122,3.1052754485891276e-16,2.0363338248025794e-16
1241.9745298472985,1.0666595851121061e-16,1.2749005160675415e-19
1242.0278237977082,1.0593792177012408e-16,1.2582894080908463e-19
1242.081117431947,2.520972180258572e-16,1.699875054539475e-16
1242.1344107500208,3.0323115670207014e-16,2.005521580943341e-16
1242.1877037519348,2.993388346291001e-16,1.993542129929347e-16
1242.2409964376952,2.9894739791322066e-16,2.000784080828776e-16
1242.2942888073069,9.519106395830595e-17,1.302919280103095e-19
1242.3475808607761,9.553382546148274e-17,1.029683999969927e-18
1242.4008725981082,2.9419989419743865e-16,1.999997437534592e-16
1242.4541640193088,4.998915068073313e-16,4.0909811930799073e-16
1242.5074551243838,2.946320152273155e-16,2.0539240717123554e-16
1242.5607459133385,8.846499306313761e-17,1.2419330041140427e-19
1242.6140363861784,8.567026414183548e-17,1.2590768244164163e-19
1242.6673265429097,5.039559979405684e-16,2.9924727535003334e-16
1242.7206163835374,5.006520692533316e-16,4.183977042778427e-16
1242.7739059080677,7.883627436221898e-17,1.2661072023747746e-19
1242.8271951165054,4.895591067648647e-16,4.124390604747202e-16
1242.8804840088574,8.124720299844286e-17,5.923653144491977e-18
1242.933772585128,2.7041563120474543e-16,1.9870151203440313e-16
1242.9870608453239,7.614175901885386e-17,5.818835424135098e-18
1243.04034878945,6.854932901574295e-17,1.2362516904705744e-19
1243.093636417512,2.611387659707243e-16,1.9532787861449445e-16
1243.146923729516,6.177408206249736e-17,1.2760448183437526e-19
1243.200210725467,4.609230682726375e-16,3.995439274559803e-16
1243.2534974053708,6.304227914201048e-17,5.8014792825128545e-18
1243.3067837692338,5.613949701297272e-17,1.2349883852993622e-19
1243.3600698170603,5.3980487611681876e-17,9.885504005740538e-19
1243.413355548857,2.42546814071586e-16,1.8988547316391987e-16
1243.4666409646293,4.806217623624978e-17,1.232881014435567e-19
1243.5199260643822,4.5206312273134374e-17,1.2348930607311198e-19
1243.573210848122,4.411468433963752e-17,1.0357448302088887e-18
1243.626495315854,2.4056611699721885e-16,2.005672028544432e-16
1243.679779467584,3.627646998045125e-17,1.0067726668253638e-18
1243.7330633033175,4.1902358798202443e-16,3.85009019684356e-16
1243.78634682306,3.690793374267504e-17,6.522879325054399e-18
1243.8396300268173,2.9697249900346344e-16,3.1495076032905413e-16
1243.8929129145954,4.181571412899461e-16,3.932999196791293e-16
1243.9461954863991,2.296913456593108e-16,2.0790378018593128e-16
1243.9994777422344,1.8616400136525497e-17,1.2303292775805664e-19
1244.052759682107,1.440470853737023e-17,1.247025615100286e-19
1244.106041306023,4.0452637866084945e-16,3.944584544981064e-16
1244.1593226139871,1.4269303907765002e-17,5.5214164127952736e-18
1244.2126036060054,2.5585642966221973e-18,1.2866813275522839e-19
1244.2658842820833,1.9555992561010276e-16,1.9326194662780105e-16
1244.3191646422267,-1.502102483327233e-18,1.2292705246589605e-19
1244.3724446864412,1.8538310636129674e-16,1.8885937045563444e-16
1244.425724414732,-2.9335816996378587e-18,5.578621114277499e-18
1244.4790038271053,-1.3839117109862378e-17,1.265807270429823e-19
1244.5322829235663,2.1494916774846352e-16,2.1093231995802346e-16
1244.585561704121,-1.778316702573826e-17,1.1978877301834391e-19
1244.6388401687743,-2.2650516103900534e-17,1.0143567971682868e-18
1244.6921183175327,3.61143018233705e-16,3.869334537504391e-16
1244.7453961504013,-2.4431617237851585e-17,5.694835744935717e-18
1244.7986736673859,1.541093528491553e-16,1.8880679708000808e-16
1244.8519508684922,1.5835371663296505e-16,1.968741158113934e-16
1244.9052277537253,-3.9409264912705834e-17,9.826246912745597e-19
1244.9585043230913,3.4175593726060315e-16,3.8656254781370937e-16
1245.0117805765958,1.4657588449375757e-16,1.962432872459443e-16
1245.0650565142444,-5.4502447371416925e-17,1.2363165094220288e-19
1245.1183321360425,3.2228312473090363e-16,2.6777051250255854e-16
1245.1716074419958,-6.390012352857296e-17,1.2597789365463764e-19
1245.2248824321105,1.2673463064002614e-16,1.9129269936937003e-16
1245.278157106391,-6.368890954411866e-17,5.673053401007843e-18
1245.331431464844,-7.338051492329748e-17,9.740371048556968e-19
1245.3847055074748,2.959163391060141e-16,3.7369833027966164e-16
1245.4379792342888,1.1576355778821236e-16,1.992137627547046e-16
1245.491252645292,9.735004496528132e-17,1.8502917876484414e-16
1245.5445257404895,-8.62396747376304e-17,5.336565973199761e-18
1245.5977985198872,1.113817478608725e-16,2.0980185508229006e-16
1245.651070983491,-1.0139680016930331e-16,1.2234556455124233e-19
1245.7043431313061,-1.0392011699973705e-16,1.0594859537647022e-18
1245.757614963338,3.5093265272547354e-16,5.108821010293583e-16
1245.810886479593,7.802588336849523e-17,1.9289559625674599e-16
1245.864157680076,-1.142514445612826e-16,5.642937594061554e-18
1245.917428564793,-1.251258237375081e-16,1.2288378008893598e-19
1245.9706991337493,-1.2960120744065183e-16,1.2200606919224868e-19
1246.023969386951,-1.3365545686910286e-16,1.2033618987796807e-19
1246.0772393244033,-1.4109751967981097e-16,1.254582593683294e-19
1246.130508946112,-1.4175412031025338e-16,8.712203344437396e-19
1246.1837782520824,-1.0677726350115314e-17,1.6341551517625923e-16
1246.2370472423208,-1.5423629348693788e-16,1.21725970127629e-19
1246.290315916832,-1.5888289740510967e-16,1.2107955182398918e-19
1246.3435842756226,-1.6544961511001982e-16,1.2379595229769644e-19
1246.3968523186973,2.2468198293570432e-17,1.9198448660279878e-16
1246.4501200460618,-1.7040923655439232e-16,5.7362906958866375e-18
1246.5033874577223,-1.7900944303350298e-16,1.0721532192896525e-18
1246.556654553684,2.043070846633596e-16,3.908924451977831e-16
1246.6099213339526,1.9973690238351062e-16,2.773882276971655e-16
1246.6631877985333,-1.9588454285416116e-16,1.2120719757034393e-19
1246.7164539474325,-2.0014127572726154e-16,1.1850757562657018e-19
1246.7697197806551,-8.093626905675862e-18,1.9976675568198374e-16
1246.8229852982074,-1.7889508104229453e-16,7.475903475739743e-17
1246.8762505000943,-2.1820455089983093e-16,1.2154208514288693e-19
1246.9295153863222,-3.4488023809871e-17,1.88228815304872e-16
1246.982779956896,-2.861469583199627e-17,2.0103180072930514e-16
1247.0360442118215,-2.3339382642889175e-16,9.964678091405415e-19
1247.0893081511047,-5.085748057111652e-17,1.8943094922146403e-16
1247.1425717747504,-2.456664977157896e-16,9.620791661270234e-19
1247.195835082765,1.1481343478604634e-16,3.6569524775439554e-16
1247.2490980751538,-2.5570272428005797e-16,9.90917457717766e-19
1247.3023607519226,-7.622209003349643e-17,1.8850357008586542e-16
1247.3556231130767,-2.6778309543067587e-16,1.159218467456415e-19
1247.408885158622,-2.764830280271997e-16,1.2158371475536045e-19
1247.4621468885637,-2.8126098650616816e-16,1.189590186518584e-19
1247.5154083029076,-8.876807589637181e-17,1.9900162266695793e-16
1247.5686694016597,-2.938424204799882e-16,1.1940164503196192e-19
1247.6219301848253,-3.0007520680558365e-16,1.197984367245241e-19
1247.6751906524096,-3.062928808755434e-16,1.1938037971749712e-19
1247.7284508044193,-3.14249092827251e-16,1.232023773144618e-19
