trappist-1/STIS/new_bk_means/TRAPPIST-1_G140M_newbk_mean_2018-12.ecsv
# %ECSV 0.9
# ---
# datatype:
# - name: WAVELENGTH
#   unit: Angstrom
#   datatype: float64
# - name: FLUX
#   unit: erg / (Angstrom cm2 s)
#   datatype: float64
# - name: ERROR
#   unit: erg / (Angstrom cm2 s)
#   datatype: float64
# delimiter: ','
# schema: astropy-2.0
WAVELENGTH,FLUX,ERROR
[from data line 504]
1221.459105228339,-1.4082353628304801e-16,4.760156416231132e-16
1221.5125237639365,-7.681101393282797e-17,5.671576009721976e-16
1221.565942016888,-3.6422781509110024e-17,5.849991263400125e-16
1221.619359987197,-1.453837264238696e-16,5.437017080934414e-16
1221.672777674869,2.2194231685290436e-17,5.607467299356773e-16
1221.726195079908,6.94511461057522e-16,8.612423837916492e-16
1221.7796122023183,2.802214031308033e-16,6.326268219295877e-16
1221.8330290421054,-1.3218215619279858e-17,5.723169591221856e-16
1221.8864455992725,-1.753831169339439e-16,6.446245126478699e-16
1221.9398618738248,3.686020181602497e-16,7.091709825320339e-16
1221.9932778657667,4.621438426205025e-16,6.388067649684877e-16
1222.0466935751026,2.967534795073018e-16,6.118599525492958e-16
1222.100109001837,4.2634968656476726e-17,4.881601408760004e-16
1222.1535241459744,1.235105351447844e-16,5.521978610376992e-16
1222.2069390075192,1.0211794293270324e-16,5.916673033303938e-16
1222.260353586476,-2.033504431365203e-16,4.241294504199874e-16
1222.3137678828493,-1.808899413686978e-16,4.782139032748548e-16
1222.3671818966436,-1.6548269448669986e-16,4.456070437377628e-16
1222.4205956278633,2.806034407160361e-16,7.324496454571913e-16
1222.4740090765129,4.106476506476226e-16,7.38965210025272e-16
1222.5274222425965,6.521509300998451e-16,7.947345229871555e-16
1222.5808351261194,6.854870788161187e-16,6.933032540672808e-16
1222.6342477270857,4.71471369975888e-16,6.532340192153558e-16
1222.6876600454998,4.261972767729131e-17,5.282246344702299e-16
1222.7410720813662,8.756218221214992e-17,5.488259291937315e-16
1222.7944838346891,-3.626905241735506e-17,5.031783371295323e-16
1222.8478953054737,1.5900891314077033e-16,6.567750153403765e-16
1222.9013064937237,1.3770357316089736e-16,6.060364227315281e-16
1222.9547173994442,8.19858175870272e-17,5.808512420907607e-16
1223.0081280226395,-1.649986163840086e-16,4.493136023956761e-16
1223.061538363314,-4.1756853681446653e-16,2.652382395623533e-16
1223.114948421472,-2.488697544192352e-16,3.7717490387826477e-16
1223.1683581971183,-2.297468088720919e-16,4.2626157218896724e-16
1223.2217676902576,-4.060596882105258e-17,5.199999253158197e-16
1223.2751769008937,1.874420462248409e-16,6.11746700758258e-16
1223.3285858290315,3.7639326396839825e-16,6.434071976041085e-16
1223.3819944746754,-6.291906660489784e-17,5.577532258500054e-16
1223.43540283783,-5.057699892002869e-17,4.786505774734976e-16
1223.4888109184997,1.3038597065072983e-16,5.027270159033492e-16
1223.542218716689,-9.944343015323768e-17,4.23310151650193e-16
1223.595626232402,6.80892931512905e-17,5.390741774502897e-16
1223.649033465644,2.796483584499881e-16,5.800159305832759e-16
1223.7024404164185,4.0331836567507113e-16,6.094240268587479e-16
1223.7558470847312,1.2880461918792802e-16,5.535123767497845e-16
1223.8092534705856,-8.120135400906568e-17,4.636937877014242e-16
1223.8626595739863,-2.2939772420242416e-16,3.679300923271043e-16
1223.916065394938,-6.445272055694024e-17,3.9900685395196197e-16
1223.969470933445,8.620088504437466e-17,5.227249660670606e-16
1224.0228761895123,5.701356540478423e-17,4.635872618603756e-16
1224.076281163144,4.4530312009377776e-17,4.1799768880775395e-16
1224.129685854344,2.28748919115622e-16,5.172949294535174e-16
1224.1830902631177,2.3468199433780746e-16,6.472042063907595e-16
1224.2364943894693,5.00247846295099e-17,5.320337693569521e-16
1224.2898982334032,4.0180852281719706e-16,6.537162683456418e-16
1224.3433017949235,2.76415948473068e-16,6.160893126948409e-16
1224.3967050740355,2.1302696963933995e-16,5.983697059822885e-16
1224.4501080707432,1.1159703041360442e-17,4.751355104351205e-16
1224.503510785051,6.671320047586674e-17,5.239286552458628e-16
1224.5569132169635,1.3865952084129719e-16,6.047900728852132e-16
1224.6103153664853,-2.4881948292298253e-17,5.093251478809804e-16
1224.663717233621,5.803177482575103e-17,4.82098696272905e-16
1224.7171188183743,1.378589121870751e-16,5.906520250114522e-16
1224.7705201207507,1.7474532423476356e-16,5.619634849567249e-16
1224.8239211407538,2.0691113417054745e-16,4.628652149451445e-16
1224.8773218783888,7.294939650717776e-17,4.927602153673466e-16
1224.9307223336598,-9.258927218653014e-17,4.635611527353416e-16
1224.9841225065713,1.2133046096074818e-16,5.480798000267612e-16
1225.037522397128,1.7573859073694807e-16,5.781417489103008e-16
1225.090922005334,-6.078798213243346e-17,4.1789372201549637e-16
1225.144321331194,2.0819465157568365e-16,5.423929973336714e-16
1225.1977203747128,7.047910354151701e-17,4.567189253938688e-16
1225.2511191358942,-1.4109174199782936e-16,3.7436851255205193e-16
1225.304517614743,1.5324520985883206e-16,5.066304313518213e-16
1225.3579158112639,1.3541875380728927e-16,4.674593060848325e-16
1225.4113137254612,2.3778560246321075e-16,5.298251140835329e-16
1225.464711357339,-1.9958556512322127e-16,2.83056675649838e-16
1225.5181087069025,-6.861274302800024e-17,4.059891739017508e-16
1225.5715057741556,3.3281592405612156e-17,3.971814175808709e-16
1225.624902559103,-4.682802753308733e-17,4.242875387203639e-16
1225.6782990617494,3.5254197844697663e-16,4.886540571630254e-16
1225.7316952820988,9.288940688920291e-16,6.849916890155125e-16
1225.785091220156,6.9152192862931e-16,6.378658984056573e-16
1225.8384868759256,1.4435956862420195e-16,5.361986585823672e-16
1225.8918822494115,-1.2756706318415065e-16,3.9449599689522288e-16
1225.945277340619,2.2882040826523446e-17,4.00168762704261e-16
1225.9986721495516,-9.085758250103639e-17,3.431990615047959e-16
1226.0520666762145,1.1972826932740202e-16,4.550095333897985e-16
1226.105460920612,1.8362702938191558e-16,4.936727169862802e-16
1226.1588548827488,2.4892248926460735e-16,5.155364852645589e-16
1226.2122485626287,5.650190705347842e-17,4.255262972544993e-16
1226.265641960257,1.8407418838761062e-16,5.246955315819338e-16
1226.3190350756377,-6.250860520339616e-17,3.972834304128719e-16
1226.3724279087753,1.446550928436164e-16,4.572485413449654e-16
1226.4258204596742,1.6307566552379114e-16,4.773392425640745e-16
1226.4792127283392,9.675327412477737e-17,4.544411779647872e-16
1226.5326047147744,2.4668086254470415e-16,4.849259157707633e-16
1226.5859964189847,1.5748303738034446e-16,4.989229554622827e-16
1226.6393878409742,6.686549857924971e-17,4.042962596051834e-16
1226.6927789807476,2.1226498889784766e-16,4.780150564518518e-16
1226.7461698383092,1.5469996657597003e-16,4.50042756185641e-16
1226.7995604136636,-4.22147664117082e-17,3.447948281493133e-16
1226.8529507068154,3.11613719164023e-17,4.723952352336705e-16
1226.9063407177687,1.958025531310323e-16,4.975710251468278e-16
1226.9597304465283,1.4249829757104184e-16,4.805037443698526e-16
1227.0131198930987,5.322416531504871e-18,3.7124320000141897e-16
1227.066509057484,8.804807178738596e-17,4.06780680516334e-16
1227.119897939689,-2.2700437770537804e-17,3.4885035205628844e-16
1227.1732865397178,6.473998730720612e-17,4.2555489080542357e-16
1227.2266748575755,1.136930628245936e-16,4.379704192287907e-16
1227.2800628932662,1.8689977509126362e-16,4.4130936211885064e-16
1227.3334506467945,2.894171034261409e-16,4.528318917180761e-16
1227.3868381181649,9.628330345213875e-17,4.043807466101003e-16
1227.4402253073813,1.0485356609090394e-16,4.63822204870484e-16
1227.493612214449,-5.757833160274611e-17,3.5502674490907473e-16
1227.5469988393718,-6.1124151905084e-17,2.97564524844826e-16
1227.6003851821545,1.010098582274979e-16,3.9425209767608363e-16
1227.653771242802,9.5112818366078e-17,3.447516511049934e-16
1227.7071570213177,2.6957112933700054e-17,3.749907685853558e-16
1227.760542517707,-1.987008064979651e-17,4.168308596340157e-16
1227.8139277319744,5.961643426775702e-18,3.8211418659490285e-16
1227.8673126641238,-6.845566425319082e-17,3.284825493247431e-16
1227.9206973141597,-5.369401880110667e-17,3.2819284408922443e-16
1227.974081682087,-7.877831743447237e-17,3.1772534436210985e-16
1228.02746576791,1.9208398601121912e-17,3.776960258474858e-16
1228.0808495716328,2.1990259741969417e-16,4.853905628063032e-16
1228.1342330932607,1.585910378874002e-16,4.392476251094857e-16
1228.1876163327972,-1.088684713439498e-17,3.252715740424441e-16
1228.2409992902476,-5.565053553666417e-17,3.3714371630931274e-16
1228.2943819656157,-1.3421771314656382e-16,2.9631682062591284e-16
1228.3477643589067,2.6441689340019717e-16,5.009886096866485e-16
1228.4011464701243,1.7456747899795925e-16,4.102288673596298e-16
1228.4545282992735,3.669695424707101e-16,6.095112192937781e-16
1228.5079098463589,3.945950776827403e-16,5.873098803511839e-16
1228.561291111384,1.792054929676424e-16,4.149793173335895e-16
1228.6146720943543,1.839153056964897e-16,4.2371613308632675e-16
1228.668052795274,2.6092085638460068e-16,4.634397739032548e-16
1228.7214332141473,1.8717717684407244e-16,4.497750476234989e-16
1228.774813350979,2.30661750470959e-17,3.6582073298614003e-16
1228.8281932057735,1.1296997595967285e-16,3.654546270613476e-16
1228.8815727785352,7.875582546489321e-16,5.71151714284221e-16
1228.9349520692683,3.9841464599781113e-16,4.756109347067701e-16
1228.9883310779778,-1.8609099947863472e-17,2.8659919155915056e-16
1229.041709804668,2.2169797638539533e-16,4.418546549511455e-16
1229.095088249343,1.7685331761246913e-16,4.11917942271381e-16
1229.1484664120076,-1.1423638575284942e-16,2.6573502258427166e-16
1229.2018442926662,3.6182538636099186e-17,3.5615539687521313e-16
1229.2552218913236,1.8664038998032368e-16,4.152389324599109e-16
1229.3085992079837,2.5797937154209007e-16,4.2960483011155005e-16
1229.361976242651,2.887149530450699e-16,4.753435919345411e-16
1229.4153529953305,1.473986087298232e-16,3.6836148708191054e-16
1229.4687294660266,1.0357232040465075e-16,2.9698514750219634e-16
1229.5221056547432,8.358798940730949e-16,5.453072221620811e-16
1229.5754815614855,1.5598117988240132e-15,6.991020598517103e-16
1229.6288571862572,9.432941766109382e-16,4.777946030602632e-16
1229.682232529063,2.4591509765064093e-16,4.0692248507566208e-16
1229.7356075899077,1.450935661062019e-16,3.675276654898801e-16
1229.7889823687958,1.678671435636605e-16,3.898306967254275e-16
1229.8423568657313,3.657049223236792e-16,4.461903161559306e-16
1229.8957310807186,2.5710808687962697e-16,3.84444743133543e-16
1229.9491050137633,7.015015570350401e-17,2.970757143577322e-16
1230.0024786648682,-4.7244085961823505e-17,2.4019137981626474e-16
1230.0558520340394,3.823160421149761e-17,3.070044795221584e-16
1230.10922512128,9.920513286322984e-17,2.8917374275801366e-16
1230.1625979265953,4.0837925087957037e-16,5.131044294507708e-16
1230.2159704499898,2.8708736745504935e-16,4.510526698130428e-16
1230.269342691467,-2.9853498450805125e-17,2.651520628419962e-16
1230.3227146510326,1.4448068888601008e-16,3.9295102467769605e-16
1230.3760863286905,2.1322563293004569e-16,4.489452090519178e-16
1230.4294577244448,2.812592311623332e-16,4.631234677461364e-16
1230.4828288383007,2.425519653561593e-16,3.791963349850166e-16
1230.5361996702622,7.254177190785329e-17,3.159762508489891e-16
1230.589570220334,1.3780752735042422e-16,3.8156551961120564e-16
1230.6429404885205,3.674323758573687e-16,4.965477635986226e-16
1230.6963104748259,2.0978350985176684e-16,4.457953434229955e-16
1230.7496801792552,1.7379353893968455e-16,3.525066548349398e-16
1230.8030496018123,2.569046563469406e-16,4.151230648339261e-16
1230.856418742502,1.4376826858273938e-16,3.6488944836146367e-16
1230.9097876013288,1.0643696105784463e-17,2.1136583183926416e-16
1230.963156178297,6.786329025393984e-17,3.015444598289979e-16
1231.0165244734108,-1.3232893785894923e-16,1.497547861806865e-16
1231.0698924866754,-6.994080790941017e-17,1.9537800567142799e-16
1231.1232602180946,2.8372667058092046e-16,4.507195164328207e-16
1231.1766276676733,9.583716194959466e-17,3.61604661294678e-16
1231.229994835416,3.748549323073932e-17,2.28705760689544e-16
1231.2833617213264,-8.242462669517453e-17,1.3816473540980912e-16
1231.3367283254097,2.1120301057249868e-16,3.5169454991515936e-16
1231.3900946476704,3.030848290046255e-16,3.8484177496794876e-16
1231.4434606881127,4.299931012876592e-16,4.665043292766898e-16
1231.4968264467411,5.061909965683929e-16,4.572382876014341e-16
1231.5501919235596,3.2181031414615184e-16,3.6224442833720426e-16
1231.6035571185737,2.338126319041683e-16,3.3480490360237296e-16
1231.6569220317872,2.236934412491782e-16,3.6096131887346646e-16
1231.7102866632047,5.079192032838619e-16,5.195083156350871e-16
1231.7636510128305,4.734299326474373e-16,4.461224294904829e-16
1231.817015080669,2.545983766272238e-16,3.5785464764871644e-16
1231.8703788667249,9.756213962904732e-17,2.7564090270729994e-16
1231.923742371003,1.9336919087734726e-16,3.2413981785582854e-16
1231.9771055935073,1.8346202505049573e-16,3.1833172369882494e-16
1232.0304685342421,6.490096013137627e-17,2.4653722351284964e-16
1232.0838311932123,1.2893321111223118e-16,3.211861597457004e-16
1232.1371935704221,6.524493198758996e-17,2.764556563740489e-16
1232.190555665876,1.1941871514190896e-16,2.625274279361468e-16
1232.2439174795788,8.14053114415193e-17,2.661437678239448e-16
1232.2972790115343,2.943617698566856e-17,2.0674848131065604e-16
1232.3506402617475,2.124408557635285e-16,3.310770103167893e-16
1232.4040012302225,2.787508808861531e-16,3.875737162448107e-16
1232.4573619169641,2.164191034499463e-16,3.3433212436900373e-16
1232.5107223219766,2.873056556808823e-16,3.6600037641572835e-16
1232.5640824452644,2.490491940093719e-16,3.446767051724857e-16
1232.6174422868323,1.6792883454854049e-16,3.2660254311078483e-16
1232.6708018466843,4.851765049129454e-16,5.141752809632678e-16
1232.724161124825,2.931274868238758e-16,3.7185669155540947e-16
1232.7775201212592,2.368951377981214e-16,3.0587381204707727e-16
1232.8308788359907,9.966953616358992e-17,2.091166206919584e-16
1232.8842372690247,9.65233284765067e-17,2.851721745023766e-16
1232.9375954203651,3.416028234035803e-16,4.0513141470511643e-16
1232.9909532900167,2.610857828395321e-16,3.378862511432086e-16
1233.044310877984,3.284282401363292e-16,4.169199664648723e-16
1233.0976681842706,3.143303251531635e-16,4.0896424075440116e-16
1233.1510252088822,4.132626248318184e-16,4.2347179221828375e-16
1233.2043819518226,3.5054140365761997e-16,4.614059035448063e-16
1233.2577384130964,1.463484143821081e-16,2.8853283718179625e-16
1233.3110945927078,1.1062560413265847e-16,2.540593023817321e-16
1233.364450490662,1.9257087411351293e-16,3.437310913990944e-16
1233.4178061069626,2.9927559408534976e-16,4.262800478129393e-16
1233.4711614416144,9.141970193320431e-17,2.536059669417746e-16
1233.5245164946223,2.1524193680077442e-16,3.376491663391639e-16
1233.5778712659899,2.1314383120528053e-16,3.026514697700132e-16
1233.6312257557222,3.133066198994456e-16,3.8626893869532287e-16
1233.6845799638236,2.401506177875347e-16,3.370354737422548e-16
1233.7379338902983,3.828406985402549e-16,3.8165141490969366e-16
1233.7912875351512,1.5552921007297353e-16,2.1422187737082937e-16
1233.8446408983866,-4.35309544890975e-17,2.6671750635882413e-16
1233.8979939800088,1.5454505942021688e-16,4.0102524370583227e-16
1233.9513467800223,1.8083625002492865e-16,2.7228070269968996e-16
1234.004699298432,8.186319518616898e-17,2.0929956966205899e-16
1234.0580515352417,2.995001419717277e-17,1.750126942596553e-16
1234.1114034904558,1.5175479959173736e-16,2.513518071449062e-16
1234.1647551640792,9.97360307188887e-17,2.0062701093888082e-16
1234.2181065561165,9.667359789014697e-17,2.1368513707331045e-16
1234.271457666572,1.0449943607393036e-16,2.217132528299582e-16
1234.3248084954498,4.37975067131998e-17,1.754436772352394e-16
1234.3781590427548,1.1216894670441386e-16,1.992320197808507e-16
1234.4315093084913,1.9070965774360681e-16,2.2409154413768823e-16
1234.4848592926633,2.1281424624328677e-16,2.808544764546925e-16
1234.5382089952761,1.373460429778895e-16,2.2270985208753984e-16
1234.5915584163338,2.018511450335514e-16,2.5288158988621173e-16
1234.6449075558405,3.1729685716735094e-16,3.6015712745893367e-16
1234.6982564138016,2.4799966791147e-16,3.1424941086561864e-16
1234.7516049902204,2.9321143212626263e-16,3.3683746410456983e-16
1234.8049532851019,2.015650284592706e-16,3.060317876980298e-16
