trappist-1/STIS/new_bk_means/TRAPPIST-1_G140M_newbk_mean_2018-09.ecsv
# %ECSV 0.9
# ---
# datatype:
# - name: WAVELENGTH
#   unit: Angstrom
#   datatype: float64
# - name: FLUX
#   unit: erg / (Angstrom cm2 s)
#   datatype: float64
# - name: ERROR
#   unit: erg / (Angstrom cm2 s)
#   datatype: float64
# delimiter: ','
# schema: astropy-2.0
WAVELENGTH,FLUX,ERROR
1194.8085326896312,1.3864139947246578e-16,8.614746826941841e-16
1194.8622366846262,6.242943749024419e-16,1.260970691637951e-15
1194.9159404343673,3.8739805259960163e-16,7.848142848765442e-16
1194.9696439388576,3.7697556074362143e-16,7.746449025839467e-16
1195.0233471981007,-9.90891500516858e-16,4.442667284357331e-16
1195.0770502121,-1.0137822628824964e-15,6.510529537512821e-16
1195.1307529808591,-6.096687327533442e-16,1.0185000969358365e-15
1195.1844555043808,1.4863757184557088e-15,1.647364274031372e-15
1195.2381577826686,-2.987286966804255e-16,1.0188781797668088e-15
1195.2918598157264,-5.862346969762406e-17,1.240668607514553e-15
1195.345561603557,-1.386194243385875e-16,1.246624318226971e-15
1195.3992631461638,-5.000282976810521e-17,1.2984125440766745e-15
1195.4529644435502,3.9637079214891127e-16,1.549394090405e-15
1195.50666549572,-4.0316507515905674e-17,1.4413141664256245e-15
1195.5603663026757,-4.858042180466608e-16,9.22622053103053e-16
1195.6140668644216,-6.788032143704126e-16,9.833043098476235e-16
1195.6677671809603,-1.6332821073827112e-16,1.3499573562107818e-15
1195.7214672522955,-1.244530966401102e-15,6.464430242604625e-16
1195.7751670784307,-5.313973708567986e-17,1.35700492879463e-15
1195.8288666593692,-1.824822430933797e-16,1.2028542899112536e-15
1195.882565995114,-9.076001108538254e-16,7.598740311532701e-16
1195.936265085669,-9.21651921240436e-16,6.921204735321762e-16
1195.9899639310368,-6.851036063179387e-16,9.340231378362085e-16
1196.0436625312213,1.1307450506396142e-16,1.3886921554934395e-15
1196.0973608862262,-3.1846862468706704e-16,1.046322565811254e-15
1196.151058996054,-1.3778038586626073e-16,1.109745257345663e-15
1196.2047568607086,1.168944524121743e-16,1.3787383818542247e-15
1196.2584544801937,-1.5967856130527359e-16,1.0976237445539905e-15
1196.3121518545115,-1.1736981903536052e-15,7.441975719742629e-16
1196.3658489836664,-1.2553755159901744e-15,6.469860053841198e-16
1196.4195458676618,-4.0737894167746323e-16,1.0589531164751693e-15
1196.4732425065001,2.8460368231823714e-16,1.4535407203853836e-15
1196.5269389001855,-2.7731492928893366e-16,1.0775219252913822e-15
1196.5806350487212,-2.3756859756606e-16,1.30041076011503e-15
1196.6343309521103,-6.761924430544818e-16,1.0714268141624931e-15
1196.6880266103562,-2.378315830557557e-16,1.3846615490345136e-15
1196.7417220234627,-2.5888733589321273e-18,1.2765657471454391e-15
1196.7954171914328,-5.282809912215414e-16,1.0242656962367053e-15
1196.8491121142695,-1.4293896810010197e-16,1.4375726192831372e-15
1196.902806791977,-5.577979625240888e-16,1.2329331817470434e-15
1196.956501224558,-6.287939950895873e-16,1.1201566682191432e-15
1197.0101954120162,7.55081507029046e-16,1.5649070696421697e-15
1197.0638893543544,1.5068310253476959e-15,1.6307402702581465e-15
1197.1175830515772,4.945101668295487e-16,1.7162464387927615e-15
1197.1712765036866,-4.3661085645535287e-16,1.1534754295122209e-15
1197.2249697106865,5.103521511990969e-16,1.5050340803021852e-15
1197.27866267258,-2.880348923904828e-16,1.1258899477353569e-15
1197.332355389371,1.6325026212344989e-16,1.4989005360303441e-15
1197.3860478610627,-7.55468278381676e-16,9.690893769626069e-16
1197.4397400876578,-1.7597426323296015e-16,1.415472951284917e-15
1197.4934320691607,3.1529619647686487e-16,1.270868356109734e-15
1197.547123805574,7.760732250979635e-16,1.7417311750941373e-15
1197.6008152969014,-8.716138277705075e-17,1.5162178183640336e-15
1197.6545065431462,5.454391822545101e-16,1.5979316517141756e-15
1197.7081975443116,-1.2824252616012927e-16,1.5102258580946024e-15
1197.7618883004009,-3.2894330932579093e-16,1.4602050401819192e-15
1197.8155788114177,-8.765636123056292e-16,9.30789824970048e-16
1197.8692690773653,-1.1030891446587278e-15,8.073395481911327e-16
1197.922959098247,-6.759986474978102e-16,1.1363685532332042e-15
1197.976648874066,-2.2644961532396484e-16,1.1339782088722173e-15
1198.0303384048261,-1.1025719906575519e-16,1.1711578029457536e-15
1198.0840276905305,-8.234662473380356e-16,9.951687205608568e-16
1198.1377167311825,9.376534912693092e-17,1.5326014147696203e-15
1198.191405526785,9.811772802731202e-16,1.8502963370501e-15
1198.245094077342,-1.1885079165666281e-15,8.809183817002933e-16
1198.2987823828564,-7.351775805053225e-16,1.2168595616087756e-15
1198.352470443332,8.820429297407986e-16,1.3839839549105413e-15
1198.4061582587717,1.0565979846219702e-15,1.5804528094687966e-15
1198.4598458291794,-1.334435060153593e-15,8.473664062419752e-16
1198.5135331545578,-3.6192877905785713e-16,1.3776028566482787e-15
1198.5672202349108,-4.1079287771719046e-16,1.3636992892926288e-15
1198.6209070702416,-3.4431053927865565e-16,8.905620715333263e-16
1198.6745936605532,8.572850262973976e-16,1.4229021977806222e-15
1198.7282800058492,4.0700246045446115e-16,1.5837120731247312e-15
1198.7819661061335,-2.1749091021283173e-16,1.258747994149474e-15
1198.8356519614085,2.0802135909626475e-16,1.4245961501606943e-15
1198.889337571678,6.9104801996960225e-16,1.7840854857238735e-15
1198.9430229369457,-1.5393402348493678e-15,7.690170929625929e-16
1198.9967080572146,-2.512536433496675e-16,1.3590397209000762e-15
1199.0503929324877,3.539910393015307e-16,1.7156485622280282e-15
1199.1040775627691,-9.99629787715906e-16,1.1110987079051204e-15
1199.1577619480618,1.935819947749762e-15,1.984548625475727e-15
1199.211446088369,2.9871837539866457e-15,2.0574418876655908e-15
1199.2651299836941,1.9141502468341258e-15,2.1553416692232e-15
1199.3188136340407,-2.042984521495967e-16,1.2811808314658214e-15
1199.3724970394119,-3.412148418610014e-16,1.366514402353332e-15
1199.4261801998111,-2.320060034199916e-16,1.3940458507812381e-15
1199.479863115242,-1.4633030506979452e-16,1.4871110032485918e-15
1199.5335457857072,1.0584513462800684e-15,1.909654108737296e-15
1199.587228211211,7.465233621565996e-16,1.763101213647364e-15
1199.6409103917558,1.6453803678979668e-16,1.589755623027255e-15
1199.6945923273458,5.671529609245115e-16,1.4806415479263634e-15
1199.7482740179837,7.002099662126136e-16,1.755010469012628e-15
1199.8019554636735,3.5238390511575336e-16,1.7611086952624873e-15
1199.855636664418,2.960799874427624e-18,1.3798833352792458e-15
1199.9093176202207,2.609693586220132e-16,1.4957743058627421e-15
1199.962998331085,-6.0093390963225195e-16,1.3035520235468913e-15
1200.016678797014,-6.557942408094211e-16,1.4165562334766867e-15
1200.0703590180117,-6.40500976918127e-17,1.4269928707674219e-15
1200.1240389940806,9.849738946014965e-16,1.6033780963714502e-15
1200.1777187252248,1.1437000082438631e-15,1.6394636393983156e-15
1200.2313982114474,-2.114992857418307e-16,1.1992577169919196e-15
1200.2850774527515,-1.372409656196633e-15,8.910081625633412e-16
1200.3387564491409,-2.9128283282697146e-16,1.5383985519290408e-15
1200.3924352006184,-5.130254587667456e-16,1.4427045845114722e-15
1200.4461137071878,-1.8953179008144747e-17,1.4757601253588094e-15
1200.4997919688522,-1.4931007325702903e-16,1.2052218561056435e-15
1200.5534699856153,-1.7299303882989115e-16,1.5869582925738385e-15
1200.60714775748,-3.4426841873814047e-16,1.495462091391459e-15
1200.66082528445,1.7047638444518192e-16,1.4244455557034041e-15
1200.7145025665286,-1.649785276621296e-17,1.5631886146412773e-15
1200.7681796037189,-7.184871520550145e-16,1.0857703792877152e-15
1200.8218563960245,-2.3522102293845226e-16,1.4531645538536815e-15
1200.8755329434484,1.4095744577244843e-16,1.651644157012863e-15
1200.9292092459946,5.555112288638752e-16,1.598207122448298e-15
1200.982885303666,1.0972802002502073e-15,1.7580830408309739e-15
1201.0365611164661,3.019327517308862e-16,1.507294143923497e-15
1201.0902366843982,3.52753721393282e-16,1.595858812358523e-15
1201.1439120074654,-4.3553440074741597e-16,1.2293676765334834e-15
1201.1975870856713,2.6852312291213407e-16,1.7537724983102998e-15
1201.2512619190193,-3.180655683864981e-16,1.4679476581194362e-15
1201.3049365075126,7.660315914166495e-16,1.7713008011706736e-15
1201.3586108511547,6.553054575931773e-16,1.4551006571886133e-15
1201.4122849499493,1.2928469340875181e-15,1.9682867058011826e-15
1201.4659588038987,2.0122463426393244e-15,2.0365512901807033e-15
1201.5196324130072,7.48153768076494e-16,1.5908174713975499e-15
1201.5733057772775,-3.8558002976942617e-17,1.233777711616742e-15
1201.6269788967138,4.888318294460399e-16,1.6310534240552635e-15
1201.6806517713185,-2.521386888086706e-16,1.3816971537108258e-15
1201.7343244010956,-2.560866889649746e-16,1.6699131942161304e-15
1201.787996786048,-1.0371018401897643e-15,1.1802043515502936e-15
1201.8416689261799,-2.5122969903367803e-17,1.6936303795246801e-15
1201.8953408214936,2.407960381531511e-16,1.5341028369116118e-15
1201.949012471993,1.431632071781606e-15,2.0229046831803576e-15
1202.0026838776812,1.9352877478862523e-15,2.0981162875047822e-15
1202.0563550385618,-2.1728223136617983e-16,2.0659261744227517e-15
1202.110025954638,-3.0719568215496775e-16,1.8892571290122803e-15
1202.1636966259132,6.407598519139941e-16,1.7550414362072214e-15
1202.2173670523907,1.5480457889746671e-15,1.9164705827628517e-15
1202.271037234074,-1.5587964711192096e-16,1.4191701738642804e-15
1202.3247071709661,-4.387332846596876e-17,1.35616879660918e-15
1202.3783768630708,-4.93511079910542e-16,1.2008187200290783e-15
1202.4320463103911,4.218677341670382e-16,1.547801662213195e-15
1202.485715512931,5.959106793647423e-17,1.4031121296346922e-15
1202.5393844706928,4.3833958870427177e-17,1.3968418571019137e-15
1202.5930531836805,6.661140689028384e-16,1.680442882203935e-15
1202.6467216518972,1.1805344470734221e-15,1.446528907889997e-15
1202.7003898753464,3.5554064753945516e-16,1.5018678106663655e-15
1202.7540578540315,-1.7661696513502432e-16,1.4544980057932367e-15
1202.8077255879562,5.918680846907053e-16,1.5663421541143077e-15
1202.861393077123,3.219805439446104e-16,1.4652270805413036e-15
1202.9150603215357,6.206221798076071e-16,1.7620857138409444e-15
1202.9687273211975,4.018308468386101e-16,1.4026420200185249e-15
1203.022394076112,7.353274211001576e-16,1.7405770897061023e-15
1203.0760605862824,-3.067589963608308e-16,1.218494384451046e-15
1203.1297268517123,-5.414608997611954e-16,1.0773035436669268e-15
1203.1833928724047,8.377184713559159e-18,1.4874594772267875e-15
1203.237058648363,-4.771790860789972e-16,1.470923806268629e-15
1203.2907241795906,4.03698949407986e-17,1.5832451981910405e-15
1203.344389466091,1.2056621000494614e-15,1.6910450690180654e-15
1203.3980545078673,9.95909028320941e-16,1.6985071731966618e-15
1203.451719304923,3.0896611990323554e-16,1.7137005312492215e-15
1203.5053838572612,-9.067923296435968e-16,1.0474504426436999e-15
1203.5590481648856,3.878809234591327e-16,1.691848069381976e-15
1203.6127122277996,1.6841640213540908e-15,1.840955024820333e-15
1203.6663760460062,2.1815359155150034e-15,1.983935163439781e-15
1203.7200396195087,3.1319677138081573e-15,2.1592036279105838e-15
1203.773702948311,1.6806624227850787e-15,1.960105517195224e-15
1203.827366032416,5.867611384374121e-17,1.527401187855275e-15
1203.881028871827,4.545450538091929e-16,1.6897578086710897e-15
1203.9346914665475,-3.599611430087965e-16,1.6290314264344198e-15
1203.988353816581,1.5409903094471828e-16,1.8449445575744384e-15
1204.0420159219304,6.308230490849723e-16,1.7139209437454006e-15
1204.0956777825998,5.764821661874854e-16,1.5107693810036362e-15
1204.1493393985918,4.108081003549195e-16,1.3759573161478294e-15
1204.2030007699097,3.655350428250188e-16,1.4594585402341222e-15
1204.256661896558,-6.543258426781888e-16,1.150471246603554e-15
1204.3103227785384,7.495569658883537e-16,1.778341456883556e-15
1204.3639834158553,1.8398380377225238e-16,1.5458574740660107e-15
1204.417643808512,-9.306090008223418e-17,1.594763353957628e-15
1204.4713039565117,-1.1997222890935997e-15,1.009749412347766e-15
1204.5249638598573,7.121303935973044e-17,1.5009778802351914e-15
1204.5786235185528,1.0375454414506388e-15,1.662970384255309e-15
1204.6322829326014,1.3924290799380608e-15,1.802689019278951e-15
1204.685942102006,7.639138965341983e-16,1.744150962883619e-15
1204.7396010267707,-2.8159736528617114e-17,1.46877717464058e-15
1204.7932597068982,5.856272560862196e-16,1.7893295763545747e-15
1204.8469181423923,-5.821422739976191e-16,1.1413421521316206e-15
1204.900576333256,1.1045865777251334e-16,1.4696004332188948e-15
1204.9542342794925,-1.103582175081529e-15,1.1303488150626333e-15
1205.0078919811058,-8.127286859929996e-16,1.0425261814294849e-15
1205.0615494380986,1.1929493382074145e-15,1.6185982453131924e-15
1205.1152066504746,-1.3645809323903404e-16,1.34752983917544e-15
1205.1688636182369,-3.56703732881165e-16,1.3489776428021756e-15
1205.2225203413893,-1.916269879568685e-16,1.2880626798887737e-15
1205.2761768199348,-2.451632342624479e-16,1.3490887054239274e-15
1205.3298330538767,2.5325726907377588e-16,1.6460860485986097e-15
1205.3834890432183,-5.558413371090828e-16,1.15674687635734e-15
1205.4371447879635,-6.797877942586917e-17,1.1993417066225804e-15
1205.490800288115,-7.49672238164797e-16,1.2350534108605538e-15
1205.544455543676,-7.095034611470349e-16,1.2484014425812717e-15
1205.5981105546507,-1.1815927897631199e-15,1.100457168504426e-15
1205.651765321042,2.531916632284094e-15,1.6056332791201904e-15
1205.705419842853,2.0419494133124878e-15,1.5482547333934838e-15
1205.759074120087,-1.1203013943408564e-15,8.797640730295878e-16
1205.812728152748,-1.7696248583895522e-15,7.862007658002395e-16
1205.8663819408387,-2.766332289782474e-16,1.3148212759580667e-15
1205.9200354843626,1.1057165651802387e-15,1.6523428930587303e-15
1205.9736887833235,3.02501305853686e-16,1.2349110426779856e-15
1206.0273418377242,8.612023837866923e-16,1.627969642987453e-15
1206.080994647568,-4.235767419942645e-16,1.2594385260395357e-15
1206.1346472128587,-4.115807422657177e-16,1.1139006985624589e-15
1206.1882995335993,8.069978762967091e-16,1.7632551504876544e-15
1206.2419516097932,-6.627352562670688e-16,1.441897988242704e-15
1206.2956034414442,2.6211090349515214e-17,1.3962679808725366e-15
1206.3492550285548,-3.119777335072592e-16,1.35283513896749e-15
1206.402906371129,1.0892352337183708e-15,1.6750045819781217e-15
1206.4565574691696,-1.1337192744557212e-15,1.1015953673946228e-15
1206.5102083226807,-7.167397709282912e-16,1.228493394034202e-15
1206.5638589316648,-7.725721090627763e-17,1.605526592952929e-15
1206.617509296126,2.2560767177801833e-16,1.4658557896038523e-15
1206.671159416067,1.8733615270679087e-16,1.6932075767954632e-15
1206.7248092914917,-7.760590106367971e-16,1.0301163498193719e-15
1206.7784589224032,-1.1243424845699953e-15,9.068495875091693e-16
1206.8321083088047,7.814042458220969e-16,1.7256295254466034e-15
1206.8857574506997,7.467715076262201e-16,1.7142237914296445e-15
1206.9394063480913,-6.599239161209934e-16,1.0623929932228768e-15
1206.9930550009833,1.527066768145219e-16,1.41109432690426e-15
1207.0467034093788,4.706268190690007e-16,1.660969133002638e-15
1207.100351573281,-7.662650614630403e-16,1.0385354824548331e-15
1207.1539994926936,-1.3374484877359459e-15,9.497440564144769e-16
1207.2076471676196,-1.457953410546028e-15,1.2069719063591456e-15
1207.2612945980622,6.432858249780862e-16,1.794133612733993e-15
1207.3149417840255,5.495072806436734e-16,1.5532679257249313e-15
1207.3685887255122,2.4170072826794266e-16,1.4353223524791904e-15
1207.4222354225255,-2.2692355758373127e-16,1.2717055665455528e-15
1207.4758818750693,2.494852524094537e-16,1.4035025072079988e-15
1207.5295280831467,5.99003582579051e-18,1.1883826683329844e-15
1207.583174046761,5.2990854209134025e-17,1.2051734896679126e-15
1207.6368197659156,-4.4095999440305946e-17,1.5790832975623121e-15
1207.6904652406135,5.2872568195319874e-15,1.9690055280340956e-15
1207.7441104708587,1.932842123704542e-15,1.4696538112119659e-15
1207.7977554566542,2.060913004825675e-15,1.76876729280304e-15
1207.8514001980031,2.1473991388207536e-16,1.5345508425112686e-15
1207.905044694909,-3.041550508884784e-16,1.138871599013381e-15
1207.9586889473753,2.9271573546532196e-16,1.2232723258797882e-15
1208.0123329554053,-1.1091676931037299e-15,9.225692855029582e-16
1208.0659767190023,8.094083198956402e-16,1.5555935395138134e-15
1208.1196202381695,-4.850038313728165e-16,1.249735682892794e-15
