trappist-1/STIS/new_bk_means/TRAPPIST-1_G140M_newbk_mean_2018-05.ecsv
# %ECSV 0.9
# ---
# datatype:
# - name: WAVELENGTH
#   unit: Angstrom
#   datatype: float64
# - name: FLUX
#   unit: erg / (Angstrom cm2 s)
#   datatype: float64
# - name: ERROR
#   unit: erg / (Angstrom cm2 s)
#   datatype: float64
# delimiter: ','
# schema: astropy-2.0
WAVELENGTH,FLUX,ERROR
1194.634304629095,1.40943794121828e-15,1.6611871362945135e-15
1194.6878918005843,1.4224591613989683e-15,1.5350427570456917e-15
1194.7414786514398,1.2284560273384324e-15,1.3860525976134954e-15
1194.7950651816673,1.1404962438579382e-15,1.153419010045431e-15
1194.848651391272,1.0504716174055475e-15,1.077243484777236e-15
1194.9022372802601,2.5390299167548805e-16,6.473901240129674e-16
1194.9558228486376,2.928276732478537e-16,6.926757886523706e-16
1195.0094080964095,2.561035707846248e-16,4.831291028140641e-16
1195.0629930235823,5.891449510327321e-16,6.547816652462717e-16
1195.1165776301611,7.974563665758011e-16,8.00990017985699e-16
1195.1701619161522,-1.039187426115695e-16,5.191826265442125e-16
1195.2237458815612,-4.905179635615845e-16,3.155853336077253e-16
1195.2773295263937,-6.458092149040706e-17,5.903745962077491e-16
1195.3309128506557,-2.24447647747352e-16,7.92676812334122e-16
1195.384495854353,-2.044544684029082e-16,6.198089409501807e-16
1195.4380785374908,-9.23746858583431e-17,6.924518582335787e-16
1195.4916609000754,4.2402386990093904e-17,6.080499853877109e-16
1195.5452429421123,-2.483360395554145e-16,4.880798283767936e-16
1195.5988246636073,-6.726598659297201e-16,8.750894545505116e-17
1195.6524060645663,-3.1227346923178236e-16,4.937190240102512e-16
1195.7059871449949,4.892690521629904e-16,1.0737236915129078e-15
1195.7595679048989,5.982466754869179e-17,7.707522743488256e-16
1195.8131483442837,3.858076088992637e-17,6.624205496175267e-16
1195.8667284631558,1.4435396818733467e-16,6.286865137124838e-16
1195.9203082615204,3.1732138053757365e-16,9.57847982456699e-16
1195.9738877393831,2.8138438253601613e-16,6.672454250505893e-16
1196.0274668967504,-1.5363699503656761e-16,6.447186865865002e-16
1196.0810457336274,-2.402116194033545e-16,5.883671829912014e-16
1196.1346242500201,6.552527368483267e-16,1.0243132844950589e-15
1196.1882024459342,1.2585371888414268e-16,7.748630850725391e-16
1196.2417803213752,1.7613213943612442e-16,1.027018009489591e-15
1196.2953578763493,-3.1227696980440896e-16,5.822784727288811e-16
1196.348935110862,6.390690321050639e-16,1.2143754738281456e-15
1196.4025120249191,-4.3914626143766343e-16,4.967640598893042e-16
1196.4560886185263,1.103204452662479e-15,1.3814146550637643e-15
1196.5096648916897,5.098995356792661e-16,1.0874544139252687e-15
1196.5632408444144,7.576513257865345e-17,7.922531596438138e-16
1196.6168164767068,3.226620755336171e-16,9.231021710258479e-16
1196.670391788572,-5.2033113761016287e-17,7.072948505179229e-16
1196.7239667800163,4.028678650798425e-16,1.1803526426431034e-15
1196.7775414510452,-3.2656097654394347e-16,5.675998234735478e-16
1196.8311158016643,-4.987492769513306e-16,5.556328913251099e-16
1196.88468983188,-3.356854451237968e-17,8.088346425971469e-16
1196.938263541697,-6.692159282431978e-16,4.79348914240884e-16
1196.9918369311222,4.211004068322912e-16,1.1772140400260347e-15
1197.0454100001605,-3.2908578492630926e-16,5.730619059582753e-16
1197.0989827488181,-3.3747007983384087e-16,6.718514439472821e-16
1197.1525551771,-3.8314622589901837e-19,1.1028370470358444e-15
1197.2061272850133,7.895254716844422e-16,1.2781257333703056e-15
1197.2596990725629,1.0391778045224538e-15,1.4185581832177536e-15
1197.313270539754,5.697356931115771e-16,1.2386408417750136e-15
1197.3668416865935,-1.526604079865518e-16,9.426431547365984e-16
1197.4204125130864,5.250083802882497e-16,1.1961573180737847e-15
1197.4739830192389,1.41885546507739e-17,1.051172799545496e-15
1197.5275532050562,9.67873379981101e-16,1.5157076957386388e-15
1197.5811230705444,4.822808288077356e-16,1.2544359151091798e-15
1197.6346926157094,1.7019604374780357e-16,9.620385728445407e-16
1197.6882618405566,3.66713131063964e-16,1.211253370252978e-15
1197.7418307450919,3.168221613112216e-18,1.0567531374051713e-15
1197.7953993293213,-3.2755474012941816e-16,8.16220861851994e-16
1197.8489675932497,-3.346872468602036e-16,8.091213026423796e-16
1197.902535536884,-8.953103220066597e-17,9.700585803690085e-16
1197.956103160229,3.5876550956155305e-17,1.111708840273889e-15
1198.009670463291,7.122064780217161e-16,1.322743477386923e-15
1198.0632374460756,2.3685537117493477e-16,1.1057280551297425e-15
1198.1168041085887,2.905521545191834e-16,1.279253471339327e-15
1198.1703704508354,1.905914996472417e-16,1.0541721616565688e-15
1198.2239364728223,7.32564198650581e-16,1.1497866605629251e-15
1198.2775021745547,2.980161897689706e-16,1.0277301844232315e-15
1198.331067556038,-1.2514349278231506e-16,8.852802106167692e-16
1198.3846326172788,-1.629502886523908e-16,1.0110461038487343e-15
1198.4381973582822,8.178954003858078e-16,1.3363691039838569e-15
1198.4917617790538,1.4992051437130666e-15,1.5058401275608305e-15
1198.5453258796003,5.061231775117979e-16,1.2261523835833813e-15
1198.5988896599263,2.2162748785055208e-16,1.0656911091692302e-15
1198.6524531200382,-9.042702605711024e-17,1.0431367460862964e-15
1198.7060162599419,7.251006946650313e-16,1.0315374438536321e-15
1198.7595790796424,1.2522300509724683e-15,1.5010160085264581e-15
1198.813141579146,-3.16976403818614e-16,8.096562314221292e-16
1198.8667037584585,2.820407534018368e-16,1.102008191472069e-15
1198.9202656175853,3.0514852738302697e-16,1.3196551556989356e-15
1198.9738271565325,5.833551080622518e-16,1.1694785629547662e-15
1199.0273883753052,1.08967824643471e-15,1.3699980455727613e-15
1199.08094927391,1.1267766080913297e-15,1.3884219954254532e-15
1199.134509852352,4.40061930781029e-16,1.1757405056412068e-15
1199.1880701106372,6.181628238993579e-16,1.4255604468284273e-15
1199.2416300487714,3.7948041022566005e-16,1.3743839865011295e-15
1199.2951896667603,7.81244778640159e-16,1.4219734316436622e-15
1199.3487489646095,6.708771943809684e-16,1.2753228685252258e-15
1199.4023079423248,8.291396360658435e-16,1.4983142477355705e-15
1199.455866599912,9.954453469235214e-18,1.081216694764532e-15
1199.509424937377,3.1381171017213966e-16,1.1034861050186495e-15
1199.562982954725,-1.2642764866008164e-16,9.097775816821706e-16
1199.6165406519624,8.415988268347755e-16,1.2615643628422506e-15
1199.6700980290943,-5.104781242356262e-16,7.966858347967549e-16
1199.723655086127,3.473717030027468e-16,1.1397336790827486e-15
1199.7772118230662,-3.118241155438344e-16,9.791476144521061e-16
1199.8307682399172,7.104303358309794e-16,1.368141763504596e-15
1199.8843243366862,1.0536526825255382e-16,1.1654974030249834e-15
1199.9378801133785,-3.257440683903119e-16,8.338167283056676e-16
1199.9914355700002,-1.9750302845668695e-16,9.691265466279985e-16
1200.0449907065567,-4.474500182155078e-16,9.675480403145343e-16
1200.0985455230543,9.580127889410575e-17,1.1170774824696634e-15
1200.1521000194982,2.226916427679147e-17,1.0233489087912446e-15
1200.205654195894,-5.381887123647152e-16,8.485700818497672e-16
1200.2592080522484,-1.7704750837144933e-16,1.05166350361204e-15
1200.3127615885662,-2.044377861835064e-16,9.338090383471925e-16
1200.3663148048531,6.348891649817868e-16,1.2831654978389707e-15
1200.4198677011157,5.957842460954441e-16,1.3434737713905324e-15
1200.473420277359,-2.7764123826548586e-16,1.0979371777276676e-15
1200.526972533589,-9.74273738595294e-17,1.0470000210417364e-15
1200.5805244698113,-1.7025807615139227e-16,9.607405397460493e-16
1200.6340760860317,1.120083303422038e-16,1.3255079704080932e-15
1200.687627382256,1.09642524292719e-16,1.2131538618074737e-15
1200.74117835849,-7.55731697309877e-17,1.2085212604865072e-15
1200.794729014739,8.114595055327521e-16,1.5003025447364732e-15
1200.8482793510095,3.9438713743760915e-16,1.3094323731469387e-15
1200.9018293673066,7.205877628322925e-16,1.2257371859473592e-15
1200.9553790636362,-1.7472187432759103e-16,1.0563747049136177e-15
1201.0089284400042,-7.012691059144929e-16,9.590104723896868e-16
1201.062477496416,-3.848695175975183e-17,1.0334898571854758e-15
1201.1160262328776,9.262457579847599e-17,1.136469210889563e-15
1201.169574649395,-6.519995323941004e-17,1.0201404140534065e-15
1201.2231227459731,4.814954934493698e-16,1.05963817565318e-15
1201.2766705226186,2.4767799028517936e-16,1.326732535221031e-15
1201.3302179793363,1.149221804806489e-15,1.5943104879530239e-15
1201.3837651161327,2.760923945406698e-16,1.2601816327758846e-15
1201.4373119330132,1.7626324797225004e-18,1.1403932946162156e-15
1201.4908584299837,3.995854090351637e-16,1.3505466788108887e-15
1201.5444046070497,-1.5156216177847352e-16,1.2105018680784566e-15
1201.597950464217,3.79808147871418e-16,1.3321236596024636e-15
1201.6514960014915,-5.019892536354558e-16,9.293026582546319e-16
1201.7050412188787,-7.806293205388948e-16,8.250255522124087e-16
1201.7585861163848,4.807988712954457e-16,1.260550508048691e-15
1201.812130694015,4.055688804600292e-16,1.3867040567914567e-15
1201.865674951775,7.745539514035392e-16,1.476406115033761e-15
1201.9192188896711,-4.2403527419430697e-16,1.1392587871596427e-15
1201.9727625077082,4.682600004916753e-16,1.3818947146445888e-15
1202.0263058058927,3.268002179621381e-16,1.1468563277166373e-15
1202.0798487842305,-1.5700603047634647e-16,1.0897553545330879e-15
1202.1333914427269,5.640273143729658e-16,1.4001400441445723e-15
1202.1869337813873,-2.16729031244909e-15,1.2506470061996982e-15
1202.2404758002178,9.361311741521874e-16,1.7524633558663938e-15
1202.2940174992245,7.955398741191761e-16,1.4803417441674163e-15
1202.3475588784129,3.2288347329347786e-16,1.1848722696907236e-15
1202.4010999377886,1.268143647260179e-16,1.2751702357182635e-15
1202.454640677357,6.31477457194957e-16,1.3931773701223564e-15
1202.5081810971244,-3.5987484210437e-16,9.925910049923262e-16
1202.5617211970966,6.124818259665863e-16,1.3816694599241273e-15
1202.6152609772787,-8.339786911192227e-17,1.1709805815820004e-15
1202.668800437677,-2.742267369954815e-16,1.2097723898157165e-15
1202.722339578297,1.2712347907264162e-16,1.3050440110877026e-15
1202.7758783991442,6.042469572762421e-16,1.4068768633331324e-15
1202.8294169002247,3.736731473286664e-16,1.4056341426340324e-15
1202.8829550815442,-2.4624184036442075e-16,1.1123146672218615e-15
1202.9364929431083,-5.816513494180358e-17,1.1063528795727884e-15
1202.9900304849227,2.1465672702555476e-16,1.3030441715645749e-15
1203.0435677069931,1.0096971312020169e-15,1.5516387795313434e-15
1203.0971046093257,4.3668755870461037e-16,1.4467247442715038e-15
1203.1506411919254,2.0903646713986008e-16,1.3682809144982715e-15
1203.2041774547988,-4.631762242045249e-16,1.1559137626984265e-15
1203.2577133979507,1.5360584011658509e-15,1.5014215133235572e-15
1203.311249021388,-1.3250257295846026e-16,1.2949945233436543e-15
1203.3647843251154,4.2283435095157083e-16,1.448132847629266e-15
1203.4183193091387,1.8447507815293805e-15,1.71693384946078e-15
1203.4718539734642,8.39672281146723e-16,1.4391037886324828e-15
1203.5253883180976,8.471115294918276e-16,1.4301974037739399e-15
1203.578922343044,1.0482313605530854e-15,1.4394295620121837e-15
1203.6324560483097,6.411409535725516e-16,1.4830001215089213e-15
1203.6859894339,-1.5543216767366065e-16,1.2994796278770728e-15
1203.739522499821,2.6519613448180576e-16,1.3831901242923053e-15
1203.7930552460784,1.0206040914907486e-15,1.456125498638614e-15
1203.8465876726777,2.1708853170035206e-15,1.888352974964872e-15
1203.9001197796247,7.675982030050124e-18,1.1004296239721066e-15
1203.9536515669251,1.5061314845097357e-16,1.1977324668105864e-15
1204.0071830345848,5.700318484796882e-16,1.4576040428139462e-15
1204.0607141826092,-1.303975389317285e-15,1.2779098414576719e-15
1204.1142450110046,-7.2172214740428645e-16,1.1752072950009219e-15
1204.1677755197761,1.2320414384242958e-15,1.5695488991862358e-15
1204.22130570893,2.772067253053919e-16,1.2913188641064283e-15
1204.2748355784713,-2.347236294122829e-16,1.0382521027979337e-15
1204.3283651284062,9.471137730356553e-16,1.5541768811788066e-15
1204.3818943587407,6.383898492654128e-16,1.5166075689746112e-15
1204.43542326948,1.603060084688595e-15,1.757933498709782e-15
1204.4889518606299,8.649677280009285e-16,1.590280825907427e-15
1204.5424801321963,1.181652027181377e-15,1.5693748001526077e-15
1204.5960080841849,4.299091424429737e-16,1.4801697990383957e-15
1204.6495357166013,-3.798083750068297e-16,1.1204636892134627e-15
1204.7030630294512,-3.4647632118724294e-16,9.586171071806631e-16
1204.7565900227405,3.1535593005307826e-16,1.293659003222291e-15
1204.810116696475,7.448406250991619e-17,1.311039836455352e-15
1204.8636430506604,-6.180887941893966e-17,1.224963020274974e-15
1204.917169085302,-7.020950629658e-16,7.757464987356517e-16
1204.970694800406,5.913195127984963e-16,1.2843656492487447e-15
1205.024220195978,5.2901704409619e-16,1.3397906119707338e-15
1205.0777452720233,-4.21273067800161e-16,9.655324791007501e-16
1205.131270028548,-6.30908394032165e-17,1.1131792807293354e-15
1205.1847944655583,1.524903766268666e-16,1.2191930277002013e-15
1205.238318583059,-5.897436967857485e-16,9.674989192451146e-16
1205.2918423810565,-1.0003133825089578e-15,7.781866130380997e-16
1205.3453658595563,-4.982000000972278e-16,9.542724924785293e-16
1205.398889018564,-6.608284106261742e-16,8.84717122788017e-16
1205.4524118580853,-4.846503834703518e-16,1.0389691005007085e-15
1205.5059343781263,5.056660203561506e-16,1.4251867534232138e-15
1205.5594565786923,-2.8384153145738933e-16,1.0853975599542296e-15
1205.6129784597892,3.8760452538400935e-16,1.36972394078733e-15
1205.6665000214227,1.8695640114661235e-16,1.307322193822009e-15
1205.7200212635985,7.079835041097343e-16,1.5309819057442693e-15
1205.7735421863222,5.498990069018405e-16,1.4575564626468972e-15
1205.8270627896,5.820197622166904e-16,1.2742337934004898e-15
1205.880583073437,1.0134928045946165e-17,1.2165018531490836e-15
1205.9341030378391,6.522610314408147e-16,1.4299023444413117e-15
1205.9876226828126,2.1322687805594988e-16,1.1857327435351978e-15
1206.0411420083624,-3.964531215408146e-16,1.1543995845114202e-15
1206.0946610144947,2.2366449984250214e-16,1.2699019511781916e-15
1206.1481797012148,7.601732836283581e-17,1.2722247650284569e-15
1206.2016980685291,2.874177099427145e-16,1.2776124310793534e-15
1206.2552161164429,2.615980323799736e-16,1.2885277473299284e-15
1206.3087338449616,4.350817496491861e-16,1.3979879827834236e-15
1206.3622512540912,-9.844793281170433e-17,1.2691404012566419e-15
1206.4157683438377,-2.881822034629944e-16,1.2069011436963002e-15
1206.4692851142067,1.868261066439415e-17,1.146764203626625e-15
1206.5228015652037,-8.607503420518455e-16,8.089761012905055e-16
1206.5763176968346,6.099578544261678e-17,1.154259521691942e-15
1206.6298335091049,2.4705632346933467e-16,1.3556647414149541e-15
1206.6833490020206,3.883333940264988e-16,1.438201710233367e-15
1206.7368641755872,9.900279004245199e-17,1.3439941889381518e-15
1206.7903790298103,3.5180428726737383e-16,1.3939155739339353e-15
1206.8438935646961,5.1023061370436755e-16,1.4115105436985566e-15
1206.8974077802502,1.5041704214704717e-15,1.6185040436841978e-15
1206.9509216764775,3.0028872436391616e-15,1.948781265375798e-15
1207.0044352533848,5.711978656810038e-16,1.2259914729562254e-15
1207.0579485109774,-5.023007477840435e-16,9.084511547941375e-16
1207.1114614492608,-1.322605412990972e-16,1.0809517254495387e-15
1207.164974068241,2.152572115466752e-16,1.2516570154308737e-15
1207.2184863679236,-3.0664527446296364e-16,9.563328611836085e-16
1207.2719983483148,-3.4112438539281635e-16,1.030442723464471e-15
1207.3255100094193,-6.196179937130702e-16,1.2385158214288082e-15
1207.3790213512434,3.9453067436897414e-16,1.335155184001372e-15
1207.4325323737928,4.246095870949976e-16,1.15333934729903e-15
1207.4860430770734,3.814601340203336e-16,1.1452752983394478e-15
1207.5395534610907,2.6569395941520307e-16,1.2978111118606463e-15
1207.5930635258503,2.4774239796522606e-16,1.331947734112461e-15
1207.646573271358,-7.885055816777282e-16,8.469491483130332e-16
1207.7000826976196,1.4415767593671788e-16,1.2364790933210795e-15
1207.7535918046408,-7.73813966372082e-17,1.1502684141080118e-15
1207.8071005924276,-1.9617008693053418e-16,1.0655040483702064e-15
1207.8606090609846,1.3496708253958821e-15,1.5961428378504949e-15
1207.914117210319,1.4475680265945935e-16,1.2285063133290841e-15
1207.9676250404357,2.022055480546947e-16,1.3238801100262145e-15
