trappist-1/STIS/new_bk_means/TRAPPIST-1_G140M_newbk_mean_2016-12.ecsv
# %ECSV 0.9
# ---
# datatype:
# - name: WAVELENGTH
#   unit: Angstrom
#   datatype: float64
# - name: FLUX
#   unit: erg / (Angstrom cm2 s)
#   datatype: float64
# - name: ERROR
#   unit: erg / (Angstrom cm2 s)
#   datatype: float64
# delimiter: ','
# schema: astropy-2.0
WAVELENGTH,FLUX,ERROR
[from data line 249]
1207.7478026561732,1.3232114221406794e-15,2.1796676049098216e-15
1207.8013004373233,1.5584093985343626e-15,2.2680240686150677e-15
1207.854797898661,-1.3869641665057621e-15,1.520939969304338e-15
1207.9082950401921,1.8352898960854134e-15,2.319500088156635e-15
1207.961791861922,-2.1477617011591636e-17,1.4951581793497806e-15
1208.0152883638568,-9.518027396593609e-16,1.6544766216440591e-15
1208.0687845460022,7.744723231143067e-16,2.1095923032904868e-15
1208.1222804083638,-1.8892753872130276e-15,1.3523548781006737e-15
1208.1757759509474,-9.182952616113654e-16,1.3948002789941257e-15
1208.2292711737584,-1.415630026711424e-15,1.2556288894909795e-15
1208.2827660768032,6.189903458785579e-17,1.8925151361957703e-15
1208.3362606600872,8.275695041711367e-16,2.112761573085781e-15
1208.3897549236158,-7.455471837494975e-18,1.774620319946791e-15
1208.4432488673956,-4.177477428103061e-17,1.904114490372745e-15
1208.4967424914314,1.702234546011898e-16,1.9910149060910458e-15
1208.5502357957293,2.618309684373622e-15,2.3541310948172214e-15
1208.6037287802951,-1.590413718253987e-15,1.4715516985336124e-15
1208.6572214451344,-1.2089197301518839e-16,1.7719310116629606e-15
1208.7107137902533,3.674714466736382e-16,2.0556490560711745e-15
1208.764205815657,-2.585466158549876e-16,1.844490521947736e-15
1208.8176975213519,1.840434402284273e-15,2.3135261477521415e-15
1208.8711889073427,1.2913522126766742e-15,2.144779730566451e-15
1208.924679973636,-9.369707759394292e-16,1.5582208367613554e-15
1208.9781707202378,2.401569854672877e-15,2.3073908705699603e-15
1209.0316611471526,-1.861477807523053e-15,1.169933472438407e-15
1209.0851512543873,1.7209881178407046e-15,2.1433016127968094e-15
1209.1386410419468,-5.444153561656225e-16,1.7417397326421364e-15
1209.1921305098374,-1.9121286252755456e-15,1.0627488294093492e-15
1209.2456196580645,3.02182659661964e-16,2.000332562805392e-15
1209.2991084866342,-4.3814174793373257e-16,1.778492828625115e-15
1209.352596995552,3.033851105784894e-15,2.4019570361826096e-15
1209.4060851848237,1.3835857363094176e-15,2.1087747901464e-15
1209.4595730544547,3.022878509952441e-15,2.3727004612937457e-15
1209.513060604451,2.09606988373949e-15,2.314925378132873e-15
1209.5665478348187,-6.934669265558797e-16,1.6082001854231706e-15
1209.6200347455629,-4.876516301580906e-16,1.6698832428269016e-15
1209.6735213366896,9.405181878937736e-16,2.1230833396660124e-15
1209.7270076082045,1.3268181847239202e-15,2.1511785821107703e-15
1209.780493560113,-9.428710695329613e-16,1.587353216307982e-15
1209.8339791924218,1.872904542513899e-15,2.2928711904701334e-15
1209.8874645051355,1.3072295349838053e-15,2.1328071196301652e-15
1209.9409494982606,3.293466969829869e-15,2.5147978903755054e-15
1209.9944341718026,6.385049728006593e-16,2.04794307526579e-15
1210.0479185257673,-1.9436515494984064e-15,1.0006344804184748e-15
1210.10140256016,2.9055052543312264e-15,2.3975519501103598e-15
1210.154886274987,-3.369674281484625e-17,1.8646968393659537e-15
1210.2083696702534,8.592872256179498e-16,1.9998618879532674e-15
1210.2618527459656,-6.161433206012852e-16,1.385489398396587e-15
1210.315335502129,1.5708356512116922e-15,2.2100683152650754e-15
1210.3688179387493,2.077493677125116e-15,2.244270136000685e-15
1210.4223000558322,2.3506300084910643e-16,1.9344426379366647e-15
1210.4757818533835,4.4829631332553355e-16,1.95409880340935e-15
1210.529263331409,2.1326821442988156e-16,1.843026158341859e-15
1210.5827444899146,1.7910559866031195e-15,2.1646526168060995e-15
1210.6362253289055,-1.4296706810615615e-16,1.6434423496062581e-15
1210.689705848388,8.448940417805808e-16,1.981587050193451e-15
1210.7431860483673,1.025142201863275e-15,1.9451380261895197e-15
1210.7966659288495,1.1085042865323e-15,1.940233994059243e-15
1210.85014548984,2.5843404966855965e-16,1.7630828522538061e-15
1210.903624731345,-7.858793408944521e-17,1.824884187095617e-15
1210.95710365337,-4.150239685060878e-16,1.6668464449274105e-15
1211.0105822559203,-1.9500664913680165e-16,1.8351450722424913e-15
1211.064060539002,1.068700021983595e-15,1.6913044831437595e-15
1211.1175385026213,-8.518489408231861e-16,1.5473155026089432e-15
1211.1710161467831,5.691163301533339e-16,1.957846994462133e-15
1211.2244934714936,1.829569002934093e-15,2.2415969997110317e-15
1211.2779704767584,3.95549658571648e-16,1.8765952870154057e-15
1211.3314471625831,-9.230343217094461e-16,1.5044378295937558e-15
1211.3849235289736,-6.781677189906482e-16,1.499402784619553e-15
1211.4383995759358,-1.2559806801236297e-15,1.4498163843628785e-15
1211.491875303475,-1.6925734093836486e-15,1.2347624410107846e-15
1211.5453507115972,-9.14986441322782e-16,1.5132455965400566e-15
1211.5988258003076,-2.1593844159719644e-16,1.652825033716171e-15
1211.6523005696129,1.8853694611167416e-16,1.7077590803773665e-15
1211.705775019518,-2.426100821317633e-16,1.7124868856165626e-15
1211.7592491500288,-1.876789349495096e-15,1.1634646379303815e-15
1211.8127229611516,-7.372157167075017e-16,1.503621205911575e-15
1211.8661964528917,3.72582612179966e-15,2.5857379315090137e-15
1211.9196696252543,-9.599566263100033e-16,1.4839261916801257e-15
1211.9731424782458,-9.565716071605172e-17,1.639336444710848e-15
1212.0266150118716,-1.1809273868804633e-15,1.3736290165212806e-15
1212.080087226138,1.0207567122741472e-15,1.9247328331352416e-15
1212.1335591210498,-3.0663699119717485e-16,1.6052123421261711e-15
1212.1870306966136,1.618165831312852e-15,2.0539268524942717e-15
1212.2405019528344,1.8758074485674898e-15,2.1005027355928988e-15
1212.2939728897181,3.0540411930750524e-15,2.3637912169026653e-15
1212.3474435072712,-2.28525795747758e-16,1.6925687488281115e-15
1212.4009138054982,9.924349461901934e-17,1.6842362363849242e-15
1212.4543837844055,-4.94241647797792e-16,1.5878714687753369e-15
1212.507853443999,1.9262799938713738e-15,2.2256826572378996e-15
1212.5613227842837,1.4741452847811535e-16,1.575088650867756e-15
1212.614791805266,-4.384039535494381e-16,1.3452369081148176e-15
1212.6682605069514,-9.026181733506123e-16,1.4412976396383274e-15
1212.7217288893457,-7.304668476559755e-16,1.252243158231501e-15
1212.7751969524543,-1.4906315182227516e-15,1.2868785821499976e-15
1212.8286646962833,-4.0059850815688996e-16,1.3171986155497164e-15
1212.8821321208382,-6.552011604289172e-16,1.5360878047956309e-15
1212.9355992261249,1.1848019714600495e-15,2.0374713229390375e-15
1212.989066012149,2.243701514599022e-16,1.466059737351581e-15
1213.0425324789157,-2.3343442838461385e-16,1.6117132925211177e-15
1213.095998626432,4.352878959856754e-16,1.76059166884455e-15
1213.1494644547024,1.6755717213681623e-16,1.7456368601141832e-15
1213.2029299637334,3.432927081610017e-16,1.4810456343875237e-15
1213.2563951535299,5.970215684395161e-16,1.7474621461185975e-15
1213.3098600240985,-6.251951443016344e-16,1.5365711215871797e-15
1213.3633245754443,-1.0665957905741718e-15,1.3627250929618657e-15
1213.4167888075735,-5.987995860416324e-16,1.510784216220997e-15
1213.4702527204915,1.8907652028867262e-16,1.6318516953854183e-15
1213.5237163142037,6.395692843581056e-17,1.6985979365860435e-15
1213.5771795887167,-4.018304509900178e-16,1.3029272237633047e-15
1213.6306425440357,2.413005109761096e-15,2.1310169419717573e-15
1213.6841051801662,1.2798820973231365e-17,1.3597996869509625e-15
1213.7375674971145,2.843760584066976e-16,1.6139274431497434e-15
1213.7910294948852,-6.356687143191152e-17,1.6218328304763362e-15
1213.8444911734857,2.4756136374156745e-16,1.4096461339572344e-15
1213.8979525329203,6.46455619046207e-16,1.846642701860005e-15
1213.9514135731952,-1.4554579403576525e-15,1.0976094714454839e-15
1214.0048742943166,-1.2536525690940663e-15,1.2507596415269672e-15
1214.0583346962892,-9.070676232881762e-16,1.3083931043923154e-15
1214.1117947791192,-6.037890121225873e-16,1.4579846022427695e-15
1214.1652545428128,-1.1775580263128502e-16,1.5700917759416145e-15
1214.218713987375,-1.3938791006668078e-16,1.6255723098937583e-15
1214.272173112812,-2.1435099664673897e-16,1.4967789439681122e-15
1214.3256319191294,7.171766080804018e-16,1.7706091435809056e-15
1214.3790904063326,2.1588106613676532e-15,2.024530950002238e-15
1214.4325485744278,1.3397699533250804e-15,1.6567587962150585e-15
1214.4860064234201,-9.092813075062332e-16,1.078656937374707e-15
1214.5394639533163,2.547015193031731e-16,1.6812410953214435e-15
1214.5929211641205,-5.431959355907222e-16,1.470854222762262e-15
1214.64637805584,1.3806637491716005e-15,1.9990583888532066e-15
1214.6998346284795,-8.358635924255242e-16,1.331017312179089e-15
1214.7532908820451,2.0371854754228053e-16,1.6475472822329426e-15
1214.8067468165425,-3.3965573650658067e-16,1.4742590538618985e-15
1214.860202431977,9.66370966665784e-16,1.8865661635596833e-15
1214.9136577283552,4.836252440920626e-16,1.7222836985411802e-15
1214.9671127056822,1.522929897598039e-15,1.9221637481214636e-15
1215.0205673639637,1.1611828908100224e-15,1.9325178235093776e-15
1215.0740217032057,1.8452891603052653e-15,1.927820420787386e-15
1215.1274757234135,1.006330439719918e-16,2.0836997550955768e-15
1215.180929424593,3.7817570767870697e-16,2.4437776568315024e-15
1215.2343828067499,-5.322913381972417e-16,2.575995060538597e-15
1215.2878358698904,-2.7285154401525996e-16,2.9196087252560753e-15
1215.3412886140195,-2.268828775991155e-17,4.173708112468648e-15
1215.394741039143,-1.7982311756288204e-14,5.386707436458103e-15
1215.448193145267,-8.20806615466163e-15,7.79916977330836e-15
1215.5016449323969,-1.0354473820198304e-16,6.8098998854672365e-15
1215.5550964005386,-9.100401764610207e-16,4.312980450409732e-15
1215.608547549698,2.0165782799832312e-15,3.522670697579289e-15
1215.66199837988,-3.715164540493461e-15,2.6931740474396024e-15
1215.7154488910912,-3.1058684807737503e-15,2.030148326133802e-15
1215.7688990833371,3.512579488271042e-16,1.8287568679572426e-15
1215.8223489566233,-4.962022168064818e-16,1.895043945421474e-15
1215.875798510955,-1.7399269115981693e-17,1.7851101365965293e-15
1215.929247746339,-1.766043318121084e-15,1.3010134160577737e-15
1215.9826966627797,-4.939777463231557e-16,1.5015696274106287e-15
1216.0361452602842,-1.2908576661304097e-15,1.3381104125830427e-15
1216.0895935388573,8.237626199204424e-16,1.8909356400212404e-15
1216.1430414985045,1.3283327286407743e-15,1.8714506884412207e-15
1216.1964891392327,-1.2055924075066356e-15,1.1108557630114127e-15
1216.2499364610462,4.650115152448343e-16,1.561172098733994e-15
1216.3033834639518,-7.799462292006081e-16,1.2043231290969776e-15
1216.3568301479545,-9.551128533584867e-17,1.4463385976481329e-15
1216.4102765130604,1.454317726313261e-16,1.5110995984058765e-15
1216.463722559275,3.446109184464641e-17,1.2307293677265239e-15
1216.5171682866044,3.250026077832905e-16,1.5006354584255803e-15
1216.5706136950537,-3.4769746596375035e-17,1.3957271485449563e-15
1216.624058784629,2.5931811812219553e-15,2.0083131044000385e-15
1216.6775035553358,2.6279261441312078e-15,2.085280387575717e-15
1216.73094800718,-1.0794780261310377e-15,1.123759190258225e-15
1216.7843921401673,-9.906452957948368e-16,9.446718021552491e-16
1216.837835954303,-2.385138214128307e-16,1.072650938080801e-15
1216.8912794495936,-1.2985544595518753e-15,8.913401627465792e-16
1216.944722626044,-3.941145103292433e-16,1.333673691168612e-15
1216.9981654836606,8.270323804543238e-17,1.2095854089876215e-15
1217.0516080224486,-5.294304746409451e-16,1.220274453701327e-15
1217.1050502424137,4.1893710911647924e-17,1.2246918098167007e-15
1217.158492143562,-5.961888292636368e-16,1.0930895787375777e-15
1217.211933725899,-1.376057767838006e-15,9.029941174960984e-16
1217.2653749894303,3.286080043150957e-17,1.1509866527900332e-15
1217.3188159341616,-1.4986056576041288e-15,9.936252189756263e-16
1217.372256560099,-1.099755777562375e-15,9.33601083677999e-16
1217.4256968672476,-1.332572269765566e-15,9.825310313562363e-16
1217.4791368556134,-4.411826137544122e-16,1.018666510864817e-15
1217.5325765252023,-6.635123742867405e-17,1.393594663222286e-15
1217.5860158760197,-1.6567962494142472e-16,1.1367762698874573e-15
1217.6394549080717,7.355042874711891e-16,1.6448131216947419e-15
1217.6928936213635,-2.1170182998549503e-16,1.2366720052308083e-15
1217.7463320159009,3.7027570054782915e-17,1.4741360291498476e-15
1217.7997700916899,8.170818832452925e-17,1.1408374853109162e-15
1217.853207848736,2.173259641341445e-15,1.8226383446422613e-15
1217.906645287045,-1.5707621840355962e-15,8.184115805514677e-16
1217.9600824066226,-1.7568105241710006e-15,5.226444152994282e-16
1218.0135192074742,-1.1507600070616444e-16,1.187604648677316e-15
1218.0669556896057,4.2698910533476656e-16,1.5135561578377504e-15
1218.1203918530232,2.0197674801569077e-15,1.8454069909315235e-15
1218.173827697732,-1.2216894228660995e-15,7.951117785281931e-16
1218.2272632237375,-6.28527142548433e-16,1.165288266710464e-15
1218.2806984310462,-3.186671110915439e-16,1.3338382152603668e-15
1218.3341333196634,-1.2297263971041366e-15,9.253809383394323e-16
1218.3875678895943,-2.5460346894275797e-16,1.316990823278081e-15
1218.4410021408453,-1.2647586766833423e-15,7.388261152874984e-16
1218.4944360734219,-1.888149080106762e-16,1.0619853303467473e-15
1218.5478696873297,-1.7942885584207285e-15,6.728674456236736e-16
1218.6013029825747,-8.023262365003235e-16,1.13631569442076e-15
1218.654735959162,-2.977759975881915e-16,1.053571438568155e-15
1218.7081686170982,-1.763012992517137e-15,5.20031593512268e-16
1218.761600956388,1.3190048740564879e-15,1.7302539932245553e-15
1218.8150329770376,-4.3486040160783944e-16,1.201920863385087e-15
1218.868464679053,1.125296600737297e-15,1.3616203165963559e-15
1218.9218960624391,-8.317042915366424e-16,8.811394068964133e-16
1218.9753271272025,7.57648889418219e-17,1.2907170094391263e-15
1219.0287578733485,-2.45299092820332e-16,1.2460282675295099e-15
1219.0821883008825,3.5143710605508313e-17,1.3154845865708922e-15
1219.1356184098104,-7.44735249663844e-16,9.064301438654502e-16
1219.1890482001384,-1.0633852227679697e-15,9.358746192821905e-16
1219.2424776718715,-1.708014235259981e-17,1.2571795004051053e-15
1219.2959068250157,-1.249074606002231e-15,8.506229056789243e-16
1219.3493356595768,-1.0477513440549893e-15,7.685600334330919e-16
1219.4027641755602,-5.133568696344374e-16,1.1668748089034862e-15
1219.4561923729718,7.056643601163505e-16,1.4639495602372731e-15
1219.5096202518173,-3.1647829692140664e-16,1.1875763049112223e-15
1219.5630478121025,-3.669553318352442e-16,9.443260307471878e-16
1219.6164750538328,-1.0333291036953721e-15,7.798646186452694e-16
1219.669901977014,-1.0532537039356559e-15,7.145153704386575e-16
1219.723328581652,-4.0403859242412086e-16,9.524680340078937e-16
1219.7767548677523,-3.433079706652602e-17,1.2896151837569847e-15
1219.8301808353206,4.305826521225357e-16,1.4236116696163043e-15
1219.8836064843626,1.7539211406899873e-15,1.737452610992822e-15
1219.9370318148844,1.1418579566340833e-15,1.4951982034999477e-15
1219.9904568268912,-6.425526488676312e-16,9.704070534605915e-16
1220.0438815203888,-4.657751117090205e-16,1.081955994579525e-15
1220.097305895383,6.1778177184193e-16,1.4162574930598796e-15
1220.1507299518792,-2.899431009926935e-16,9.934394206163003e-16
1220.2041536898837,2.145900469849336e-16,1.3288134424765302e-15
1220.2575771094016,-5.064183125058768e-16,8.489085890866265e-16
1220.3110002104388,-1.2572584572725037e-15,6.139003961271437e-16
1220.364422993001,2.6226117140742133e-15,1.9277641066277163e-15
1220.4178454570938,2.369443110708783e-16,1.4323628028668518e-15
1220.4712676027232,-2.5651524203130697e-17,1.1796438168265535e-15
1220.5246894298948,-3.9446398116897317e-16,1.1060718063200906e-15
1220.5781109386141,1.108798461583271e-15,1.4816730975784064e-15
1220.6315321288869,2.3102518254046483e-16,1.1860894909580852e-15
1220.684953000719,-4.4118600312714325e-17,1.2057775055525703e-15
1220.7383735541162,8.334662048546824e-16,1.2183278631948756e-15
1220.7917937890832,1.5971054638409242e-15,1.6432007076612927e-15
1220.845213705627,-1.53769566643955e-16,1.1532874345741837e-15
1220.8986333037528,-1.3774048767728313e-15,5.240338778313277e-16
1220.9520525834664,-8.366222485324906e-16,7.238346798478045e-16
