trappist-1/STIS/new_bk_means/TRAPPIST-1_G140M_newbk_mean_2016-09.ecsv
# %ECSV 0.9
# ---
# datatype:
# - name: WAVELENGTH
#   unit: Angstrom
#   datatype: float64
# - name: FLUX
#   unit: erg / (Angstrom cm2 s)
#   datatype: float64
# - name: ERROR
#   unit: erg / (Angstrom cm2 s)
#   datatype: float64
# delimiter: ','
# schema: astropy-2.0
WAVELENGTH,FLUX,ERROR
[from data line 251]
1207.9975863569612,5.256115110666399e-16,6.297895241624198e-16
1208.051080411428,3.459008232593583e-16,4.1056915043791985e-16
1208.1045741770295,2.58832352978316e-16,3.485541493365228e-16
1208.1580676537694,-1.287191353939029e-16,1.0607803975917828e-16
1208.2115608416532,2.0660437031523241e-16,3.812723147693853e-16
1208.2650537406853,3.457998121587645e-16,4.1042893215885394e-16
1208.3185463508705,2.7834467279305216e-16,3.7984416041136485e-16
1208.3720386722132,-1.3996011134831675e-17,2.2026048233360684e-16
1208.4255307047185,-2.3434560810855127e-16,1.70268749252157e-19
1208.4790224483907,-1.7596545714556606e-16,5.804825639229688e-17
1208.5325139032348,2.9776570411260153e-16,5.920180780590091e-16
1208.586005069255,-1.5633715459050198e-17,2.1936312811829213e-16
1208.6394959464565,-6.103019865948968e-17,1.7416744360333567e-16
1208.6929865348436,4.87922158502951e-16,6.874623387561509e-16
1208.7464768344212,4.443008903057699e-16,5.613163588926647e-16
1208.799966845194,-1.554698207484489e-16,1.320517022802025e-16
1208.8534565671662,-2.6231887487768258e-17,2.477310537343804e-16
1208.9069460003432,1.2176294678368922e-16,3.8939843723315233e-16
1208.9604351447294,5.563760130563235e-17,2.8915531580540416e-16
1209.0139240003293,1.0611058478771259e-16,3.0598477192728365e-16
1209.0674125671476,2.5951494724169376e-16,3.6981430242168786e-16
1209.1209008451892,1.5220824265307354e-16,3.907437272566494e-16
1209.1743888344586,3.907791752241408e-16,5.691841826408423e-16
1209.2278765349606,-2.9074625591263784e-16,9.691303714340906e-18
1209.2813639466995,-2.6032202856395607e-16,6.2257710452055416e-18
1209.3348510696808,-2.3165589423462526e-16,1.651338739713728e-19
1209.3883379039082,2.62519534426965e-16,4.2454436473051387e-16
1209.4418244493872,5.931659972795175e-16,4.822350979204203e-16
1209.495310706122,4.682281614540385e-16,4.4099981523435864e-16
1209.548796674117,1.2854840624663864e-17,2.419356725043373e-16
1209.6022823533776,4.56923869245408e-17,3.280256594057936e-16
1209.6557677439082,-1.1651011763402675e-17,2.177719311919731e-16
1209.7092528457135,-1.7163904069202548e-16,5.916795604910806e-17
1209.7627376587977,2.221518122495913e-18,2.3213451771070013e-16
1209.816222183166,-1.190523135834678e-16,7.848250736478498e-17
1209.8697064188232,2.0745389122902386e-16,3.084423282140717e-16
1209.9231903657735,-1.065581738445778e-16,1.239490989089768e-16
1209.976674024022,2.3627598501463993e-16,4.645769353775147e-16
1210.030157393573,-2.3060992776608306e-16,1.6524882799968272e-19
1210.0836404744314,1.4691643683918264e-16,3.767186385167604e-16
1210.1371232666017,1.1799063416253321e-16,3.4042748347606164e-16
1210.1906057700887,6.62712655987694e-16,8.622169610305082e-16
1210.2440879848973,4.561087986431083e-17,2.7430245520075883e-16
1210.2975699110316,-8.864082361057729e-18,2.1944678247172644e-16
1210.3510515484968,-1.165350525537917e-16,7.889786050239864e-17
1210.4045328972973,2.1208402067447958e-16,3.1189117150434435e-16
1210.458013957438,-1.780360315436186e-16,5.559839058206254e-17
1210.5114947289235,2.0609152622460162e-17,2.778272296633889e-16
1210.564975211758,3.087243459820142e-17,2.8235786019617783e-16
1210.618455405947,3.8142054420995936e-17,2.956626845784391e-16
1210.6719353114945,2.294546721127325e-16,3.701087445479767e-16
1210.7254149284058,4.374184680329633e-17,2.723507869950601e-16
1210.778894256685,-1.2072085170541765e-16,2.277394223577529e-16
1210.832373296337,-4.850267927118498e-17,1.425068655014439e-16
1210.8858520473664,8.835964283842211e-16,9.368645445693511e-16
1210.9393305097776,-1.7107527726162068e-16,5.555063195317554e-17
1210.992808683576,9.525777846427422e-17,3.2146376335923535e-16
1211.0462865687657,2.367402006473149e-16,4.616478662903061e-16
1211.0997641653516,-1.7242808018532739e-16,5.35718459353079e-17
1211.1532414733385,-1.2244940102981412e-17,2.1322820988359178e-16
1211.2067184927307,-2.24525575877009e-16,1.5714542379117914e-19
1211.2601952235334,-2.245612464125918e-16,1.5710302453316354e-19
1211.3136716657505,-2.234631453621909e-16,1.559825971383564e-19
1211.3671478193871,-2.232630656433859e-16,1.5507467192540155e-19
1211.420623684448,2.374487836121823e-16,3.943789945859253e-16
1211.474099260938,9.185896025108944e-16,7.613173632104182e-16
1211.5275745488611,6.81177397167314e-16,4.524675761934016e-16
1211.5810495482226,-2.2373848890464897e-16,1.5673015227080541e-19
1211.6345242590266,-1.6611168225050304e-16,5.729901750282241e-17
1211.6879986812787,-4.120872313347585e-18,2.93034914107547e-16
1211.741472814983,8.410364383008876e-17,2.8647371230928767e-16
1211.7949466601438,1.3998340391270287e-16,2.7988476444039455e-16
1211.8484202167663,-1.6859706002258137e-16,5.4177049287810737e-17
1211.901893484855,-1.5602526364519827e-17,2.832928517602742e-16
1211.9553664644145,-4.939668635191289e-17,2.953799847718026e-16
1212.0088391554498,1.4747489711898937e-16,3.1069960800800036e-16
1212.0623115579651,1.881898381386549e-16,2.897963439427632e-16
1212.1157836719653,-2.497150720384996e-16,3.3170712523986566e-17
1212.1692554974554,-1.2154391266744042e-16,1.5379825247679994e-16
1212.2227270344395,3.46646075558463e-16,5.664748736066055e-16
1212.2761982829222,5.2596330154009735e-17,2.7353774090048e-16
1212.329669242909,1.3749996902245747e-16,2.9896245955013923e-16
1212.383139914404,3.6378440489251076e-16,3.4702150864290714e-16
1212.4366102974116,-2.2644541255902055e-16,2.6667155388565027e-17
1212.4900803919368,-1.4872996769663604e-16,1.418175680036926e-16
1212.5435501979841,-1.2821748473406476e-17,2.063365932021811e-16
1212.5970197155589,-2.1957008082401437e-16,1.543571444382399e-19
1212.650488944665,-1.7510056630851657e-16,5.06563757137488e-17
1212.7039578853073,2.9866259428875347e-16,5.485790050342618e-16
1212.7574265374906,3.6472080772335117e-16,5.775321336840637e-16
1212.8108949012194,2.540825037773328e-16,3.4884422748536943e-16
1212.8643629764986,-2.4672343818291263e-18,2.1521765719400409e-16
1212.9178307633329,-1.6821967103164703e-16,5.221000884909854e-17
1212.9712982617266,-1.0659216030388818e-17,2.1122248517569634e-16
1213.0247654716843,-6.466659042063553e-17,9.006946437385629e-17
1213.0782323932115,4.588167650932755e-16,4.103185467518624e-16
1213.131699026312,-2.0289417615155008e-17,1.9595381789878855e-16
1213.1851653709907,-2.1509207572125834e-16,5.058019517016786e-17
1213.2386314272524,-1.1524988971083854e-16,2.80773654574655e-16
1213.2920971951019,2.5312101694494023e-16,3.5699337475005997e-16
1213.3455626745433,3.7074120588685184e-16,5.646543860921542e-16
1213.399027865582,4.891289250935768e-16,5.907334808834657e-16
1213.4524927682223,-3.083717915164293e-16,1.2262204979834644e-17
1213.5059573824688,-5.999178500384915e-17,1.2502108882132046e-16
1213.5594217083262,9.445806380049257e-16,7.891244791001181e-16
1213.612885745799,-4.980336850083093e-16,1.993179569562963e-17
1213.6663494948925,-2.0764061822428539e-16,6.1303615185470525e-18
1213.7198129556107,2.2766037982067694e-16,3.7679372008225327e-16
1213.7732761279588,4.58599501152112e-16,4.0860966041349245e-16
1213.8267390119406,-1.0091742643986982e-17,2.0338519621438696e-16
1213.8802016075617,-1.6109180604659016e-16,5.1770957100084124e-17
1213.9336639148266,5.3252898038006125e-17,2.6490719177927465e-16
1213.9871259337397,2.0595709446338445e-17,2.454632816211689e-16
1214.0405876643056,-1.5029713578460145e-16,1.2437309344448447e-16
1214.094049106529,1.2687142003233777e-16,3.9083002172223075e-16
1214.147510260415,1.388322548192465e-16,3.439456477927488e-16
1214.2009711259677,9.171696402256248e-17,2.790388123084935e-16
1214.2544317031918,3.2272389855173877e-17,2.384790895975518e-16
1214.3078919920927,5.164680431421496e-16,6.034041960220459e-16
1214.361351992674,1.5453270618004547e-16,3.653648564443381e-16
1214.414811704941,2.060782659330546e-16,5.358599083254337e-16
1214.4682711288986,-7.789105360597626e-17,1.6163310246333733e-16
1214.521730264551,1.241974226365216e-16,3.332223497544821e-16
1214.575189111903,2.43864469649523e-16,4.662514969688496e-16
1214.628647670959,-1.9995466209510489e-16,8.387340277183933e-18
1214.682105941724,-1.5680852100223602e-16,5.131285336848833e-17
1214.7355639242028,3.290478997331953e-16,5.461432678270326e-16
1214.7890216183998,2.2074820829033392e-16,5.406955065860817e-16
1214.8424790243198,3.2963949535799475e-16,5.580321377475479e-16
1214.895936141967,6.454451725366867e-16,6.338007487665668e-16
1214.9493929713467,-4.585160120882633e-16,7.411872323258986e-17
1215.0028495124632,-1.259871187834636e-16,1.9762302139697057e-16
1215.0563057653214,5.730701891378124e-16,7.898615492772715e-16
1215.1097617299258,-4.02445377183114e-17,2.0868124586765324e-16
1215.163217406281,1.1989071537422766e-16,2.8081068702778105e-16
1215.216672794392,9.620908419766798e-16,9.712389213458464e-16
1215.270127894263,8.519696974396216e-16,8.608302737075577e-16
1215.3235827058986,3.4300275640298005e-16,6.909518160230042e-16
1215.377037229304,-1.878058114251592e-16,4.302981949398163e-16
1215.4304914644838,-1.0552118500667624e-15,6.508619992598767e-16
1215.4839454114426,-1.2919806347765296e-16,1.396312362124913e-15
1215.5373990701846,-5.932600513046911e-16,1.9205097621940144e-15
1215.5908524407146,5.1989340737889844e-15,3.585366655875588e-15
1215.6443055230377,4.585390408775951e-15,3.869255881866039e-15
1215.6977583171586,2.9476521543045524e-16,2.7376036605754084e-15
1215.7512108230812,-2.9867930321845866e-15,1.5366854472899521e-15
1215.8046630408107,-3.4072668816694883e-16,1.422339224937107e-15
1215.858114970352,-1.1948534691200188e-15,1.147990804756164e-15
1215.9115666117093,-2.8649901333917633e-16,5.228821514939893e-16
1215.9650179648872,-3.991026448992512e-16,3.4382572222156113e-16
1216.018469029891,9.108317923500714e-17,4.679724392564827e-16
1216.0719198067247,1.930112672395905e-16,3.7289933769219706e-16
1216.1253702953932,1.4173608732860694e-15,8.455364129308942e-16
1216.1788204959014,9.116714241838666e-16,8.47437178283775e-16
1216.2322704082533,7.323348795793672e-17,1.0765276874460187e-16
1216.2857200324545,3.4211074709177914e-16,6.296814381600294e-16
1216.3391693685087,-6.738153514235624e-17,3.146591608338246e-16
1216.392618416421,-4.2200514340817357e-17,4.1957007431949345e-16
1216.4460671761963,-1.5401370460864469e-16,4.7465063536570834e-17
1216.4995156478392,3.3045984843601864e-16,4.865609153901975e-16
1216.552963831354,1.2679199485000593e-16,2.847499008572015e-16
1216.6064117267454,4.144633865663995e-16,5.437582978202342e-16
1216.6598593340182,4.085259924859905e-16,3.5068862290461626e-16
1216.7133066531771,6.992041617802866e-16,7.041357352655246e-16
1216.766753684227,2.139458613723619e-16,3.05512957980492e-16
1216.820200427172,-1.1302843372788635e-16,6.61791532620809e-17
1216.873646882017,4.785530939004865e-16,6.080529726564669e-16
1216.927093048767,2.5996509216687825e-16,4.696779386083597e-16
1216.9805389274263,-2.0242929295033342e-16,5.4049242242052905e-17
1217.0339845179994,3.506160174237039e-18,2.3987742580791134e-16
1217.0874298204913,3.187923921393547e-16,5.123138997583324e-16
1217.1408748349065,3.236768337949786e-16,5.166827882246981e-16
1217.1943195612496,3.500758319156832e-17,2.546201724873884e-16
1217.2477639995257,-3.137948721207469e-16,1.2436242691865089e-17
1217.3012081497386,-2.85375173067574e-16,8.600265957072468e-18
1217.354652011894,-2.0071321875590477e-16,1.6665302310236565e-18
1217.4080955859956,3.07494915649302e-17,2.7627819748388436e-16
1217.4615388720485,9.838119406503486e-17,2.996268108408282e-16
1217.5149818700577,1.8840969251185201e-16,2.6820745393497397e-16
1217.5684245800273,-1.3587102961053039e-16,5.1835782634525254e-17
1217.621867001962,8.476894107429388e-17,2.608955604407038e-16
1217.6753091358669,2.7037787817370733e-16,4.61572269574914e-16
1217.7287509817463,3.5900289278004817e-16,5.529546538793253e-16
1217.7821925396047,7.182821637490138e-18,2.1857672827921907e-16
1217.8356338094472,2.2825487466394163e-16,4.3678016546087097e-16
1217.8890747912783,9.882279768703886e-17,2.8876006945903796e-16
1217.9425154851024,-1.1292071594562277e-16,1.42343412172314e-16
1217.9959558909243,-1.4097243989051762e-16,4.8155807165113803e-17
1218.049396008749,3.222452741543395e-16,5.401279486595154e-16
1218.1028358385804,9.834787013087662e-17,2.729413708062339e-16
1218.1562753804242,-1.7613222343527187e-16,5.136536648859976e-17
1218.2097146342842,-2.640188300231361e-18,1.845119389636653e-16
1218.2631536001652,-1.286441666725537e-16,1.2595213060332574e-16
1218.3165922780722,-1.8595482098067893e-16,1.328944939798962e-19
1218.3700306680096,-5.1033716614060624e-17,7.805970873412366e-17
1218.423468769982,3.896282129192517e-16,3.5233931286430296e-16
1218.4769065839942,-1.117850147902914e-16,1.2193411252693735e-16
1218.530344110051,-1.4031102548968052e-16,4.653853005193843e-17
1218.5837813481564,3.672811740974986e-17,2.3995760913863247e-16
1218.637218298316,-8.098447922886069e-17,1.9906140425703068e-16
1218.6906549605337,-2.55914441314071e-16,7.45223601102835e-18
1218.7440913348146,-1.8364169451146757e-16,1.323315426046254e-19
1218.797527421163,1.5369763917128993e-16,3.2379777677407167e-16
1218.850963219584,1.148352498272503e-16,2.4059423457590483e-16
1218.9043987300818,9.427051474429327e-17,2.7819642119562033e-16
1218.9578339526613,-1.351567995914204e-16,4.665343425612562e-17
1219.0112688873269,1.1250754704929995e-17,1.9287461763303732e-16
1219.0647035340837,1.0391615303274364e-16,2.949776917482876e-16
1219.118137892936,1.6457251917047693e-16,3.876655520585771e-16
1219.1715719638887,-1.8198485925102695e-16,1.336700457679732e-19
1219.2250057469462,-1.8151365527114005e-16,1.3333418928649896e-19
1219.2784392421133,-1.8136619444620095e-16,1.3296529640665026e-19
1219.3318724493945,-1.8048406108767995e-16,1.3195384692397073e-19
1219.3853053687944,-2.1491537134120563e-16,5.4906112567987754e-17
1219.4387380003184,2.3738110581663676e-17,2.3983432054275164e-16
1219.4921703439702,4.2363398703243096e-16,5.445025845380876e-16
1219.5456023997551,3.966617105689041e-16,3.3234122522682415e-16
1219.5990341676772,-8.804967702020478e-17,6.418333915201754e-17
1219.6524656477416,4.767787651224647e-16,5.508960483857895e-16
1219.7058968399526,-5.058524052198083e-17,1.5686662613808496e-16
1219.7593277443152,-1.7802193923814718e-16,1.3149304500146807e-19
1219.8127583608339,-1.7668262829201195e-16,1.2923772305682895e-19
1219.8661886895134,-1.1069568140167408e-16,5.603019992478169e-17
1219.919618730358,1.3516331214905011e-16,3.3393934339612196e-16
1219.973048483373,-1.423921592244283e-16,3.852253162180988e-17
1220.0264779485626,6.153965346920076e-18,2.0443934292689755e-16
1220.0799071259314,1.3063384772771418e-17,1.8792721944010377e-16
1220.1333360154842,-1.2973318107469986e-16,4.4831581023910195e-17
1220.1867646172261,2.930564833780857e-16,4.678634623680705e-16
1220.2401929311607,1.1944915024097455e-17,1.8645031369572821e-16
1220.2936209572936,-1.3055458960698593e-16,4.4944354554904045e-17
1220.3470486956292,3.229176061800903e-16,4.962497849842681e-16
1220.400476146172,1.4134258432268462e-16,2.57952576988656e-16
1220.4539033089263,3.561416026097819e-16,3.2175533585009286e-16
1220.5073301838977,-2.831414292609831e-16,1.108532080469856e-17
1220.56075677109,-1.9671236040340906e-16,4.050778424284138e-18
1220.6141830705083,-1.7176684897272174e-16,1.2719065159992005e-19
1220.6676090821572,-1.7278531064617704e-16,1.2950118527656079e-19
1220.721034806041,-1.2680663785313053e-16,4.4955042348336487e-17
1220.7744602421647,2.7130823015650575e-16,4.4107871301520875e-16
1220.8278853905329,-1.706526742041859e-16,1.2758300489516314e-19
1220.8813102511504,1.746878146051065e-16,3.176641179170697e-16
1220.9347348240212,1.7832943125022442e-16,2.636809158286154e-16
1220.9881591091507,-1.782152108394938e-16,1.853432997465745e-17
1221.0415831065434,2.6871441762916397e-16,4.777084875675172e-16
1221.0950068162037,9.157740241405003e-17,2.5904528963052225e-16
1221.1484302381364,-6.668585531602929e-17,1.0041558135182349e-16
1221.2018533723458,-1.24958369591029e-16,4.2612461410125074e-17
1221.255276218837,5.123006570861074e-17,2.1820812690742146e-16
