trappist-1/STIS/new_bk_means/TRAPPIST-1_G140M_newbk_mean_2018-05.ecsv
# %ECSV 0.9
# ---
# datatype:
# - name: WAVELENGTH
#   unit: Angstrom
#   datatype: float64
# - name: FLUX
#   unit: erg / (Angstrom cm2 s)
#   datatype: float64
# - name: ERROR
#   unit: erg / (Angstrom cm2 s)
#   datatype: float64
# delimiter: ','
# schema: astropy-2.0
WAVELENGTH,FLUX,ERROR
[from data line 752]
1234.841722293119,2.5823988291523134e-16,2.713646529190407e-16
1234.8950699610066,6.370610719358747e-16,4.598067336814669e-16
1234.94841731254,2.778103187068507e-16,2.4825541237266385e-16
1235.0017643477252,5.618829447173137e-16,4.804810413784814e-16
1235.0551110665676,2.736405438357641e-16,2.5810120613939906e-16
1235.108457469073,3.184528659025571e-16,2.9848857244797345e-16
1235.1618035552467,2.1038905891385883e-16,1.9521070088495062e-16
1235.215149325095,4.939438536051772e-16,3.696001501509859e-16
1235.2684947786224,4.4079732508976613e-16,3.6176700126247417e-16
1235.3218399158357,1.5957990745420812e-16,1.910730138485718e-16
1235.3751847367396,3.7324840153353234e-17,6.39158260561017e-17
1235.4285292413404,2.3384463740536033e-16,2.0940610413348882e-16
1235.4818734296434,5.974633979857105e-17,8.276509493111706e-17
1235.5352173016545,4.89089807843892e-16,3.3291164253509595e-16
1235.5885608573785,5.3181038093525e-16,4.462371807587468e-16
1235.6419040968221,4.886063410793821e-16,4.635201241845034e-16
1235.6952470199903,2.838082134508946e-16,2.988925941412246e-16
1235.7485896268893,4.621439622146698e-16,3.840088775661404e-16
1235.8019319175237,3.3161374133366767e-16,2.91359922971422e-16
1235.8552738919002,4.0515412030384657e-16,3.645832919026924e-16
1235.9086155500238,3.3008341413500924e-16,2.780038675914858e-16
1235.9619568919004,3.601125860152136e-16,2.804616052668321e-16
1236.0152979175355,5.829102925906031e-16,3.729231786490748e-16
1236.0686386269347,2.7958576055244456e-16,2.7085393144049634e-16
1236.1219790201037,4.614301012347392e-16,3.547310428019713e-16
1236.1753190970478,2.1909294770881347e-16,2.205880970759311e-16
1236.2286588577733,2.1244857294157635e-16,2.113087713578717e-16
1236.2819983022853,1.6767522987696404e-16,1.638282819624963e-16
1236.3353374305893,2.2655149550667065e-16,2.2143451329390676e-16
1236.3886762426914,1.391233146075814e-16,1.2973710005496052e-16
1236.4420147385972,4.028339534426808e-16,3.131613187901938e-16
1236.495352918312,3.7429525263024937e-16,2.8664104217934946e-16
1236.5486907818415,5.372185661720972e-16,4.637061549814731e-16
1236.6020283291914,4.718036861735881e-16,4.169632635818961e-16
1236.6553655603673,2.670694428501736e-16,1.9244086449848725e-16
1236.708702475375,8.341951805358685e-17,6.531217510685972e-17
1236.7620390742195,3.180542875808663e-16,2.1812157997348505e-16
1236.8153753569072,1.5755207107346056e-16,1.0539844602539904e-16
1236.8687113234432,3.932186551984361e-16,2.478907310022918e-16
1236.9220469738339,4.4221914216627483e-16,3.8911213835905876e-16
1236.9753823080837,3.5731375022504456e-16,3.0413667702455743e-16
1237.0287173261993,2.2236912246737406e-16,1.9876943575184962e-16
1237.0820520281854,1.011919906105528e-16,7.974168017330916e-17
1237.1353864140485,1.9501193776538002e-16,1.6636672666173829e-16
1237.1887204837933,4.472558974472369e-16,3.2010071400652843e-16
1237.2420542374266,3.089913699755903e-16,2.765628882084094e-16
1237.295387674953,3.447500085434067e-16,2.726149818850885e-16
1237.3487207963785,3.6976646295587067e-16,2.61831773508599e-16
1237.4020536017088,2.925043293837204e-16,2.285171474777849e-16
1237.4553860909493,2.0833632686076352e-16,1.3333295821849685e-16
1237.5087182641057,2.0926119760630877e-16,1.7140601054792766e-16
1237.562050121184,4.838051777418987e-16,3.523504428929823e-16
1237.615381662189,2.9188068245074505e-16,2.0634480415054983e-16
1237.6687128871274,2.7350480320166424e-16,1.6910524537344337e-16
1237.7220437960036,1.93692700799305e-16,1.5133996190023043e-16
1237.7753743888243,3.5883985991578407e-16,2.7621942611216133e-16
1237.8287046655944,5.4762104312681e-16,3.7006906655249013e-16
1237.8820346263199,3.847661310038055e-16,3.1535546309583768e-16
1237.9353642710064,4.343887213439843e-16,3.5048869156452475e-16
1237.988693599659,4.731073265923171e-16,4.0776890916218097e-16
1238.042022612284,2.8481540759767483e-16,2.3161296036846913e-16
1238.0953513088868,2.2620533025448395e-16,1.676119936221146e-16
1238.148679689473,3.0462509059733344e-16,2.0596023277970864e-16
1238.202007754048,3.0355294194988216e-16,2.5247340336406007e-16
1238.2553355026178,2.6379389477032456e-16,2.198082662050269e-16
1238.3086629351878,2.789729633028765e-16,2.3356348403098275e-16
1238.3619900517635,3.2405879440936885e-16,2.2136591812771605e-16
1238.4153168523508,3.76262370316011e-16,2.794259154595118e-16
1238.4686433369552,2.331111644671882e-16,1.7103197901436327e-16
1238.521969505582,2.258533558391576e-16,1.6449574591108242e-16
1238.5752953582376,8.070391129167309e-17,2.4219503620851072e-17
1238.6286208949268,2.749152898360789e-16,2.1608424731034973e-16
1238.6819461156558,2.9692203345835593e-16,2.3619385804312274e-16
1238.7352710204298,3.729389210522046e-16,3.1287406467639964e-16
1238.7885956092543,2.7253469060627644e-16,1.7649700336912492e-16
1238.8419198821355,3.617629318835622e-16,2.533143250671493e-16
1238.8952438390786,7.293487844966628e-16,3.3968070537050327e-16
1238.9485674800892,3.1550114209230114e-16,1.9359751359134916e-16
1239.0018908051732,2.794011350831276e-16,2.152473855220536e-16
1239.055213814336,1.6944568097438904e-16,1.0621172913357751e-16
1239.1085365075835,2.122441860701606e-16,1.4705797101714913e-16
1239.161858884921,2.546799414892421e-16,1.895795164437455e-16
1239.2151809463537,2.9205019341980604e-16,1.9107461400140906e-16
1239.2685026918884,5.365201753439742e-16,3.3238918783869917e-16
1239.3218241215297,2.1097230659998582e-16,1.168560555677555e-16
1239.3751452352835,3.5159836341469007e-16,2.47693624538709e-16
1239.4284660331555,2.341195977512612e-16,1.530053478477546e-16
1239.4817865151515,4.1374885419419414e-16,2.719585873330152e-16
1239.5351066812766,3.161008500405369e-16,2.1701746052490483e-16
1239.588426531537,2.454407558068515e-16,1.200261418061198e-16
1239.6417460659375,2.0074859805849665e-16,1.1072291274574204e-16
1239.6950652844846,1.74652728077296e-16,1.2440119020283667e-16
1239.7483841871835,3.624506964975051e-16,2.959423087785998e-16
1239.8017027740398,4.086603578425602e-16,3.1438223850803475e-16
1239.8550210450592,2.52114386261476e-16,1.7172942459625614e-16
1239.908339000247,3.087124261438352e-16,2.025457905160517e-16
1239.9616566396094,2.351168333457567e-16,1.5188927672004802e-16
1240.0149739631518,3.6633723308839593e-16,2.7801834394750364e-16
1240.0682909708792,3.383857816163378e-16,2.1941680567024106e-16
1240.1216076627984,2.1838881820563786e-16,1.333279940988241e-16
1240.1749240389138,2.720451160254879e-16,1.6416322108470337e-16
1240.2282400992317,1.9412762490825234e-16,1.1050063079803967e-16
1240.2815558437578,-7.804696653249582e-17,1.6215519812111356e-16
1240.3348712724971,-2.5877476092630208e-17,2.3164496755190635e-16
1240.3881863854558,1.3053961366657494e-16,1.0684472124931282e-16
1240.441501182639,2.0418646814316036e-16,1.3087389854975703e-16
1240.494815664053,2.758485294524939e-16,2.0242022416779301e-16
1240.5481298297027,2.932251823331148e-16,1.8405652571579825e-16
1240.6014436795945,3.236183600083148e-16,1.6185742164740431e-16
1240.654757213733,2.8239004525817626e-16,1.9564606589222624e-16
1240.7080704321245,2.1772788386900098e-16,1.6000387902311718e-16
1240.7613833347746,1.1862352732297932e-16,4.7819306308233837e-17
1240.8146959216888,3.697311165756663e-16,2.5505154849157734e-16
1240.8680081928726,2.0542795977637915e-16,1.334983142537064e-16
1240.9213201483315,2.6365277189494477e-16,1.9104018692109932e-16
1240.9746317880713,3.8482741182674445e-16,2.6744669814364556e-16
1241.0279431120975,2.405130839090166e-16,1.6528605853961313e-16
1241.0812541204164,4.862190906779519e-16,2.6966110878507687e-16
1241.1345648130325,1.4878482805974966e-16,7.89588816328961e-17
1241.1878751899521,2.06674021379342e-16,1.3477247834644848e-16
1241.2411852511805,2.0682104124542067e-16,1.3621914352689177e-16
1241.2944949967239,2.288039159553879e-16,1.5979691154296748e-16
1241.3478044265867,1.7369842305435105e-16,1.0456295721910085e-16
1241.4011135407757,2.889287255482105e-16,2.1925141922851016e-16
1241.4544223392961,2.0962015040589447e-16,1.4235863345666304e-16
1241.5077308221535,2.1626160756878447e-16,1.476017481212684e-16
1241.5610389893532,2.2143107245391251e-16,1.5239709377268703e-16
1241.6143468409014,3.281556834849572e-16,2.28039021741023e-16
1241.667654376803,1.3035807013444324e-16,5.153671817401341e-17
1241.7209615970644,6.968686529765037e-17,2.7781234754684253e-18
1241.7742685016908,2.8882501449910627e-16,2.2584889926981715e-16
1241.8275750906876,1.889395413869418e-16,1.28398013241874e-16
1241.8808813640608,6.657145564632377e-17,9.348854948673186e-19
1241.9341873218157,3.142513791026881e-16,2.3107061979394713e-16
1241.9874929639582,3.263498572203598e-16,2.5476310533133855e-16
1242.0407982904935,1.8490447932732925e-16,1.2254448569575483e-16
1242.0941033014276,2.5714055251634966e-16,1.629059315792361e-16
1242.1474079967659,9.984158714549684e-17,2.882160839160566e-17
1242.200712376514,2.485360692919694e-16,1.5580996917606608e-16
1242.2540164406778,2.9409019373007513e-16,2.2206251524963976e-16
1242.3073201892626,3.5789955524574816e-16,2.549647416137168e-16
1242.360623622274,1.3597971648019136e-16,7.821330582672194e-17
1242.4139267397177,1.8998568653370245e-16,1.3356514801133163e-16
1242.467229541599,1.397673238983281e-16,8.406568214508309e-17
1242.520532027924,1.5023940336660153e-16,9.697591032893105e-17
1242.5738341986983,5.3118747414024224e-17,1.0465516101092006e-19
1242.6271360539272,5.313920423395085e-17,1.028468587971667e-19
1242.680437593616,5.1738278104716426e-17,1.0335874338968953e-19
1242.7337388177714,5.064696046341108e-17,1.0353669348857736e-19
1242.7870397263978,1.6905493291656165e-16,9.436435669161158e-17
1242.8403403195016,2.1136125547043394e-16,1.5456320822815106e-16
1242.893640597088,2.301560325758165e-16,1.8368214704376478e-16
1242.9469405591628,2.0665381705604345e-16,1.599513859800338e-16
1243.0002402057312,2.582447740822151e-16,2.130490271531149e-16
1243.0535395367992,1.5556837531571114e-16,1.111933082540053e-16
1243.1068385523727,2.1891836847279592e-16,1.7582021844059446e-16
1243.1601372524565,9.85450529715851e-17,5.698029794609208e-17
1243.2134356370568,6.281293148136143e-17,2.2784669349111426e-17
1243.2667337061791,2.8527636915166365e-16,2.119346306986975e-16
1243.320031459829,9.932136280889894e-17,4.9632824777105103e-17
1243.373328898012,3.6420578793278403e-17,1.0269181340718462e-19
1243.4266260207335,1.0676896991411076e-16,6.466504147228366e-17
1243.4799228279994,1.3674950194467845e-16,9.975860180160861e-17
1243.5332193198153,1.1161816561490622e-16,7.852974401660151e-17
1243.586515496187,1.088266936623945e-16,7.746646953752685e-17
1243.6398113571197,3.157850550504064e-17,9.881986746369124e-20
1243.6931069026189,7.361731560147586e-17,5.0801108845716695e-17
1243.7464021326905,2.5099226640672615e-16,1.8193491095170993e-16
1243.7996970473403,1.6447804232305154e-16,1.3831093463169477e-16
1243.8529916465736,2.2086008847586123e-16,1.9589067209217742e-16
1243.9062859303958,2.2789583337778014e-17,9.940437968406665e-19
1243.9595798988128,9.924903310037391e-17,7.809191264041781e-17
1244.0128735518304,1.5070409241878982e-16,1.3124120527320713e-16
1244.0661668894536,4.4310116013021996e-17,2.6372875061736724e-17
1244.1194599116886,9.879823549652517e-17,8.239287445975512e-17
1244.172752618541,1.2381531688422483e-16,7.702477878470738e-17
1244.2260450100157,1.3262601621453577e-16,1.0931231759770531e-16
1244.2793370861189,1.3400745379865504e-16,1.362274848263776e-16
1244.3326288468556,1.4028335909132685e-16,1.3260038859035497e-16
1244.3859202922324,2.7348840596254866e-17,2.001528034316034e-17
1244.4392114222544,1.4940075743644893e-16,1.6295211278998924e-16
1244.4925022369268,1.040860681867731e-16,1.0825402764499441e-16
1244.5457927362556,7.444815149806833e-17,7.248695392654893e-17
1244.5990829202465,8.041268624370122e-17,7.954958308110268e-17
1244.6523727889048,8.617280047835591e-17,8.757567893673737e-17
1244.7056623422363,1.3366338951209625e-16,1.4432947110889918e-16
1244.7589515802463,1.2250411576578723e-16,1.2850576653292781e-16
1244.8122405029408,8.61214760728261e-17,9.307787614013092e-17
1244.8655291103253,6.388389189688358e-17,7.401502930026772e-17
1244.918817402405,-8.862683124357255e-18,2.7716946324013755e-18
1244.9721053791861,6.381592849521302e-17,7.734853870831623e-17
1245.0253930406739,-1.646743164332146e-17,9.986906351161468e-20
1245.0786803868739,5.565145862172675e-17,7.441526676091935e-17
1245.131967417792,3.9414749297111767e-17,5.897226992184424e-17
1245.1852541334333,1.4413191503977773e-16,1.658441306451783e-16
1245.2385405338039,6.325288128081708e-17,8.73312878422915e-17
1245.2918266189092,2.9158552216682113e-17,5.696833795479035e-17
1245.3451123887546,4.6061136653211536e-17,7.414526816789792e-17
1245.3983978433462,3.907115068992146e-17,7.320846678962904e-17
1245.451682982689,-1.4781305461686696e-17,1.9112359315622087e-17
1245.504967806789,2.0482111819318013e-17,5.5476988852693096e-17
1245.5582523156515,1.2586439005820976e-16,1.3682925782991305e-16
1245.6115365092824,2.0623087151181952e-17,7.332177711952357e-17
1245.664820387687,-1.8690229461244416e-17,2.895867305258959e-17
1245.7181039508714,1.0639457088743676e-16,1.5259869603509247e-16
1245.7713871988406,1.9140652241110975e-16,2.0832354882680971e-16
1245.8246701316004,8.756055899068444e-17,1.2671340275253468e-16
1245.8779527491567,-5.420324260830877e-17,9.979633967666896e-20
1245.9312350515145,5.321812283016873e-19,5.570223500556776e-17
1245.9845170386798,-3.8795213189199536e-17,2.0174434356944952e-17
1246.0377987106583,2.045857266946503e-16,2.649249278632808e-16
1246.0910800674553,-1.415651766485108e-17,4.743983673598935e-17
1246.1443611090765,1.3441812591858498e-16,1.5869643843417256e-16
1246.1976418355273,-4.9952088153581506e-17,1.9413629666726982e-17
1246.2509222468138,-7.148172786915706e-17,9.711727153313532e-20
1246.3042023429412,-7.47045411354558e-17,9.759628090726578e-19
1246.3574821239151,9.600357264472054e-18,1.002923555956503e-16
1246.4107615897412,-1.956984165006297e-17,6.5849090984691e-17
1246.464040740425,1.0609530834981792e-17,9.365026487312237e-17
1246.5173195759721,-8.592843525410777e-17,9.774126777377115e-20
1246.5705980963883,-8.902841648651793e-17,9.8093672136191e-20
1246.623876301679,-1.2599553140621233e-17,7.903703681024606e-17
1246.6771541918497,6.100226174828948e-17,1.134057101418585e-16
1246.7304317669063,5.2455284891191896e-17,1.5053433643626094e-16
1246.7837090268542,-8.942736130448824e-17,1.186788396019492e-17
1246.8369859716988,-3.128712102333792e-17,7.22930356004436e-17
1246.8902626014462,4.395353284837706e-17,1.5048759591029484e-16
1246.9435389161013,2.5523987582099176e-18,7.943153941709354e-17
1246.9968149156703,-6.446184995709608e-18,9.560957151565853e-17
1247.0500906001585,-4.2142937798612153e-17,7.246207155963422e-17
1247.1033659695715,-1.1863525138356962e-16,9.644032086547741e-20
1247.1566410239152,-1.215445229909477e-16,9.599359685229285e-20
1247.2099157631947,-1.2434713380699115e-16,9.542618502348333e-19
1247.2631901874156,-5.3113978540618295e-17,7.516846984032347e-17
1247.3164642965844,-6.359785184408771e-17,6.780861143959026e-17
1247.3697380907054,-5.82485520438798e-17,7.684930698882322e-17
1247.4230115697849,2.939000942651585e-17,1.6681459413377408e-16
1247.4762847338284,-7.833070159887845e-18,1.3104921964659818e-16
1247.5295575828418,-6.519147088904163e-17,8.013057861626455e-17
1247.5828301168297,-1.4688202122535787e-16,9.39497982654655e-20
1247.6361023357988,-9.328826344099665e-17,5.832570680561926e-17
1247.6893742397542,-6.94092327070827e-18,1.479775259236459e-16
1247.7426458287014,-6.520473354765483e-17,9.295148530977902e-17
1247.7959171026462,-1.614720519703237e-16,9.536737758098178e-20
1247.849188061594,-1.623342778801973e-16,1.3292019519342612e-17
1247.9024587055505,-1.664475636655233e-16,5.520903159542142e-18
1247.9557290345213,-4.518744204431724e-17,1.284793871457716e-16
1248.0089990485121,-1.5640899951881412e-16,1.9331226128434626e-17
1248.0622687475282,-6.99848985225914e-17,7.833841886773883e-17
1248.1155381315755,-1.4258232965287945e-16,3.044693653254967e-17
