trappist-1/STIS/new_bk_means/TRAPPIST-1_G140M_newbk_mean_2016-09.ecsv
# %ECSV 0.9
# ---
# datatype:
# - name: WAVELENGTH
#   unit: Angstrom
#   datatype: float64
# - name: FLUX
#   unit: erg / (Angstrom cm2 s)
#   datatype: float64
# - name: ERROR
#   unit: erg / (Angstrom cm2 s)
#   datatype: float64
# delimiter: ','
# schema: astropy-2.0
WAVELENGTH,FLUX,ERROR
[from data line 501]
1221.362121048683,-1.5759907003458769e-16,3.8749527967647795e-17
1221.415543032047,1.075575989660701e-16,2.735421667387123e-16
1221.4689647277116,-1.6522715195030125e-16,1.2310270501584232e-19
1221.5223861356808,-1.654358715052543e-16,1.2423782051674077e-19
1221.5758072559597,-1.982706794921807e-16,6.7945630289172615e-18
1221.6292280885527,-1.898348677847247e-16,5.0675641803159504e-18
1221.6826486334646,2.366422448347316e-18,2.1703765468751107e-16
1221.7360688907,1.1066809239148637e-17,1.7512197386578017e-16
1221.7894888602632,-1.2004569599625198e-16,4.379361846180197e-17
1221.8429085421596,1.567249599501821e-17,1.8006372879252084e-16
1221.8963279363934,-1.1704000322280445e-16,4.5777380216777176e-17
1221.949747042969,7.32882881376347e-17,2.3509155079710234e-16
1222.0031658618914,2.5973114083442864e-17,1.950442886663383e-16
1222.0565843931654,-3.7488719545485934e-16,6.861074093039958e-17
1222.1100026367953,-1.5935679460049554e-16,1.9409141093377478e-16
1222.1634205927858,-1.6215427935044283e-16,1.2504866610642609e-19
1222.2168382611414,-1.605297898563459e-16,1.2245601184252956e-19
1222.2702556418674,-1.609018779068467e-16,1.2350541861881694e-19
1222.3236727349677,6.106009711947836e-17,3.224160317775962e-16
1222.3770895404473,1.489547348862879e-16,3.0440155004513965e-16
1222.4305060583108,2.931901300937289e-17,2.002936811879736e-16
1222.483922288563,8.998092919049185e-17,3.312782900770554e-16
1222.5373382312082,6.841402807596679e-17,2.2736540517215585e-16
1222.5907538862514,1.5310906713348724e-17,1.8455512076896512e-16
1222.6441692536966,-1.9452760743405038e-16,5.9683204375579454e-18
1222.6975843335495,-1.601398495507224e-16,6.481426592112139e-19
1222.7509991258141,-1.5761702632327478e-16,1.2186829808753432e-19
1222.8044136304948,-6.498244696963079e-17,6.528786497439731e-17
1222.8578278475968,2.2146960025399428e-16,2.674490296923184e-16
1222.9112417771244,-1.3684738280494545e-16,4.4132606671469955e-17
1222.9646554190824,-3.759691280232112e-17,2.227364845223345e-16
1223.0180687734755,1.53368766421062e-16,3.432261013194739e-16
1223.071481840308,1.030489188091411e-16,3.008401221415778e-16
1223.124894619585,-1.8755178487364098e-16,5.039592922585472e-18
1223.1783071113107,-1.5487510437906673e-16,1.2123277022619926e-19
1223.23171931549,-1.1323764323802715e-16,4.0818190936238996e-17
1223.2851312321277,1.3651884900226917e-17,1.666972970982997e-16
1223.338542861228,-1.1094371173754346e-16,4.256791666092941e-17
1223.3919542027961,6.285151677909775e-17,2.1646927225260386e-16
1223.445365256836,2.245085616708215e-17,1.7478010256323086e-16
1223.4987760233532,-1.098998419637467e-16,4.327387744217262e-17
1223.5521865023513,2.3028728505981985e-17,1.764801109966423e-16
1223.6055966938359,9.189045995236878e-17,2.429234159568103e-16
1223.659006597811,-1.5105299104270701e-16,1.1886653341880947e-19
1223.7124162142813,-1.506217827604041e-16,1.1878585040558002e-19
1223.765825543252,8.063831631856234e-17,1.6348236895353697e-16
1223.819234584727,1.1529209272789392e-16,1.8849686126364848e-16
1223.8726433387114,-1.2687071922911689e-16,3.234316672616219e-17
1223.9260518052097,-5.662995668967245e-17,1.3151511306243626e-16
1223.9794599842264,-1.072990936614776e-16,4.223675237098607e-17
1224.0328678757667,2.3618211491736534e-17,1.717351869722693e-16
1224.086275479835,-1.0511637140691318e-16,4.327111444511375e-17
1224.1396827964352,4.0056461908579063e-16,5.142726396917987e-16
1224.193089825573,5.467259500212631e-16,3.4657489944518006e-16
1224.246496567252,-8.155580237452575e-17,5.298926441989971e-17
1224.299903021478,1.217124855857534e-16,2.1517209697512834e-16
1224.353309188255,-1.453835317158452e-16,1.1556001154311412e-19
1224.4067150675876,-1.0411956983368818e-16,4.2212288947725355e-17
1224.4601206594807,6.5725196770492e-17,2.12210696095891e-16
1224.5135259639385,6.403336988157386e-17,2.0937892244091625e-16
1224.5669309809662,1.2411592899536148e-16,2.861585919957591e-16
1224.6203357105683,3.111253642910516e-17,2.0066924557436255e-16
1224.673740152749,3.1892983392042696e-17,1.759679962384289e-16
1224.727144307513,-1.497566764864666e-16,1.3491158963513545e-18
1224.7805481748655,-1.335375555807962e-16,4.5582486529601414e-17
1224.8339517548109,-2.6412023069324335e-18,1.6409802296252244e-16
1224.8873550473538,-1.4188523265466712e-16,1.1433080152377097e-19
1224.9407580524987,-7.25710362834754e-17,5.828049686442428e-17
1224.9941607702501,1.3996925462111846e-16,2.3567173927274965e-16
1225.0475632006132,-1.445127718174149e-16,7.247270828732609e-19
1225.1009653435929,-1.4059119890147745e-16,1.1392651637446611e-19
1225.1543671991924,-1.0999975070335304e-16,3.592141090749375e-17
1225.2077687674173,-1.7193173650862643e-17,1.4479347848035097e-16
1225.2611700482726,-1.4092283911223436e-16,1.1625881061835127e-19
1225.3145710417623,-1.3927275956885484e-16,1.1365679427287114e-19
1225.367971747891,-1.399262831861631e-16,1.1544102066421336e-19
1225.4213721666638,-1.3843757270488422e-16,1.1318967741424195e-19
1225.474772298085,1.1183890394985903e-16,2.6097261460640056e-16
1225.5281721421595,1.4685829779981856e-16,3.2666639524471856e-16
1225.5815716988916,-1.3772412424175032e-16,1.135302260229769e-19
1225.6349709682863,-1.376219992072926e-16,1.1359762771170897e-19
1225.688369950348,-9.57656883693977e-17,4.274166129743483e-17
1225.7417686450813,5.054146851653383e-16,5.048577967627663e-16
1225.7951670524913,-1.363664130869382e-16,1.1307639947699358e-19
1225.8485651725819,-1.3578026921326484e-16,1.1247662326306e-19
1225.901963005358,-1.359830730829058e-16,1.1332729957238407e-19
1225.9553605508247,-1.2813918695449097e-16,1.7897690131676797e-17
1226.008757808986,-1.0583726311440185e-16,7.149243254344799e-17
1226.062154779847,1.0985895888024805e-16,2.450355057224332e-16
1226.1155514634124,-5.57683757681059e-17,7.969812638535491e-17
1226.168947859686,2.5844885882731868e-17,1.6068804164113754e-16
1226.2223439686736,-1.346391287225199e-16,1.1383185630479974e-19
1226.275739790379,-1.330236032702653e-16,1.1142915960105607e-19
1226.3291353248073,-1.3297169736086748e-16,1.1189111128567419e-19
1226.3825305719627,3.4339573027960637e-16,3.3674385869169225e-16
1226.4359255318504,-1.330789030941068e-16,1.1321080415002918e-19
1226.4893202044746,-1.3246026713836907e-16,1.124976975044006e-19
1226.5427145898398,-1.3310198596601604e-16,1.1436805624573282e-19
1226.596108687951,-8.9194689776088e-17,4.217906949511284e-17
1226.649502498813,7.907652715708196e-17,2.101952732152356e-16
1226.7028960224297,8.098445849206771e-17,2.1169971200129576e-16
1226.7562892588069,6.710021433871605e-17,2.202653326514503e-16
1226.8096822079478,-2.641061781084496e-17,1.576482102966126e-16
1226.863074869858,3.8524421874307226e-17,1.6793346421034483e-16
1226.9164672445422,-6.063192337238747e-17,6.795079229562663e-17
1226.9698593320045,4.121993677572899e-17,1.69770156688164e-16
1227.02325113225,-1.9909014988018387e-17,1.0868303234820125e-16
1227.0766426452828,2.7643307656630554e-16,4.086717638742634e-16
1227.130033871108,8.61864990011482e-17,2.2963798474717475e-16
1227.1834248097302,3.6199840648488666e-17,1.6434175898572673e-16
1227.2368154611538,-2.569567043641326e-18,7.15398911285816e-17
1227.2902058253837,3.6487661389931184e-16,2.832815238450254e-16
1227.3435959024243,-1.2567273848694598e-16,1.0792758138275412e-19
1227.3969856922804,-1.2550663207735582e-16,1.0814140756809444e-19
1227.4503751949562,-1.2621705375377514e-16,1.0998191622735833e-19
1227.503764410457,3.764509019160197e-16,3.6914908290001427e-16
1227.5571533387872,1.7501673491665004e-16,2.8364625617515635e-16
1227.610541979951,3.7663181466099495e-16,4.0619566354467707e-16
1227.6639303339539,-1.2421971531494658e-16,1.0838471777441624e-19
1227.7173184007995,-1.2420494651612558e-16,1.088078690170978e-19
1227.7707061804933,-1.2328163488709663e-16,1.0764541322020584e-19
1227.8240936730394,-1.2321127652746018e-16,1.080564080115534e-19
1227.8774808784428,-8.533719463013955e-17,3.869969568223358e-17
1227.9308677967078,2.8439026745042175e-17,1.5203848187441556e-16
1227.9842544278395,-8.269020688968323e-17,4.056872372944025e-17
1228.037640771842,2.8390960190200935e-16,4.07002810949319e-16
1228.09102682872,-7.617203164443513e-17,4.3425736473992445e-17
1228.1444125984785,1.1355286585621724e-16,2.8929379880095654e-16
1228.197798081122,-1.1038759240174259e-16,4.71670006249793e-17
1228.251183276655,1.681814280569302e-16,2.650271191365998e-16
1228.3045681850822,-1.2078782591364478e-16,1.0800019280557192e-19
1228.357952806408,-1.1954506546864862e-16,8.19464036159561e-18
1228.4113371406374,-1.162474328630102e-16,3.188687178310967e-17
1228.4647211877748,-1.2028447322124992e-16,1.0852841962388394e-19
1228.5181049478251,-1.1924015562438384e-16,1.0699457265462843e-19
1228.5714884207928,-7.64144802100148e-17,4.301905974482763e-17
1228.624871606682,9.055302152142892e-17,2.0971656006668085e-16
1228.6782545054982,4.453650558295994e-17,1.6409252157104e-16
1228.7316371172458,-1.1832452985546923e-16,1.0733359680479939e-19
1228.7850194419289,-7.796399881054671e-17,4.13575548934183e-17
1228.8384014795529,7.23764234467543e-17,1.9033515507042865e-16
1228.8917832301217,-1.1815248458249162e-16,1.086463640379883e-19
1228.9451646936404,-1.1709897289150877e-16,1.071051297168597e-19
1228.9985458701135,-7.453585082135298e-17,4.258003787768247e-17
1229.0519267595457,8.862412132904348e-17,2.052194753052107e-16
1229.1053073619412,2.7338328282217574e-16,3.903997507110106e-16
1229.1586876773054,-1.158506938729894e-16,1.0702677002490601e-19
1229.212067705642,-7.987074156891073e-17,3.5430112053362784e-17
1229.2654474469568,7.92818381612318e-17,1.949196553958119e-16
1229.3188269012535,-7.22137317245788e-17,4.316255404527253e-17
1229.372206068537,9.127749481085071e-17,2.0631022283291402e-16
1229.425584948812,1.467760857079321e-16,2.2013370139271528e-16
1229.478963542083,3.0570544057506567e-16,2.587064617315353e-16
1229.5323418483547,-1.1417909777769233e-16,1.074334214957697e-19
1229.5857198676317,-1.1390240308360055e-16,1.074750318612752e-19
1229.6390975999186,-1.3953978873904214e-16,5.8978992454631685e-18
1229.6924750452204,-1.326744139313048e-16,4.455664005238873e-18
1229.745852203541,-1.130100979089937e-16,1.074135578476834e-19
1229.7992290748855,8.469872059893735e-18,6.973585699647922e-17
1229.8526056592589,6.194392997640366e-16,5.353326801826193e-16
1229.9059819566648,6.637727848584871e-17,1.8652925302101591e-16
1229.9593579671086,-4.2754186839827813e-17,1.0476638126779187e-16
1230.0127336905953,-1.1080420316722064e-16,1.0569380876063016e-19
1230.0661091271284,-6.954502609432578e-17,4.092287387942691e-17
1230.1194842767134,8.775030176163353e-17,1.9807289618863986e-16
1230.1728591393542,4.911081779551489e-17,1.5925983429093844e-16
1230.2262337150562,9.694511977470549e-17,2.141829075175131e-16
1230.2796080038238,-1.0920341394424335e-16,1.05254872782698e-19
1230.3329820056613,-1.0912680949871546e-16,1.0554852623594389e-19
1230.3863557205736,-1.0892947922607817e-16,1.0572303099608984e-19
1230.4397291485654,-6.688608273010875e-17,4.1307010462711493e-17
1230.4931022896415,4.88108334779529e-17,1.571682522533688e-16
1230.5464751438055,-7.802003726924569e-17,8.365628491610547e-17
1230.5998477110631,-1.0724297619314891e-16,1.0448626941206205e-19
1230.6532199914188,-1.0737049933870962e-16,1.0527674076976567e-19
1230.7065919848767,-1.0694542518952491e-16,1.050143727152304e-19
1230.7599636914417,-1.0652739985389848e-16,1.0460953840624476e-19
1230.8133351111187,-1.0692774538086644e-16,1.0612682034811137e-19
1230.8667062439122,-1.0453927553861199e-16,1.0196613706503788e-19
1230.9200770898262,-6.498844351076547e-17,4.084607994443218e-17
1230.9734476488663,4.8563137016185644e-17,1.5434831621730866e-16
1231.0268179210366,-5.967905603350647e-17,4.4254173805900704e-17
1231.0801879063417,6.164364822793037e-17,1.6699973739138776e-16
1231.1335576047863,1.258209922653751e-16,2.3102576516330895e-16
1231.1869270163752,-1.0392858696620967e-16,1.0370003411496332e-19
1231.2402961411126,-4.7797979991957706e-17,4.833408796271365e-17
1231.2936649790033,8.741495001511648e-17,2.223791161447747e-16
1231.3470335300524,1.6784539934863889e-18,1.3013762220745524e-16
1231.400401794264,2.1223843521487393e-17,1.63921319727068e-16
1231.4537697716428,1.345503787063562e-16,2.3713553092220893e-16
1231.507137462194,-1.0234836728817794e-16,1.0363015583260656e-19
1231.560504865921,-6.297930681050701e-17,3.9420865154736995e-17
1231.6138719828298,4.948943512187658e-17,1.5055174319812485e-16
1231.6672388129236,3.318324936382063e-16,4.3318661650550526e-16
1231.7206053562086,-7.186603103317072e-17,3.465740131417601e-17
1231.773971612688,8.383137729566382e-18,1.2936212884720875e-16
1231.8273375823674,-1.0040246380657937e-16,1.0282241670753385e-19
1231.880703265251,1.1270765939441045e-16,2.1285735629035936e-16
1231.9340686613432,-6.990596712991608e-17,3.469504294720546e-17
1231.9874337706494,2.3136166410696155e-16,3.4846306713657793e-16
1232.0407985931736,-5.45375319234226e-17,4.4889195267988694e-17
1232.0941631289204,8.527023878559791e-17,2.0077705486082622e-16
1232.1475273778942,2.637336877803699e-16,4.2373925851774736e-16
1232.2008913401005,8.835789476825576e-17,1.9107854608863888e-16
1232.2542550155433,5.596716151374459e-17,1.5396414048464753e-16
1232.3076184042277,-9.732689609982417e-17,1.0136388586994538e-19
1232.3609815061577,-9.795625281483208e-17,1.0301255983398663e-19
1232.4143443213381,-8.944057451925986e-17,1.8541120838774557e-17
1232.4677068497738,3.564445722547715e-16,3.6784099833268104e-16
1232.5210690914691,-3.6051124628664685e-17,5.66624813152889e-17
1232.5744310464288,6.634157845706932e-17,1.6316018997845159e-16
1232.6277927146575,-9.581004245216027e-17,1.0143136846733229e-19
1232.6811540961598,-9.523287474210099e-17,1.0072679732095318e-19
1232.7345151909406,-9.505204168716528e-17,1.0078710383501782e-19
1232.7878759990037,-9.47525653380077e-17,1.006832296946092e-19
1232.8412365203546,-5.730015146035804e-17,3.984801908439476e-17
1232.8945967549976,4.285983542135019e-17,1.461426383791938e-16
1232.9479567029373,-9.479115844524702e-17,1.0216551800835722e-19
1233.0013163641781,-9.444691295296625e-17,1.0185748602901399e-19
1233.0546757387253,-9.420053713456149e-17,1.0203623070719111e-19
1233.108034826583,-9.308743978755441e-17,1.0031010943766819e-19
1233.1613936277556,1.2819900623682282e-16,2.2140552588674402e-16
1233.2147521422482,-1.399351367098885e-17,5.658627312147794e-17
1233.2681103700654,1.93956643015819e-16,2.0635049092824324e-16
1233.3214683112117,1.6715173775499697e-16,2.5927446498327837e-16
1233.3748259656911,5.523174053463006e-17,1.4775801075380215e-16
1233.4281833335094,-9.181280309008456e-17,1.0068883918025667e-19
1233.4815404146705,-9.156454265411731e-17,1.0064134792541435e-19
1233.534897209179,-4.9903297055500705e-17,4.107029938589382e-17
1233.5882537170396,5.196479060068829e-16,4.872631620471908e-16
1233.641609938257,5.863575085603234e-17,1.4890244203536915e-16
1233.694965872836,-4.7912788071778496e-17,4.209773804116009e-17
1233.7483215207812,1.066793640597878e-16,1.9702158713662116e-16
1233.8016768820967,3.0139675630664704e-16,3.915481948854714e-16
1233.8550319567873,-8.957248592221789e-17,9.998002779782876e-20
1233.9083867448585,-8.979744075842869e-17,1.0086686182773533e-19
1233.9617412463135,-8.98609072789217e-17,1.0150726611458649e-19
1234.015095461158,-8.936857372563784e-17,1.0100471675234188e-19
1234.0684493893962,-5.067652045001956e-17,4.005398339170229e-17
1234.1218030310324,5.189727872815222e-17,1.4382758732623993e-16
1234.1751563860719,-8.804822349247262e-17,9.979395770041662e-20
1234.228509454519,-8.756649251033809e-17,9.933882865962107e-20
1234.2818622363782,-8.812590115403129e-17,1.0077456199867463e-19
1234.3352147316543,-8.850872934402416e-17,1.0198141226810274e-19
1234.388566940352,-5.079548159265939e-17,3.924250751815348e-17
1234.4419188624754,4.692174931467807e-17,1.40100285391199e-16
1234.4952704980296,-6.473636623126948e-17,6.24223191332941e-17
1234.5486218470191,1.7970238020963602e-16,2.742140350158246e-16
