trappist-1/STIS/new_bk_means/TRAPPIST-1_G140M_newbk_mean_2017-11.ecsv
# %ECSV 0.9
# ---
# datatype:
# - name: WAVELENGTH
#   unit: Angstrom
#   datatype: float64
# - name: FLUX
#   unit: erg / (Angstrom cm2 s)
#   datatype: float64
# - name: ERROR
#   unit: erg / (Angstrom cm2 s)
#   datatype: float64
# delimiter: ','
# schema: astropy-2.0
WAVELENGTH,FLUX,ERROR
1194.709073086338,6.925000159689841e-16,1.1325154322619586e-15
1194.7627726108444,6.614984825630753e-16,1.043111155351665e-15
1194.816471890117,-4.039354734183337e-17,6.508542461646517e-16
1194.8701709241595,6.10622362481787e-17,1.1315932496744702e-15
1194.9238697129754,-2.6772184474724355e-16,1.007086825415599e-15
1194.9775682565676,-1.1258555981958082e-15,9.134989867372357e-16
1195.03126655494,-6.083008480395315e-16,1.3185387410376047e-15
1195.0849646080956,7.308043504100449e-16,1.892224910395405e-15
1195.1386624160375,3.68990113988973e-17,1.4861799411672207e-15
1195.19235997877,-1.2338773556322934e-15,1.1083743495817636e-15
1195.2460572962955,-1.1011590239018554e-15,1.1649567500157706e-15
1195.2997543686179,-1.2377668816935163e-15,1.120526531353138e-15
1195.3534511957403,-1.5654059919731816e-15,9.348128834600814e-16
1195.407147777666,-9.149022011145289e-16,1.1369376756557583e-15
1195.4608441143987,-3.3500016151490096e-16,1.4115430053065524e-15
1195.5145402059416,-1.0744502502520766e-15,1.1390025294021492e-15
1195.5682360522976,-5.029912462014489e-16,1.402422162034984e-15
1195.621931653471,-7.221222214724719e-16,1.4789581351704123e-15
1195.6756270094645,-8.971766257928468e-16,1.3446040393649294e-15
1195.7293221202817,-7.480330197449848e-17,1.6306037582440706e-15
1195.7830169859255,-6.271968344835904e-16,1.3981812168871446e-15
1195.8367116064,-1.0865910348364332e-15,1.2712730417805706e-15
1195.890405981708,-3.723039372530943e-16,1.6105753888727733e-15
1195.944100111853,-4.138915422828496e-16,1.6075054603012415e-15
1195.9977939968385,-4.0742050559055116e-16,1.4926231307426366e-15
1196.0514876366676,-1.062926437606644e-15,1.246653722552448e-15
1196.1051810313438,-1.425791608058386e-15,1.0673657058803676e-15
1196.158874180871,-1.3148476052512694e-15,1.1275132636522204e-15
1196.2125670852513,-5.320367108484493e-16,1.543001297131422e-15
1196.266259744489,-8.716650759896119e-16,1.3272304102190099e-15
1196.3199521585875,-3.186634280491038e-17,1.6474353045310566e-15
1196.3736443275495,-2.638863135806626e-17,1.723683013826079e-15
1196.427336251379,-7.87419108480952e-16,1.231746326360509e-15
1196.481027930079,-3.9305357571203936e-16,1.2611701711030259e-15
1196.5347193636533,-6.390181662736116e-16,1.2938489565437954e-15
1196.5884105521043,-2.369080583307414e-16,1.4826125307942407e-15
1196.6421014954365,-3.8613109023156857e-16,1.5287946156611614e-15
1196.6957921936528,-4.9198042924401515e-16,1.4520313132988428e-15
1196.749482646756,-7.165299545593744e-16,1.41899089729786e-15
1196.8031728547503,-7.842920357723441e-16,1.5076093572920977e-15
1196.8568628176388,-6.598296329473861e-16,1.4070227502552305e-15
1196.9105525354246,-4.9525995077127246e-17,1.739739886896309e-15
1196.964242008111,6.782858899809897e-16,1.991997838385243e-15
1197.017931235702,3.6214596016079595e-16,1.748466115758204e-15
1197.0716202182005,-8.262256051599263e-16,1.558399672382766e-15
1197.1253089556096,-9.079817539858454e-16,1.459998240812883e-15
1197.178997447933,-2.610567887603253e-16,1.5179332205580173e-15
1197.232685695174,2.586644636426549e-16,1.8574995811787672e-15
1197.2863736973363,-6.650216411356017e-16,1.5612292495195098e-15
1197.3400614544225,-7.531535649051822e-16,1.4043881979038438e-15
1197.3937489664368,2.6324054342598363e-16,1.716528633239122e-15
1197.4474362333817,3.311952728120583e-16,1.8668939022259646e-15
1197.5011232552613,1.6341963786483731e-16,1.7243248231101824e-15
1197.5548100320784,-3.5676122540870704e-16,1.534133141124076e-15
1197.608496563837,-8.12796632336948e-16,1.4078081968013732e-15
1197.6621828505395,-9.516214090473594e-16,1.4562372721352616e-15
1197.7158688921902,-1.3410641325742109e-15,1.1779673850052648e-15
1197.769554688792,-8.511083531142014e-16,1.388803418046562e-15
1197.8232402403482,-5.392837701253748e-16,1.622937435774374e-15
1197.8769255468624,-4.050400233436955e-16,1.600041447547782e-15
1197.9306106083377,-1.0533269093610472e-15,1.2949647383559525e-15
1197.9842954247779,-3.8289834307181744e-16,1.5604099644286918e-15
1198.0379799961859,4.3158705080572583e-16,1.7957351299705135e-15
1198.0916643225648,-1.688379686307235e-16,1.6480003742569379e-15
1198.145348403919,-2.9126404727907594e-16,1.6601511382955062e-15
1198.1990322402507,3.5791561452430374e-17,1.641043535235802e-15
1198.252715831564,9.779949696533193e-16,1.9477829882920666e-15
1198.306399177862,8.276006001046444e-16,1.9335399911848023e-15
1198.360082279148,4.312136825513136e-16,1.790522248183008e-15
1198.4137651354254,2.529364080022979e-15,2.1742880088687782e-15
1198.4674477466976,2.581491988501365e-15,2.362720725275613e-15
1198.5211301129682,9.481139557300182e-17,1.666165615201153e-15
1198.57481223424,-2.1411591856149105e-17,1.7407851981516183e-15
1198.6284941105166,2.0339516903946208e-16,1.7088078836237805e-15
1198.6821757418015,5.280549851039053e-16,1.819716816962401e-15
1198.735857128098,4.465267645869857e-16,1.8127596158729105e-15
1198.7895382694094,-5.67363063723779e-16,1.4139262091759442e-15
1198.843219165739,-5.165553064397105e-16,1.3364542937714383e-15
1198.8968998170906,5.485392559941392e-16,1.8794801867987822e-15
1198.9505802234664,-9.053616281830803e-17,1.7512334001886303e-15
1199.0042603848713,5.122369873337294e-16,1.9305051889785683e-15
1199.0579403013076,8.711002964919601e-16,1.8105898054857247e-15
1199.1116199727787,4.042181644772676e-16,1.6551790714796725e-15
1199.1652993992884,4.810834046733264e-16,1.7639669175121703e-15
1199.2189785808398,6.597448429627431e-16,1.8605755440737234e-15
1199.2726575174363,8.253553545099045e-16,2.0360363225496715e-15
1199.326336209081,-2.472367363388237e-16,1.6148550397060496e-15
1199.380014655778,5.12079377038477e-16,1.8195374295365482e-15
1199.4336928575296,9.273963308096789e-16,1.960449532678218e-15
1199.4873708143402,5.649787439265707e-17,1.816463354491492e-15
1199.5410485262123,2.0560618413453173e-16,1.7543798059846824e-15
1199.59472599315,6.944182818633873e-17,1.8735984083719664e-15
1199.648403215156,-3.307052171108563e-16,1.594062987973352e-15
1199.7020801922338,4.488242389572969e-16,1.9458273430628877e-15
1199.755756924387,1.023576117232457e-17,1.7846849569163983e-15
1199.809433411619,-3.4358890016928243e-16,1.7217701488135527e-15
1199.8631096539327,-8.240583055479764e-18,1.802723069818687e-15
1199.916785651332,8.340650245582379e-16,2.081556658748873e-15
1199.9704614038199,1.449453176214636e-16,1.890113984250967e-15
1200.0241369113994,6.621169655669004e-16,2.0181899811452306e-15
1200.0778121740748,2.397050157581428e-16,1.8425430321904257e-15
1200.1314871918487,-4.731394463971537e-16,1.6665784486973453e-15
1200.1851619647248,3.86064804236014e-16,1.7704448323515795e-15
1200.2388364927065,-3.5855301994922943e-17,1.7146814235310963e-15
1200.2925107757965,-7.358814792675426e-16,1.574119255413831e-15
1200.3461848139991,8.297223420637253e-16,2.0203887614508043e-15
1200.399858607317,-3.122442279344172e-17,1.6290815454849455e-15
1200.453532155754,-8.969817527677397e-17,1.6528528147899706e-15
1200.507205459313,1.9421899598731993e-16,1.78177605810426e-15
1200.5608785179973,2.1078572097629044e-16,1.8106797489172424e-15
1200.614551331811,5.434068773478976e-16,1.8495982620771806e-15
1200.6682239007566,6.824412723833145e-16,1.820595541514129e-15
1200.7218962248378,1.15164826911891e-15,1.9657062182840998e-15
1200.775568304058,4.3668443461804816e-16,1.9704158133246844e-15
1200.8292401384208,4.601481613358727e-18,1.8298565997923343e-15
1200.882911727929,4.3394303651591525e-16,1.9254397733705865e-15
1200.9365830725865,-7.784688317548374e-16,1.458905910442767e-15
1200.990254172396,-7.485372623388571e-16,1.5747691967156284e-15
1201.0439250273612,9.34175660629717e-16,1.8649146204546885e-15
1201.0975956374857,8.943756236308104e-16,2.030040731868889e-15
1201.1512660027724,7.94658603581849e-17,1.836642631751012e-15
1201.204936123225,-2.469026497610767e-16,1.7449401727019542e-15
1201.2586059988466,7.84551140159847e-16,1.959349941295553e-15
1201.3122756296411,6.829296042973271e-16,1.986002502047079e-15
1201.365945015611,1.5344720524977643e-15,2.14268421540038e-15
1201.4196141567602,1.83246667331966e-15,2.2957312948766136e-15
1201.4732830530916,1.0249265448300926e-16,1.7600236023251055e-15
1201.5269517046092,-6.740264078491263e-16,1.6939924043738274e-15
1201.580620111316,-6.544441745480893e-16,1.6800186870671677e-15
1201.6342882732154,2.6274562952746776e-16,1.98801608101987e-15
1201.6879561903104,6.605943357147753e-16,2.0659604110011182e-15
1201.7416238626051,6.92925622226039e-16,1.8617987189386407e-15
1201.795291290102,2.9294561317715875e-16,1.79595325633638e-15
1201.8489584728054,8.655598749295727e-16,2.049831254216678e-15
1201.9026254107177,1.2965481699723379e-15,2.17921566053482e-15
1201.956292103843,-9.45667613739549e-16,1.944164318477126e-15
1202.0099585521841,4.0077874490594146e-17,2.0254544002903006e-15
1202.0636247557445,3.645974910951082e-15,2.579039886117679e-15
1202.1172907145278,2.4667427379843695e-15,2.2448375364980974e-15
1202.170956428537,3.9186318626129386e-16,1.9104106242137073e-15
1202.2246218977755,-3.9973827821250935e-16,1.5996026356456871e-15
1202.2782871222469,-8.526917856921767e-16,1.5382315853616015e-15
1202.3319521019546,2.1499108465678225e-16,1.841190601428752e-15
1202.3856168369018,8.648317337052313e-16,2.0112500714995663e-15
1202.4392813270915,-7.522605128213876e-16,1.6082298308104358e-15
1202.4929455725276,-1.0276358609943738e-16,1.814741999480717e-15
1202.5466095732131,5.037025422866417e-16,1.7878210711857042e-15
1202.6002733291512,-8.749559070909107e-17,1.6286392580833572e-15
1202.6539368403458,2.0543166717689822e-16,1.810084238776115e-15
1202.7076001068,-2.379593806595231e-16,1.5006697799127248e-15
1202.7612631285172,2.016681135097258e-16,1.8067574854975163e-15
1202.8149259055003,3.959208686035306e-16,1.9738365489997216e-15
1202.868588437753,-2.6539949773346474e-17,1.887556873182712e-15
1202.922250725279,-1.1237670840084145e-16,1.7065719788331667e-15
1202.9759127680811,4.201059669716788e-18,1.7272667805467415e-15
1203.0295745661629,-2.5660802968473297e-16,1.8692740561872776e-15
1203.0832361195276,-2.591710533585123e-16,1.7519725992808583e-15
1203.1368974281788,-5.775424208893969e-16,1.6909616027950013e-15
1203.1905584921196,1.0209913375879688e-15,2.0537306549784604e-15
1203.2442193113534,3.881340676365024e-16,1.897567983787542e-15
1203.2978798858837,5.496011588505919e-16,1.9601051101486718e-15
1203.3515402157136,6.7355192872298015e-16,2.0595012737729503e-15
1203.4052003008464,1.9228245260336887e-16,1.8243551184703833e-15
1203.4588601412859,9.64511881839031e-16,2.0562885627465865e-15
1203.5125197370353,9.226685533990276e-16,1.9167100172860388e-15
1203.5661790880977,1.3458014396650927e-16,1.5736731247067887e-15
1203.6198381944764,4.242484892904771e-16,1.8717749469686792e-15
1203.673497056175,4.16374557769814e-16,1.7592123367232718e-15
1203.7271556731969,1.3101746192944035e-16,1.7018869680849205e-15
1203.7808140455452,-3.760284079232231e-16,1.6528186472030007e-15
1203.834472173223,-9.44302976328872e-16,1.860666029348563e-15
1203.8881300562346,1.1791255772329113e-16,2.071155716484621e-15
1203.9417876945824,1.7450392092189137e-15,2.146192426775643e-15
1203.9954450882703,1.6817931871722063e-15,2.234496413514849e-15
1204.0491022373014,1.9923212395648195e-16,1.758644967504221e-15
1204.102759141679,1.059732057183746e-15,1.9224207599089036e-15
1204.1564158014069,2.5248877310791987e-15,2.2793435124490655e-15
1204.2100722164876,8.90348574320759e-16,1.938179341122215e-15
1204.2637283869249,6.626608659584868e-16,1.8333461735797447e-15
1204.3173843127224,-1.722364358889545e-16,1.6559702190847067e-15
1204.3710399938834,-5.602558866659787e-16,1.6711032050058891e-15
1204.4246954304108,-1.8062750777018446e-16,1.5924158809652213e-15
1204.4783506223084,-1.2392548139216395e-16,1.786395367074659e-15
1204.5320055695793,1.5518173521439575e-16,1.6781647340429423e-15
1204.5856602722265,4.952401031970803e-16,1.727166654978629e-15
1204.6393147302542,3.7678373799020615e-16,1.652234526767734e-15
1204.6929689436654,-1.1234619692845548e-15,1.45411858843374e-15
1204.746622912463,2.7941023604412076e-16,1.6833992341849231e-15
1204.8002766366508,6.19438139184973e-16,1.8051624857239533e-15
1204.8539301162323,2.4365347197376447e-15,2.262778732449285e-15
1204.9075833512104,7.382683370225396e-16,1.904386482292654e-15
1204.9612363415886,1.938670753604242e-15,2.2052253625463347e-15
1205.0148890873702,2.3640997868176317e-16,1.7497473807397316e-15
1205.0685415885584,3.084349525227378e-16,1.7719595092584646e-15
1205.1221938451572,4.155090128600153e-17,1.5041620192629546e-15
1205.1758458571692,5.757021938663651e-16,1.788719822060303e-15
1205.2294976245983,-2.9975653728680886e-16,1.5678050583524262e-15
1205.2831491474474,1.286943477988944e-15,1.9413781751242554e-15
1205.3368004257204,8.593390305613304e-17,1.7930412852326156e-15
1205.39045145942,3.744775632655927e-16,1.8790197871996163e-15
1205.4441022485496,2.2211620827487395e-16,1.6846175612057482e-15
1205.497752793113,-4.1051216539751553e-16,1.6029913800714197e-15
1205.5514030931135,8.329490222178736e-16,1.7720238079068882e-15
1205.6050531485541,9.790776803206265e-16,2.0335870290406924e-15
1205.6587029594384,1.0893482612452007e-16,1.5773741654078914e-15
1205.7123525257696,-1.2700684526665396e-16,1.7302838556059523e-15
1205.766001847551,5.961051201589566e-16,1.7437528315803482e-15
1205.819650924786,4.408234880402829e-16,1.7630505006932924e-15
1205.8732997574782,1.5571480315331405e-15,2.1313720386096297e-15
1205.9269483456305,1.097534320682324e-15,2.012755827203413e-15
1205.9805966892468,7.016696297145609e-16,1.783125572486578e-15
1206.03424478833,1.17986400425248e-15,1.9665528906560067e-15
1206.0878926428834,1.9935935507002375e-16,1.7792728792753663e-15
1206.1415402529103,-1.5993031872156207e-16,1.7456386015228892e-15
1206.1951876184148,1.545568196218325e-15,1.934083603365926e-15
1206.2488347393994,-3.5877040243136776e-16,1.6423393285929848e-15
1206.3024816158677,-1.3271798208679405e-16,1.7449032729434315e-15
1206.356128247823,4.292658665057283e-16,1.8807359771292344e-15
1206.409774635269,1.960561659437594e-16,1.8163604622681645e-15
1206.4634207782085,1.3465271003405102e-17,1.6166960133590308e-15
1206.5170666766453,6.07266252237431e-16,1.8905510960829673e-15
1206.5707123305824,4.0405606537846324e-16,1.713077152360187e-15
1206.6243577400235,-1.0060554976000097e-15,1.487400901863172e-15
1206.6780029049717,1.6672534737289333e-15,2.067764670677441e-15
1206.7316478254304,2.0257029038219226e-15,1.973668143692938e-15
1206.7852925014029,1.7963057996610814e-16,1.6333154822799057e-15
1206.8389369328922,7.549208120227502e-16,1.7403545643031687e-15
1206.8925811199024,-3.3224339028408004e-17,1.710194231414647e-15
1206.9462250624363,5.266869905666951e-16,1.7648925443114154e-15
1206.9998687604975,3.4022123067811855e-16,1.6814006686753913e-15
1207.053512214089,4.080814000832449e-16,1.7707497434836132e-15
1207.1071554232146,-3.735080666563305e-16,1.6322234500440935e-15
1207.1607983878775,-7.232079880340406e-16,1.5007767421173698e-15
1207.2144411080808,2.292130814416275e-16,1.7790359572138582e-15
1207.2680835838282,5.993110100593638e-16,1.7605425395343638e-15
1207.3217258151226,9.649716335733349e-16,1.7553164299524439e-15
1207.3753678019677,5.075627560833654e-16,1.6942004740638039e-15
1207.4290095443666,-5.168028112236303e-16,1.497129176724896e-15
1207.482651042323,-8.880547394378931e-16,1.426277952234618e-15
1207.53629229584,-8.826340344703265e-17,1.722170751702756e-15
1207.5899333049206,1.331260817424801e-15,1.9153015604853758e-15
1207.6435740695688,1.2344285265273307e-15,1.968371190108144e-15
1207.6972145897876,-2.7973223656943217e-16,1.683157151915561e-15
1207.7508548655805,5.251542606845402e-16,1.8175009777608284e-15
1207.8044948969507,3.3426066900179046e-16,1.6548418933044298e-15
1207.8581346839014,9.603733829253789e-16,1.9441099754145546e-15
1207.9117742264361,8.640103444078788e-16,1.7763984200638162e-15
1207.965413524558,1.1593419467650126e-15,1.7527545198309884e-15
1208.019052578271,2.0737793538351977e-16,1.7159086221022251e-15
