trappist-1/STIS/new_bk_means/TRAPPIST-1_G140M_newbk_mean_2017-11.ecsv
# %ECSV 0.9
# ---
# datatype:
# - name: WAVELENGTH
#   unit: Angstrom
#   datatype: float64
# - name: FLUX
#   unit: erg / (Angstrom cm2 s)
#   datatype: float64
# - name: ERROR
#   unit: erg / (Angstrom cm2 s)
#   datatype: float64
# delimiter: ','
# schema: astropy-2.0
WAVELENGTH,FLUX,ERROR
[from data line 751]
1234.9685873323306,5.568509945997159e-16,5.504229289016157e-16
1235.0221036273006,3.4487130862996503e-16,5.111336796861346e-16
1235.075619679539,2.036890870517768e-16,4.1728093071013774e-16
1235.1291354890486,7.771128425705837e-17,3.425155903941316e-16
1235.1826510558335,4.061433545870139e-16,5.141353835392005e-16
1235.2361663798963,6.956286855685426e-16,6.149173377038377e-16
1235.2896814612404,3.956663800686916e-16,4.792017689742647e-16
1235.3431962998695,5.09387210822783e-16,5.494709480143232e-16
1235.3967108957866,5.699206883556412e-16,5.639609467935811e-16
1235.450225248995,3.3104667119256913e-16,4.545337190037594e-16
1235.503739359498,2.681676632082568e-16,4.2545989349654677e-16
1235.557253227299,2.8401522737349146e-16,4.484297514629392e-16
1235.6107668524012,2.9209561809353515e-16,4.908239987319259e-16
1235.664280234808,4.409856769111833e-16,5.87788706129326e-16
1235.7177933745227,4.266898226974575e-16,5.515004272970554e-16
1235.7713062715486,2.7681613658415846e-16,4.4269135941265485e-16
1235.824818925889,2.522564584886005e-16,4.293145959112151e-16
1235.878331337547,2.861040835390577e-16,4.695569825567308e-16
1235.931843506526,1.3044354443859265e-16,3.615417417181985e-16
1235.9853554328295,8.43301117454268e-17,3.6069344582814437e-16
1236.0388671164608,4.49255119476959e-16,4.995224460055834e-16
1236.0923785574228,5.67369646333268e-16,5.228159427694774e-16
1236.145889755719,3.3177960527403264e-16,3.9377595639393605e-16
1236.1994007113533,4.220801288999544e-16,4.319569650742718e-16
1236.252911424328,2.8362244957381466e-16,4.1932549168810833e-16
1236.3064218946472,9.203681220786202e-17,3.78017344787601e-16
1236.3599321223137,2.9642138623312354e-16,4.362489138377772e-16
1236.4134421073309,8.010065538324955e-17,2.3798110275551976e-16
1236.4669518497021,1.8753629256123647e-16,3.8256742510061437e-16
1236.5204613494311,4.828261094803252e-16,5.879781341820009e-16
1236.5739706065206,3.561019393344664e-16,5.355213700373538e-16
1236.6274796209739,1.2401303570965776e-16,3.573567517737021e-16
1236.6809883927945,3.919276697370482e-16,4.934034943661674e-16
1236.734496921986,3.0705674553566214e-16,4.3374183462292457e-16
1236.7880052085509,4.5772717513277533e-17,2.812543302850321e-16
1236.8415132524933,3.4690084449261534e-16,5.042378452855389e-16
1236.895021053816,3.0147770052849134e-16,4.4232209412779187e-16
1236.9485286125228,2.3724155688673983e-16,3.7818736835988927e-16
1237.0020359286166,3.2811432796215646e-16,4.68705101121586e-16
1237.0555430021004,9.645797198314052e-17,3.1231930131865303e-16
1237.1090498329784,1.4823659248017897e-16,3.3091812713404496e-16
1237.162556421253,6.377213418020135e-16,5.731228740805776e-16
1237.216062766928,5.32697624563034e-16,5.014297398257251e-16
1237.2695688700067,4.464781659295014e-16,4.80221998978327e-16
1237.323074730492,4.498547183003973e-16,5.060525758472038e-16
1237.376580348388,1.0859636117100295e-16,3.3652202290386905e-16
1237.430085723697,3.176479742225857e-16,4.855529647542716e-16
1237.4835908564228,1.870977584858106e-16,3.3507390571344874e-16
1237.537095746569,1.555133994828204e-16,3.137650528645276e-16
1237.5906003941384,2.3124164719859665e-16,3.895156568737445e-16
1237.6441047991345,2.6433773126268645e-16,4.2969961567621766e-16
1237.6976089615605,3.759953007851387e-16,4.869275734684962e-16
1237.7511128814197,8.263912676628481e-16,6.789716540200798e-16
1237.8046165587157,6.949691554835273e-16,5.93577478229334e-16
1237.8581199934517,5.959331062428248e-16,5.875635248569751e-16
1237.9116231856306,2.0063472929381554e-16,3.518847516025205e-16
1237.9651261352558,2.309885870384788e-16,4.393951029936452e-16
1238.0186288423313,3.2825942580810323e-16,4.325599456847374e-16
1238.0721313068595,4.3156266862972807e-16,4.755012478836644e-16
1238.1256335288442,2.454281320565716e-16,3.4940471307837867e-16
1238.1791355082887,4.753317850804399e-16,5.046933950804128e-16
1238.2326372451957,4.542492525192555e-16,4.605663490070921e-16
1238.2861387395694,8.94310035249005e-17,2.413709269139042e-16
1238.3396399914127,3.2638950222944473e-16,3.869376528365778e-16
1238.3931410007287,3.5505711007003924e-16,4.468924192186662e-16
1238.4466417675208,2.668150023300537e-16,3.5852150003298876e-16
1238.5001422917924,3.6981245417199605e-16,3.9531524863968007e-16
1238.5536425735468,9.064710228387165e-16,6.078908386772605e-16
1238.6071426127874,7.609041679479941e-16,5.320059499667731e-16
1238.660642409517,4.571967259936104e-16,4.530606605030238e-16
1238.7141419637396,3.2495755215826033e-16,3.918028973771982e-16
1238.767641275458,4.442521180643863e-16,4.5086915541925e-16
1238.8211403446755,6.316244427539824e-16,5.674815564023425e-16
1238.8746391713958,5.817576971427782e-16,5.131626274378665e-16
1238.9281377556217,3.3589441496213893e-16,3.494374377620422e-16
1238.9816360973568,4.827192424361547e-16,4.083282277423456e-16
1239.0351341966045,2.942961918471781e-16,3.346881376915499e-16
1239.088632053368,4.629499159036173e-16,4.0259907780961833e-16
1239.1421296676504,3.190462258966417e-16,3.183437624911933e-16
1239.1956270394548,3.1750471500651636e-16,3.9788201322779745e-16
1239.2491241687853,-4.047960876713466e-17,1.001762249515508e-16
1239.3026210556445,2.600928592594189e-16,2.818950366692604e-16
1239.3561177000358,2.429526789091171e-16,3.488736853591781e-16
1239.409614101963,1.627010305143227e-16,2.7749461428402e-16
1239.4631102614287,3.6638452887716825e-16,3.8545256640978803e-16
1239.5166061784366,2.1800583311057092e-16,3.022000057902396e-16
1239.57010185299,1.2589291525762055e-16,2.582649386057839e-16
1239.623597285092,3.553422700954756e-16,3.5200977079706517e-16
1239.6770924747461,3.4776514307769385e-16,3.597602430029424e-16
1239.7305874219553,2.116048002005824e-16,2.949600110808513e-16
1239.7840821267232,2.4850838329345046e-16,2.305408622509711e-16
1239.837576589053,2.885232366461275e-16,3.1592880916972726e-16
1239.891070808948,1.991308864831038e-16,2.856097884222893e-16
1239.9445647864113,3.9100588915791897e-17,1.595207607270542e-16
1239.9980585214466,2.4468143357485257e-16,2.9264279315661325e-16
1240.0515520140568,4.475710584587593e-17,3.860104634114891e-16
1240.1050452642455,1.5221134286319473e-16,4.354525107715258e-16
1240.158538272016,2.668702177755378e-16,3.8506548958906183e-16
1240.2120310373712,4.8401372230583756e-17,1.7127267682557925e-16
1240.2655235603147,5.55637166578058e-17,1.8265347897708755e-16
1240.31901584085,1.1416550569379208e-16,2.052276005691087e-16
1240.3725078789798,1.5641799086340563e-16,2.3264154135101225e-16
1240.425999674708,-3.419502587647222e-18,1.0238647629385515e-16
1240.4794912280374,2.2411497949401653e-16,2.7047174726385904e-16
1240.5329825389715,1.880296336703438e-16,2.857827944695967e-16
1240.5864736075139,2.596212442021499e-16,3.2114944517366635e-16
1240.6399644336675,3.260845634768753e-16,3.955620793460559e-16
1240.6934550174356,3.2084265292516853e-16,3.862271883363731e-16
1240.746945358822,1.3478913331573922e-16,1.6093464422741205e-16
1240.8004354578293,1.4774088170093932e-16,2.339973777181319e-16
1240.853925314461,3.8150741397814364e-16,3.285229735285624e-16
1240.9074149287205,7.3292323261932e-16,6.327111595264961e-16
1240.9609043006114,2.3918436106552944e-16,2.816385859563084e-16
1241.0143934301364,2.391528348462688e-16,2.5833298698518134e-16
1241.067882317299,2.7413706261745467e-16,2.7356761860794194e-16
1241.121370962103,3.4257361440776233e-16,2.934872880845626e-16
1241.1748593645511,2.772106246355217e-16,2.745864977823541e-16
1241.2283475246468,1.326231130543883e-16,1.415935491542899e-16
1241.2818354423932,1.2517113152590594e-16,2.0224584919732892e-16
1241.3353231177937,2.3265861217509356e-16,2.9084413293258574e-16
1241.3888105508518,3.0589242041712173e-16,3.3766593965499283e-16
1241.4422977415707,3.833655705050868e-16,3.1347638390110343e-16
1241.4957846899533,2.1772976051307729e-16,2.4664612425836064e-16
1241.5492713960036,2.0566217797398838e-16,2.904871006774383e-16
1241.6027578597243,1.1079784984602829e-16,1.7714973524055914e-16
1241.6562440811192,3.3721289735796656e-16,3.5327355795609943e-16
1241.7097300601909,3.559048888798518e-16,3.765114629737045e-16
1241.7632157969433,8.051170311649299e-17,1.2158866482811077e-16
1241.8167012913793,4.7803277386357286e-17,1.342557616756018e-16
1241.870186543503,1.1971502316240957e-16,2.1551820144446302e-16
1241.9236715533166,2.4866568342478247e-16,3.145248030099682e-16
1241.9771563208237,4.558200339250917e-16,4.044598584198779e-16
1242.0306408460283,4.1480685841989125e-16,3.1845415109882715e-16
1242.0841251289328,1.9052353131928096e-16,2.2976384071234525e-16
1242.137609169541,1.1084058497704301e-16,2.1242587090156232e-16
1242.1910929678559,2.390823337687802e-16,2.4733750981331887e-16
1242.244576523881,3.3061979956176033e-16,3.3582258366301963e-16
1242.2980598376196,2.798116473893749e-16,2.786044216138122e-16
1242.351542909075,2.7906256143803434e-16,3.1789204698255517e-16
1242.4050257382503,1.4794240095115095e-16,2.40696600438479e-16
1242.4585083251488,1.872453848227442e-16,2.853294876628793e-16
1242.5119906697741,2.6002178080513787e-16,3.0046802745467436e-16
1242.5654727721292,1.0376113744557389e-16,1.8215258385862799e-16
1242.6189546322175,3.1265760935296097e-16,3.529478468994861e-16
1242.6724362500422,2.94612307019313e-16,2.4150091950412323e-16
1242.725917625607,-4.316551297775789e-18,7.196241667789497e-17
1242.7793987589146,8.5299135919407e-17,1.8033607489888865e-16
1242.8328796499684,-3.518650033231057e-18,7.673105925550892e-17
1242.8863602987722,1.592877629770121e-16,2.428834441256015e-16
1242.9398407053288,2.181389959064752e-16,2.6900302887275635e-16
1242.9933208696414,6.22510300399783e-17,1.4175241858230976e-16
1243.046800791714,1.9212717550914113e-16,2.70525202734134e-16
1243.100280471549,2.9480965196104665e-16,3.959112574169743e-16
1243.1537599091503,1.0406634084951285e-16,1.978906361386812e-16
1243.2072391045208,2.3665439463770026e-18,9.45168488858021e-17
1243.2607180576645,1.0264886763068944e-16,1.5384793357118136e-16
1243.3141967685835,1.960557560719604e-16,2.4916965178500564e-16
1243.3676752372821,6.932524985509561e-17,1.4711190565610613e-16
1243.4211534637634,1.8090769880174593e-16,2.3222885845408086e-16
1243.4746314480306,-1.4029244681852929e-18,7.436701198934568e-17
1243.5281091900868,3.1285409223862316e-16,3.0704615412309096e-16
1243.5815866899352,2.742309664882438e-16,3.154438150345651e-16
1243.6350639475795,2.6879968091052913e-17,1.0762528126077973e-16
1243.688540963023,3.131845979793621e-16,3.554845725784151e-16
1243.7420177362685,2.1499258426950987e-17,1.0357666704883749e-16
1243.79549426732,1.887340018264882e-16,2.3248782282088895e-16
1243.8489705561801,1.8636267116009027e-16,2.314268161365378e-16
1243.9024466028525,1.6307916058007726e-16,2.499369913882867e-16
1243.9559224073403,1.4679113847270011e-16,2.4399550443184176e-16
1244.009397969647,-1.912020403326388e-17,6.577414692125041e-17
1244.0628732897756,-6.8330189565977656e-18,7.55158152293215e-17
1244.1163483677294,4.38318684781302e-17,9.322961692574252e-17
1244.1698232035121,-8.697316037567379e-17,1.0181782561595439e-19
1244.2232977971269,-8.24751775856692e-17,7.351395063398261e-18
1244.2767721485766,-1.7817583541261497e-17,7.075735060094027e-17
1244.330246257865,-1.3054193632431254e-17,7.608821740868846e-17
1244.3837201249949,3.8360786623896455e-17,1.2830167761231696e-16
1244.43719374997,-1.2156137716152808e-17,9.48190143956441e-17
1244.4906671327938,-9.291607101478481e-17,1.035574419799995e-19
1244.5441402734687,-8.872464879354048e-17,3.742018896383366e-18
1244.5976131719988,4.411040309887286e-17,1.369572727057799e-16
1244.6510858283875,8.390057478330653e-17,1.9744016972918857e-16
1244.7045582426372,-1.248186266635781e-17,8.164028006603406e-17
1244.7580304147518,1.553719074416712e-16,2.136755967272805e-16
1244.811502344735,1.0869476865611511e-16,1.7237637134471692e-16
1244.864974032589,5.741867086451053e-17,1.7126874836051553e-16
1244.918445478318,-4.007613030150616e-17,5.909903123951271e-17
1244.971916681925,-8.508156122081032e-17,1.5500644887147426e-17
1245.0253876434133,1.2054980796930483e-16,2.0903095655133295e-16
1245.0788583627861,2.2538687729398214e-16,2.5471426584885863e-16
1245.1323288400467,-9.045181672026468e-17,1.3381469354972036e-17
1245.1857990751982,4.6853158159777923e-17,1.5404994802767364e-16
1245.2392690682445,8.300752447699446e-17,1.916763811501492e-16
1245.2927388191883,5.918124827739247e-17,1.6287114378148826e-16
1245.3462083280333,3.8788855263723664e-16,3.9373823474964034e-16
1245.3996775947826,2.3849159312555853e-16,2.5189212088443116e-16
1245.4531466194394,5.4938086838902475e-18,1.2090699673707926e-16
1245.5066154020067,-8.346465994494757e-17,4.4431499816270317e-17
1245.5600839424885,-4.988571406204588e-17,6.590203863896235e-17
1245.6135522408879,-6.180999182671201e-17,5.669103046221094e-17
1245.6670202972075,-7.101861880132807e-17,4.064903036326584e-17
1245.7204881114517,1.378908321878989e-16,2.2596019349913863e-16
1245.773955683623,4.692007826667372e-17,1.6971722042263963e-16
1245.8274230137247,-1.019782131607209e-16,3.830514016738098e-17
1245.8808901017603,-7.318835162075836e-17,5.248578136628433e-17
1245.9343569477332,-7.981135441238603e-17,4.869960172024468e-17
1245.9878235516467,1.9931529423948354e-16,3.28817081284843e-16
1246.041289913504,3.733144483261554e-17,1.6238551921214076e-16
1246.094756033308,1.602395799401507e-16,2.638119444039831e-16
1246.1482219110624,-5.174965942645286e-17,9.115157562267057e-17
1246.2016875467705,-1.5317766423485948e-17,1.2157110450041157e-16
1246.2551529404354,-7.219573577372892e-17,6.670701657204011e-17
1246.3086180920604,-5.3226806197547024e-17,8.781092287360038e-17
1246.362083001649,7.287925519801398e-17,2.1623026578387258e-16
1246.4155476692044,6.938574798236805e-18,1.5226884140623742e-16
1246.4690120947298,4.2896267606781603e-17,1.907362811289881e-16
1246.5224762782289,1.7317725268208277e-18,1.4138815560340641e-16
1246.5759402197039,4.437197087984015e-17,1.5497807958815118e-16
1246.6294039191594,-2.7275172839438832e-17,9.538151669401058e-17
1246.6828673765976,-1.6578938629768347e-17,1.3882392311431354e-16
1246.7363305920228,-1.0743529956507566e-16,4.989607127704144e-17
1246.7897935654375,-1.4948542545071464e-16,1.0751153226028235e-17
1246.843256296845,-9.237796590968943e-17,6.899076152629778e-17
1246.896718786249,-8.75858755067474e-17,7.711629541063323e-17
1246.9501810336528,1.31115050871652e-16,2.9784181775690704e-16
1247.0036430390594,-3.4691843054643176e-17,1.381269115654503e-16
1247.0571048024724,-2.3088557536231846e-17,1.6358180073376226e-16
1247.1105663238945,-7.410898634805205e-17,9.991048546109253e-17
1247.1640276033295,-1.416063299767793e-16,3.495637584621257e-17
1247.2174886407806,2.7110913584653312e-17,1.7173534332050804e-16
1247.2709494362512,2.36065421675187e-16,3.0163355329888613e-16
1247.324409989744,2.300920963381987e-16,3.2040850590496076e-16
1247.377870301263,-1.0978314821970244e-16,8.732232821054029e-17
1247.431330370811,-1.0624230248532493e-17,1.7906522162841294e-16
1247.484790198392,2.8138065565162654e-17,2.0128026468190891e-16
1247.5382497840085,1.4152610227515188e-16,2.948427700401063e-16
1247.5917091276638,-5.0388879824405943e-17,1.7167111356047682e-16
1247.6451682293616,-8.884934788738936e-17,1.1168007280272765e-16
1247.698627089105,-9.030200526055669e-17,1.0272686827314991e-16
1247.7520857068976,6.901746207522734e-17,2.102369045085456e-16
1247.8055440827418,3.215058808868583e-16,3.900029684730185e-16
1247.859002216642,1.8591454377052551e-16,3.653229261124647e-16
1247.912460108601,4.44600971887529e-17,2.5118949639573026e-16
1247.9659177586216,6.676061542279841e-17,2.4620466953021493e-16
1248.0193751667077,9.481209338976482e-17,2.743766852549786e-16
1248.0728323328624,7.338179946809384e-17,2.583683214636967e-16
1248.1262892570892,5.893537397907677e-17,2.5329130624855336e-16
1248.179745939391,-7.924603311242248e-17,1.5180570935364058e-16
1248.2332023797715,-1.3547370577787416e-17,1.9671877857223502e-16
1248.2866585782333,5.191693520588742e-18,1.9027155402542773e-16
