trappist-1/STIS/new_bk_means/TRAPPIST-1_G140M_newbk_mean_2017-10.ecsv
# %ECSV 0.9
# ---
# datatype:
# - name: WAVELENGTH
#   unit: Angstrom
#   datatype: float64
# - name: FLUX
#   unit: erg / (Angstrom cm2 s)
#   datatype: float64
# - name: ERROR
#   unit: erg / (Angstrom cm2 s)
#   datatype: float64
# delimiter: ','
# schema: astropy-2.0
WAVELENGTH,FLUX,ERROR
[from data line 250]
1207.84014925164,3.387528055785236e-17,1.4085095903668607e-15
1207.8936484334472,1.2966529302335584e-16,1.5073814788443347e-15
1207.9471472954644,1.4757723703287961e-15,1.870268408446153e-15
1208.000645837697,1.118941776893858e-15,1.6188495082687674e-15
1208.054144060151,-3.9243671556839314e-16,1.3761105561851125e-15
1208.1076419628316,-2.585486759063274e-16,1.2006783502979324e-15
1208.1611395457448,-1.772332206667058e-16,1.3410732981697012e-15
1208.2146368088968,2.1619883923881503e-16,1.5300199482758244e-15
1208.2681337522927,-1.9020967357311907e-16,1.4041502240594377e-15
1208.3216303759386,8.782253641560912e-17,1.3764717125994495e-15
1208.3751266798402,1.1978579832403579e-15,1.6212660815426999e-15
1208.428622664003,3.779307532680463e-16,1.5592631403173748e-15
1208.4821183284328,-3.1783347380432997e-17,1.2999283478951898e-15
1208.5356136731355,4.572998140313564e-17,1.3724921789312707e-15
1208.5891086981167,-3.286215564295386e-16,1.2073955934284698e-15
1208.6426034033823,-6.849468335603951e-17,1.3788405895921692e-15
1208.696097788938,7.811662809295958e-17,1.3903591475737446e-15
1208.7495918547893,1.1378585885480875e-15,1.7293265565918922e-15
1208.803085600942,5.019811521762062e-16,1.5950454357762628e-15
1208.8565790274022,-1.6182179153988507e-16,1.3169754658888295e-15
1208.910072134175,5.300237785033099e-16,1.5141403800705545e-15
1208.9635649212667,8.880733120585951e-16,1.6551314469676718e-15
1209.0170573886828,9.410486188979584e-17,1.560968399330601e-15
1209.0705495364289,-7.396653988078874e-16,1.3267224471870539e-15
1209.1240413645107,-6.199138527152704e-17,1.3325409447739882e-15
1209.1775328729343,-6.372042632033123e-16,1.2330090442250752e-15
1209.2310240617055,3.194711272506333e-16,1.2320042575318202e-15
1209.2845149308293,-4.205447593756116e-17,1.3780362281783163e-15
1209.3380054803122,6.735075911318718e-16,1.6843886615368635e-15
1209.3914957101597,5.4895819739671516e-17,1.4143548680031429e-15
1209.4449856203769,1.5079992736203087e-15,1.8024048594521288e-15
1209.4984752109706,1.2300426423912195e-15,1.4945684706319697e-15
1209.551964481946,1.4994844971557278e-16,1.2883075565382422e-15
1209.6054534333086,4.494901819889826e-16,1.4453747556871917e-15
1209.6589420650644,-2.315235145134408e-16,1.2776963906365929e-15
1209.7124303772193,2.451884168216945e-16,1.4538153451118306e-15
1209.7659183697785,8.429419309142868e-17,1.3216781923745279e-15
1209.8194060427481,1.4199707640054794e-16,1.4449146745579119e-15
1209.872893396134,4.229389680982943e-16,1.3448142459733422e-15
1209.9263804299417,6.185666148500942e-16,1.3676117968856669e-15
1209.979867144177,1.130660352018509e-15,1.43719924809538e-15
1210.0333535388452,9.831228886537315e-16,1.6228130401397046e-15
1210.0868396139529,-1.9223209077593373e-16,1.3231037938654132e-15
1210.140325369505,7.272440593001133e-16,1.4844274329037177e-15
1210.1938108055074,1.1978810252525635e-15,1.5573743070685593e-15
1210.2472959219663,-6.686296993078986e-16,1.1554177684869594e-15
1210.300780718887,1.1340415497766e-17,1.1525172278580408e-15
1210.3542651962753,3.766656135668879e-16,1.4928215118553839e-15
1210.407749354137,1.160983080875915e-16,1.468873996982126e-15
1210.4612331924775,1.7824991093151516e-16,1.3778330372683218e-15
1210.5147167113032,-4.66999305096452e-17,1.429737996443104e-15
1210.5681999106191,2.1319931620994263e-15,1.9413968297738822e-15
1210.6216827904316,1.3991841055781586e-15,1.7971796723080045e-15
1210.675165350746,-2.2549444131334586e-16,1.3390801450833168e-15
1210.728647591568,2.4008663632245696e-16,1.3361694114959535e-15
1210.7821295129033,5.882863025092413e-16,1.5253407869737597e-15
1210.835611114758,-8.206099405291029e-16,1.0179555962890349e-15
1210.8890923971378,5.588295444116466e-16,1.3936785921546632e-15
1210.9425733600478,3.295981278005829e-16,1.324111394692719e-15
1210.9960540034942,5.475040766827573e-16,1.3107578865539665e-15
1211.049534327483,5.482372562710951e-16,1.424663728088597e-15
1211.1030143320195,-2.0784733634361876e-16,1.3695589465288851e-15
1211.1564940171093,-4.836414799351993e-16,1.277558634900464e-15
1211.2099733827583,4.560168967275611e-16,1.467883356875683e-15
1211.2634524289724,6.73738510045963e-16,1.6243671082352353e-15
1211.3169311557572,-2.804012806891589e-16,1.1011182114599709e-15
1211.3704095631185,2.9553625272398567e-16,1.295696005826652e-15
1211.4238876510617,3.8976853196498397e-16,1.3050310524334385e-15
1211.477365419593,5.687762761718739e-16,1.4065135548646329e-15
1211.5308428687176,3.968274075342612e-16,1.2074274855648795e-15
1211.5843199984415,-1.368743491192873e-16,1.2435357621317896e-15
1211.6377968087706,4.743911560281039e-16,1.34661909779461e-15
1211.6912732997107,6.345027250491351e-16,1.4279361258117323e-15
1211.744749471267,5.98577741622339e-17,1.2775330210770104e-15
1211.7982253234456,-5.901430711572818e-17,1.234139028973285e-15
1211.8517008562517,-1.0349951202367111e-16,1.2038125897099337e-15
1211.9051760696918,3.1339476357994193e-16,1.4213188880401169e-15
1211.9586509637713,1.6350040326514952e-16,1.2319245491602738e-15
1212.0121255384959,5.000130492763114e-16,1.2332415592155555e-15
1212.0655997938713,5.586971606907609e-16,1.340222001454419e-15
1212.1190737299032,3.5518271597644364e-16,1.2762075101622026e-15
1212.172547346597,-3.6882381274972546e-16,1.1054222920680964e-15
1212.2260206439591,5.670940664362576e-17,1.1228723516994474e-15
1212.2794936219948,-2.8263694838326364e-16,1.2116184685147943e-15
1212.33296628071,-1.8585000926332473e-16,1.0819255697000353e-15
1212.3864386201105,1.8756743152332413e-16,1.4226680147774894e-15
1212.4399106402013,-1.0090994985195108e-16,1.266326557695881e-15
1212.4933823409892,-8.359783573496877e-16,1.0436658268838864e-15
1212.5468537224795,-3.1170880333007476e-16,1.1976682393987917e-15
1212.6003247846772,4.383065739512934e-17,1.19837276000512e-15
1212.6537955275892,-1.3162542686080045e-16,1.0928486063910719e-15
1212.7072659512203,-6.488356406979005e-16,1.1713833328002157e-15
1212.7607360555767,-7.197506481587078e-16,1.086757287118634e-15
1212.8142058406638,-1.3332248464269076e-16,1.2124346654272713e-15
1212.8676753064876,4.109962599653699e-16,1.3856376368611096e-15
1212.921144453054,-6.869442161478704e-16,1.1443643900011294e-15
1212.9746132803682,-3.398435208562918e-16,1.1637364907397102e-15
1213.028081788436,3.514079443501699e-18,1.2975566186835146e-15
1213.0815499772636,-3.8500331281786755e-16,1.088860017275843e-15
1213.1350178468563,-4.636237670795982e-16,1.0617358665762105e-15
1213.18848539722,5.033149341812406e-16,1.3715538267706276e-15
1213.24195262836,1.9837054200826546e-15,1.4614973223465376e-15
1213.2954195402826,6.941854532219073e-16,1.3504858332762657e-15
1213.3488861329934,-4.87881688318352e-16,9.952634326444104e-16
1213.4023524064978,4.689167958476235e-16,1.2231904261132316e-15
1213.4558183608017,-1.0037364851565809e-15,8.242532154863762e-16
1213.509283995911,-4.765439889922831e-16,1.0443441576182425e-15
1213.562749311831,2.0140279507061298e-16,1.3073089087421433e-15
1213.6162143085678,-1.308290427455994e-16,1.2962770291962152e-15
1213.6696789861269,1.3389419545088521e-15,1.518199280342782e-15
1213.7231433445143,1.954540980912982e-15,1.5178552703897973e-15
1213.7766073837352,7.94788958087702e-18,1.1076928261118956e-15
1213.8300711037955,-4.664601395710028e-16,8.840711494203544e-16
1213.8835345047016,5.777586959174359e-18,9.83347790311243e-16
1213.9369975864583,-1.9608811059229537e-16,1.1208519158883758e-15
1213.9904603490718,3.9137320566884075e-16,1.3417798714536388e-15
1214.0439227925474,-1.7527612412689932e-16,1.0068300962069034e-15
1214.0973849168913,-6.752403110900611e-16,1.0052668570444441e-15
1214.1508467221092,-3.3310866833456085e-16,1.1136454914451376e-15
1214.2043082082064,-7.676308174140115e-16,9.295499548534489e-16
1214.2577693751887,-5.539339769922841e-18,1.0699932349146228e-15
1214.3112302230622,2.3379100842173823e-16,1.3265689844029317e-15
1214.3646907518323,4.7194247313438773e-17,1.143834825095517e-15
1214.4181509615048,3.0748846264677297e-16,1.2724329967005645e-15
1214.4716108520852,-7.247695171376726e-16,1.0177516803807925e-15
1214.5250704235798,-3.673716661645321e-18,1.213017255280953e-15
1214.5785296759937,-6.816154171735737e-16,1.0352929177734213e-15
1214.631988609333,-4.899349374832513e-16,9.744532847907366e-16
1214.6854472236028,3.4491516327339235e-16,1.2727418019822908e-15
1214.7389055188096,-2.2178115503913523e-16,1.185402950291889e-15
1214.7923634949589,-7.380156138751129e-16,9.421631634180694e-16
1214.845821152056,-5.452333058475266e-18,1.0943551928664809e-15
1214.899278490107,4.553185969528035e-17,1.1096960538439391e-15
1214.9527355091177,1.1985106641616452e-16,1.1217983080215839e-15
1215.0061922090933,1.4969222992215838e-16,1.22959246506068e-15
1215.05964859004,2.8446741423715675e-16,1.2570393216280272e-15
1215.1131046519636,-2.366998528578909e-16,1.1066772216475926e-15
1215.166560394869,-4.941429146371313e-16,9.591988877828825e-16
1215.2200158187632,4.433645576803284e-16,1.3377738087396183e-15
1215.2734709236506,3.3152222111811296e-16,1.2595954397143657e-15
1215.3269257095376,-6.448894666884664e-16,1.174738087597789e-15
1215.3803801764298,-5.453084981003598e-16,1.2676029678673467e-15
1215.4338343243328,3.6413862465330425e-16,1.4808778502707774e-15
1215.4872881532528,6.2696796165180096e-18,1.6152867739466499e-15
1215.5407416631951,-1.2477644724390526e-15,1.9651796276420827e-15
1215.5941948541654,-2.9252183860604583e-15,2.8550373143943395e-15
1215.6476477261692,-4.966410198428963e-16,3.5116775135054754e-15
1215.7011002792128,-3.0931924290279727e-15,3.161664940361828e-15
1215.7545525133014,-3.510885985877412e-15,2.564480905850761e-15
1215.8080044284409,-5.9063979347672715e-16,2.0130741610081353e-15
1215.8614560246372,-8.55564522278568e-17,1.7278109232259524e-15
1215.9149073018955,-1.9772305808304998e-16,1.3801078575357528e-15
1215.968358260222,-8.46827408442297e-17,1.2259597410915306e-15
1216.021808899622,-3.20036228264633e-16,9.940198261790104e-16
1216.0752592201015,-5.416382256588486e-16,8.762981199851508e-16
1216.1287092216662,4.25671271901486e-16,1.1303441338895903e-15
1216.182158904322,7.100748107485859e-16,1.3795490601100377e-15
1216.2356082680742,2.5865339869480247e-16,1.2223675334329026e-15
1216.2890573129287,-1.0001719238579299e-15,8.834597757981087e-16
1216.342506038891,-4.920135956160321e-16,8.259097390264485e-16
1216.395954445967,4.755132077696238e-16,1.2596581086059295e-15
1216.4494025341626,6.032151386522892e-16,1.180732056727598e-15
1216.5028503034832,-3.9935314418194266e-16,9.5263441252305e-16
1216.5562977539346,9.611355957118496e-16,1.3037428847679075e-15
1216.6097448855223,7.140471672810086e-16,1.1645215608768579e-15
1216.6631916982528,1.772198128317811e-14,2.856007488639331e-15
1216.7166381921306,3.473772005593254e-15,1.4101491983273449e-15
1216.770084367162,2.0473862686207343e-16,1.1823098452999e-15
1216.8235302233534,-2.3258153595558734e-16,1.0957225955666395e-15
1216.8769757607095,3.5415302826894877e-16,1.2086850625674806e-15
1216.9304209792363,2.5324523858607736e-16,1.1679984338442069e-15
1216.9838658789392,-9.033095482432612e-17,1.1306908558329356e-15
1217.037310459825,9.218612427770264e-16,1.2575817365794797e-15
1217.090754721898,-4.2808704202842537e-16,8.699809864676392e-16
1217.144198665165,-6.25757781703379e-16,8.441094011915476e-16
1217.197642289631,-9.282820728091258e-16,9.681744751643715e-16
1217.2510855953024,-1.2368565845724697e-15,6.738470866456575e-16
1217.304528582184,-4.693600447276057e-16,9.363424020869439e-16
1217.3579712502824,2.8018213308589997e-16,1.1202885335761045e-15
1217.4114135996026,-1.5224883522978744e-16,1.0583385254530273e-15
1217.4648556301509,-2.480950058302151e-16,9.85092409690649e-16
1217.5182973419323,-8.715935285060635e-16,8.214632452002627e-16
1217.5717387349532,-8.307976340961294e-16,8.183988210844459e-16
1217.625179809219,3.1281468430317653e-16,1.2573918290411178e-15
1217.6786205647354,-1.2059296011275464e-16,9.893643007350032e-16
1217.732061001508,-2.0848727564343857e-16,9.557732985231794e-16
1217.785501119543,1.9701352322307045e-16,9.839858223911384e-16
1217.838940918845,1.8047938205311162e-16,1.0435375442836552e-15
1217.892380399421,4.3951338229439593e-16,1.1580986227168102e-15
1217.945819561276,3.0259481531080656e-15,1.580687375347842e-15
1217.9992584044157,1.3920069047757686e-16,1.0521900098675773e-15
1218.0526969288464,3.2437560860547776e-17,1.0264849573281304e-15
1218.106135134573,-1.6504679631507129e-16,1.0025581452022377e-15
1218.1595730216013,2.9658754175387544e-16,9.645787398689116e-16
1218.2130105899375,-5.4237380127400067e-17,8.301202990886978e-16
1218.2664478395873,3.977084768776372e-16,1.118569019228604e-15
1218.319884770556,-5.561133281505873e-16,8.105532577435166e-16
1218.373321382849,5.69471773117688e-16,1.164230770290094e-15
1218.426757676473,-2.2069461662940534e-16,9.131770947061782e-16
1218.4801936514332,-3.7080997905168586e-16,8.786923012450556e-16
1218.5336293077346,-4.616990425825443e-16,9.243812012197446e-16
1218.5870646453843,-6.767500936484448e-16,7.583265055261865e-16
1218.6404996643867,-3.487476579594128e-16,9.701762454407551e-16
1218.6939343647482,7.459847603102742e-16,1.258696417969435e-15
1218.7473687464744,-5.857994183193887e-16,7.551723580986984e-16
1218.800802809571,-2.6477909158896525e-16,8.943739491325286e-16
1218.8542365540436,2.880337675919105e-16,1.1374738823650663e-15
1218.9076699798982,-4.557334770781636e-16,8.0144027542834685e-16
1218.96110308714,-8.794048419089275e-16,7.008261911687164e-16
1219.014535875775,-1.0007088536834998e-16,8.58221547269374e-16
1219.0679683458088,-5.34208075464154e-16,7.799949278801104e-16
1219.121400497247,1.0792492152146338e-16,9.39670692563379e-16
1219.174832330096,-1.2614176916443995e-16,8.279697705889284e-16
1219.2282638443605,-3.7816794158731285e-16,8.494165873540987e-16
1219.281695040047,1.382130153759694e-17,1.116226166363269e-15
1219.3351259171602,-1.6367820883169207e-16,8.417210130479112e-16
1219.388556475707,-3.8464986941658926e-16,8.764561358027953e-16
1219.4419867156923,-6.072886822613056e-16,7.747800535635175e-16
1219.4954166371222,9.643925325859398e-17,1.0294124577975499e-15
1219.5488462400021,4.833710016096186e-16,1.0653681435538627e-15
1219.602275524338,3.1081157027879353e-16,9.764391565669656e-16
1219.6557044901353,-4.627452361228223e-16,7.199481681024764e-16
1219.7091331374,-1.2017179032909175e-16,8.731957240389953e-16
1219.7625614661374,1.6389410767523393e-15,1.2418396516124092e-15
1219.8159894763535,-4.6954967249237416e-17,9.404929809851696e-16
1219.8694171680538,-6.346464979780956e-16,7.06236944444402e-16
1219.9228445412443,5.9458635662319405e-16,9.164042128808763e-16
1219.9762715959305,-3.5978412962060435e-16,8.349228770621828e-16
1220.029698332118,-4.031362481744908e-16,7.036810140713067e-16
1220.0831247498127,-6.423353295079038e-16,6.62147077358979e-16
1220.13655084902,-5.334747411733444e-16,6.235511496811673e-16
1220.1899766297463,1.962520099396007e-18,9.927544438417495e-16
1220.2434020919966,1.1037598484923456e-15,1.1834974252850384e-15
1220.2968272357766,3.146319681928467e-15,1.4695029228527415e-15
1220.350252061092,2.244174195718671e-16,9.29616768394371e-16
1220.403676567949,3.271925100186155e-16,9.226463180231414e-16
1220.457100756353,-3.079788339493198e-16,7.838897440569687e-16
1220.5105246263095,1.5891975261888023e-16,1.0218418480935051e-15
1220.5639481778244,-3.747018029424894e-17,9.504846564576788e-16
1220.6173714109036,2.3639612652287006e-16,1.009378082187937e-15
1220.6707943255524,-3.487352473891488e-16,7.970865353977239e-16
1220.7242169217764,-7.454338856791892e-16,5.743721803224703e-16
1220.7776391995817,1.7401013402734342e-16,8.546875474932807e-16
1220.8310611589736,5.963727370716987e-17,8.462171294673916e-16
1220.8844827999585,-1.3178049449134787e-17,8.335826728742622e-16
1220.9379041225416,-2.7966800469973035e-17,8.542853511373869e-16
1220.9913251267283,-2.4357130856442633e-16,7.351104146149593e-16
1221.0447458125248,-2.139597374421928e-16,8.099577798049531e-16
