trappist-1/STIS/new_bk_means/TRAPPIST-1_G140M_newbk_mean_2018-05.ecsv
# %ECSV 0.9
# ---
# datatype:
# - name: WAVELENGTH
#   unit: Angstrom
#   datatype: float64
# - name: FLUX
#   unit: erg / (Angstrom cm2 s)
#   datatype: float64
# - name: ERROR
#   unit: erg / (Angstrom cm2 s)
#   datatype: float64
# delimiter: ','
# schema: astropy-2.0
WAVELENGTH,FLUX,ERROR
[from data line 501]
1221.4414376027935,-1.515650702742833e-16,6.509416162575732e-16
1221.4948648539716,-5.013430293835256e-16,4.678114322717926e-16
1221.548291787378,2.2026604395250656e-16,7.558561349981e-16
1221.6017184030181,2.4779847872076987e-17,5.609031664579736e-16
1221.6551447008978,2.741758828406355e-16,8.770238111611347e-16
1221.7085706810226,5.863018150091995e-16,8.636445482455812e-16
1221.7619963433979,-3.0654542280955164e-16,5.220351800077594e-16
1221.81542168803,1.222779267781785e-16,6.823560415710057e-16
1221.8688467149238,-8.128826199128511e-16,2.32853304829854e-16
1221.9222714240855,-4.683472723606067e-17,6.2206909700146055e-16
1221.9756958155208,4.636362966380908e-16,8.94444369699426e-16
1222.029119889235,-1.3166331956315281e-16,6.902956341797997e-16
1222.0825436452342,-1.519261930560669e-16,6.36945776341538e-16
1222.1359670835236,-2.8973251697120343e-16,4.57729787697661e-16
1222.1893902041093,5.205524098199064e-16,8.048379778650107e-16
1222.2428130069968,3.674848537889955e-15,1.4413693740711306e-15
1222.296235492192,8.032504970607755e-16,7.971476537351224e-16
1222.3496576596997,-2.803047735871215e-16,5.212581223953684e-16
1222.4030795095266,-5.913081676236709e-16,2.95678824268326e-16
1222.456501041678,-1.0750724977631117e-16,6.200891059400712e-16
1222.5099222561594,1.1042751040062113e-16,7.022719894341817e-16
1222.5633431529766,1.0343502378899335e-16,7.9248554912042985e-16
1222.6167637321353,8.055588749505854e-17,7.47511389501024e-16
1222.6701839936409,-1.1304775049581113e-16,5.653813906451182e-16
1222.7236039374995,-3.8155578921683424e-17,6.419649018346802e-16
1222.7770235637165,1.1631732610970747e-15,1.0568418051552394e-15
1222.8304428722977,3.5963777813769826e-16,7.10553203209102e-16
1222.8838618632487,8.901623562638379e-17,6.054541258955762e-16
1222.9372805365751,-1.554798351759691e-17,6.868823195827751e-16
1222.9906988922826,6.921329641858653e-17,6.334474952353303e-16
1223.0441169303767,-3.0471654216632756e-17,6.774276129423169e-16
1223.0975346508635,-2.8371084953476827e-16,6.446930445145515e-16
1223.1509520537484,-3.0642526951003346e-16,5.703045815261452e-16
1223.204369139037,7.163010598394365e-18,6.029075411132752e-16
1223.2577859067353,-1.8804877532621986e-16,5.735203297947667e-16
1223.3112023568485,-2.820671868513942e-16,4.723357928704307e-16
1223.3646184893826,-3.2162665208358303e-16,4.4311730949644995e-16
1223.4180343043429,-6.357383474505237e-17,4.941861883315656e-16
1223.4714498017354,-4.839013746962784e-17,5.697266589769432e-16
1223.5248649815655,3.61815602696602e-16,5.763568107420045e-16
1223.5782798438393,1.1924484016582897e-16,5.732992762986924e-16
1223.6316943885622,-4.465362190006293e-17,4.821912923227724e-16
1223.6851086157399,-2.483095258893061e-16,4.910212860647039e-16
1223.738522525378,-2.4951296403681927e-16,5.390933607465152e-16
1223.791936117482,-2.3257553803458553e-16,4.871998206883048e-16
1223.8453493920576,4.579823138487853e-17,6.398719083086054e-16
1223.898762349111,3.513409540255416e-16,6.5095309673024155e-16
1223.9521749886471,-4.415975554526819e-16,3.240859301782241e-16
1224.0055873106724,-3.891623522890851e-18,6.494403036093045e-16
1224.0589993151918,1.0371022371375923e-16,6.193935477803436e-16
1224.1124110022113,-1.4280542694716656e-17,6.158773067931353e-16
1224.1658223717366,5.037061654998769e-16,8.207667081968277e-16
1224.2192334237732,1.8396448737913633e-17,5.469787780287174e-16
1224.2726441583268,4.008824690547996e-16,8.166164771458367e-16
1224.3260545754033,7.788485321439774e-16,8.93516835890174e-16
1224.379464675008,-3.485634051779139e-16,3.883919229638265e-16
1224.432874457147,-3.153209295431761e-17,6.155280083959221e-16
1224.4862839218254,2.6528330372767986e-16,6.775681326003201e-16
1224.539693069049,6.183401532891528e-16,8.852517332420577e-16
1224.5931018988238,1.0251550625641902e-15,9.632975459521562e-16
1224.6465104111555,3.1186658511069563e-16,7.202360322432014e-16
1224.6999186060493,1.948993656016249e-16,6.329101981710537e-16
1224.753326483511,1.3699038988799562e-16,5.877926187085036e-16
1224.8067340435466,-4.563454283871461e-16,2.4399716054432373e-16
1224.8601412861613,-4.618792918535052e-16,2.914659547142975e-16
1224.913548211361,-8.354639524951519e-17,5.324173001355957e-16
1224.9669548191514,-2.0565860024660073e-16,4.566208637540266e-16
1225.0203611095383,-1.0447023412391627e-16,4.1716581684596765e-16
1225.073767082527,4.442364407013083e-16,7.000492040221824e-16
1225.1271727381231,4.916410629714311e-16,7.826148597565822e-16
1225.1805780763327,7.943660878487516e-17,7.119597925466456e-16
1225.233983097161,-1.3890911199327484e-17,6.479998512264789e-16
1225.287387800614,1.6177692362513712e-16,5.782496775806363e-16
1225.3407921866972,1.234816366821748e-16,5.51146124022855e-16
1225.3941962554163,-1.5936343674914606e-16,4.3450920349956894e-16
1225.447600006777,3.991194128656335e-17,5.010975071325068e-16
1225.501003440785,-1.4777100929342648e-16,5.044639767897193e-16
1225.5544065574459,-7.345432303895576e-18,4.842505225004364e-16
1225.607809356765,6.553850875365814e-16,7.109559156214465e-16
1225.6612118387488,-1.9738347387789574e-17,4.477200582812549e-16
1225.714614003402,2.21476713105945e-17,5.401788406647571e-16
1225.7680158507308,-1.5332515176696326e-16,3.9393872547526417e-16
1225.821417380741,-2.2416193317609844e-16,4.3540527491677544e-16
1225.874818593438,-4.862036851297401e-17,5.232219933062145e-16
1225.9282194888272,1.3370902352089471e-15,9.159964904686855e-16
1225.9816200669145,2.4086613450579613e-15,1.2358469159265666e-15
1226.0350203277058,2.233707464948711e-16,4.570702339408919e-16
1226.0884202712064,6.033864903734076e-16,7.268306852585256e-16
1226.141819897422,-1.3763303990218546e-16,3.5224646633803027e-16
1226.1952192063588,2.4875317698278287e-16,6.214150042914256e-16
1226.2486181980216,-2.9496727951434196e-16,3.2389388655972623e-16
1226.3020168724167,2.37177084527597e-16,6.115584183780202e-16
1226.3554152295494,1.231958717674534e-16,5.258771573841629e-16
1226.4088132694253,5.661374965034515e-16,6.584123448478637e-16
1226.4622109920506,9.737682431924012e-17,4.802017228794069e-16
1226.5156083974302,2.7859127590504435e-17,4.348494895550743e-16
1226.5690054855704,-8.540004205110131e-17,3.6461990761547673e-16
1226.6224022564763,6.284360237889247e-17,4.610309041305183e-16
1226.6757987101541,2.879845168040874e-16,6.62073986556316e-16
1226.7291948466093,-1.1154074634800389e-16,4.10647980839709e-16
1226.7825906658472,-1.0587350344053436e-16,4.669898034848032e-16
1226.835986167874,-9.24881908090888e-17,4.217370336314432e-16
1226.8893813526947,6.127268974279401e-17,4.933857909173024e-16
1226.9427762203154,2.043549994817967e-16,4.468289550557674e-16
1226.9961707707419,-3.183017691762798e-16,1.9718847515791995e-16
1227.0495650039793,-1.5301944938482674e-16,3.298591640886885e-16
1227.1029589200336,7.812060116012995e-17,4.588851904335601e-16
1227.1563525189106,-3.3346293236555317e-18,5.058530189782932e-16
1227.2097458006158,-1.3572254826400082e-16,4.002901256441474e-16
1227.2631387651547,-2.71147111161126e-16,2.660362595999788e-16
1227.3165314125333,3.4025886544117e-17,4.685145602375713e-16
1227.3699237427568,1.6746941216565893e-16,4.3402345968160787e-16
1227.423315755831,-1.5120085997671605e-16,2.546416278033992e-16
1227.4767074517617,9.337335161459209e-17,5.090977922227189e-16
1227.5300988305546,2.6556244941299615e-16,4.923464142290699e-16
1227.5834898922153,1.0009010264107398e-15,7.588167365196142e-16
1227.636880636749,5.894865573756382e-16,6.976006565383566e-16
1227.6902710641623,5.3130961623677506e-17,4.176398350112891e-16
1227.74366117446,-6.788791140017668e-17,3.2738468702333884e-16
1227.797050967648,-3.728683551005449e-17,3.6727651885108435e-16
1227.8504404437322,-2.5349496714949366e-16,2.2470575803906754e-16
1227.9038296027175,-2.2819435333269394e-18,4.3832082132854727e-16
1227.9572184446106,-5.297404263632175e-17,3.5185142151952244e-16
1228.0106069694166,3.69387145099859e-17,4.3396844853360634e-16
1228.063995177141,-1.427085961282928e-16,2.933095480773235e-16
1228.11738306779,-1.6362649908449028e-16,2.8196664076576137e-16
1228.1707706413683,1.2636489912346468e-16,4.481058047679862e-16
1228.2241578978824,5.774851337997493e-17,4.321566021354069e-16
1228.2775448373377,2.624723821174077e-16,5.31409428578174e-16
1228.33093145974,1.9231244143572207e-17,4.1471270373165035e-16
1228.3843177650947,-5.216845025880181e-17,2.7893365392612006e-16
1228.4377037534075,-2.8005982660813766e-16,1.6238426882329184e-16
1228.491089424684,2.2484489058314036e-16,5.389992784136542e-16
1228.54447477893,-1.9456576808765406e-16,2.4309829009531245e-16
1228.5978598161512,1.566147992885747e-16,4.967190353453618e-16
1228.6512445363528,-1.4312818436264385e-18,3.547092602779633e-16
1228.704628939541,4.850845489884367e-17,3.7324533527084874e-16
1228.7580130257213,4.556845245927019e-17,3.4920461851960276e-16
1228.811396794899,2.0639892029713206e-16,4.69408209345399e-16
1228.8647802470803,-9.906247635770585e-17,3.103483842176772e-16
1228.9181633822704,1.7126340436749638e-16,3.8426313429520754e-16
1228.971546200475,-5.169869491020472e-17,2.504804988328453e-16
1229.0249287017002,1.5868624059171954e-16,3.764571939633776e-16
1229.078310885951,2.4146537099630874e-16,5.500501929285398e-16
1229.1316927532334,1.8536472766414192e-16,4.984293435058991e-16
1229.185074303553,-5.089817654283144e-17,3.0505981963335205e-16
1229.2384555369154,4.59792970034584e-17,3.738946661416128e-16
1229.2918364533264,5.49622805375171e-17,3.6940369269483388e-16
1229.3452170527917,-1.8134004430686014e-16,1.8800663286676287e-16
1229.3985973353165,-7.102785753286298e-18,2.611505821890402e-16
1229.4519773009067,-4.1407236035928766e-17,2.957710055698159e-16
1229.505356949568,-1.4990556476644677e-16,2.1311243636423505e-16
1229.558736281306,-8.32157935762595e-18,2.9351548211212617e-16
1229.6121152961264,3.2587232186824285e-16,4.664766214453144e-16
1229.6654939940347,7.196106322089622e-17,3.0629238012948886e-16
1229.7188723750369,8.249068293763072e-17,4.2916174597924695e-16
1229.7722504391381,8.411579798665474e-17,3.33185187035368e-16
1229.8256281863444,2.347817103027408e-16,4.4241023036920636e-16
1229.8790056166613,1.5992487620628328e-16,4.556571492558255e-16
1229.9323827300946,9.10690808839058e-17,4.1028467200337393e-16
1229.9857595266494,-1.5297439295650954e-16,2.1468545897379436e-16
1230.039136006332,9.578511321972711e-17,3.797383357423119e-16
1230.0925121691473,-1.702373760908714e-17,2.897018223576413e-16
1230.145888015102,2.3770886214934406e-16,4.995648585338468e-16
1230.1992635442007,-1.8996934791965646e-17,2.9279112959744725e-16
1230.2526387564496,3.36648937807743e-17,2.7916800019749367e-16
1230.3060136518545,2.275108923906843e-16,3.975835815275166e-16
1230.3593882304203,2.0677447424488978e-16,4.548996994941225e-16
1230.4127624921532,3.222596903434206e-16,4.011169613372524e-16
1230.466136437059,2.5480110071559704e-16,3.985183318284646e-16
1230.519510065143,-8.201629065007647e-17,1.7627405548832372e-16
1230.572883376411,-1.5856626531180653e-16,1.3551518746543977e-16
1230.6262563708685,2.6991384550074477e-16,4.22739898507232e-16
1230.6796290485213,1.9588740881210683e-16,4.0287968493573974e-16
1230.7330014093748,8.101705167046806e-18,2.8443231220551916e-16
1230.7863734534349,1.1962019815833408e-16,2.5329399738139633e-16
1230.8397451807068,1.1552654943525707e-16,3.3484445691491653e-16
1230.8931165911968,2.754814231112795e-16,4.463615906677549e-16
1230.9464876849104,2.344475478937741e-16,4.186543132916624e-16
1230.9998584618527,2.9963148286562976e-16,4.4273977873226336e-16
1231.05322892203,-4.702696542823487e-17,1.5484084955269167e-16
1231.1065990654474,2.6346552229945227e-16,4.0756412387979844e-16
1231.159968892111,3.158133146286712e-16,3.3514427978102136e-16
1231.213338402026,1.883987313550757e-16,3.3184597765257314e-16
1231.2667075951983,2.5844926926414125e-16,4.0767177201860074e-16
1231.3200764716337,7.19869961536539e-18,1.8566630337076443e-16
1231.3734450313377,1.6657492097544614e-17,2.515133949139137e-16
1231.4268132743155,-4.4298598045375936e-17,1.841672467062934e-16
1231.4801812005735,1.2966523286545092e-16,3.055618791345544e-16
1231.5335488101164,4.034766734761055e-17,2.6402703371140933e-16
1231.5869161029507,9.311938469887557e-17,2.738337320608211e-16
1231.640283079082,2.0059749609173256e-16,3.745256521180596e-16
1231.6936497385154,1.06972939063902e-16,3.251536459351146e-16
1231.747016081257,1.1216411223522838e-16,2.861816023389311e-16
1231.800382107312,1.6574395537633303e-16,2.7093743068717076e-16
1231.8537478166866,-5.4990526836918535e-18,1.8572378088326187e-16
1231.9071132093861,1.7113709891523684e-16,3.209061010517651e-16
1231.960478285416,2.0778083788674083e-16,3.149624673980107e-16
1232.013843044782,1.413692030080417e-16,2.9846277486067564e-16
1232.06720748749,2.62517589079433e-16,3.2394203911951795e-16
1232.1205716135453,2.9846816142835483e-16,4.3997468486829693e-16
1232.173935422954,3.115736294920972e-16,4.1537129336359763e-16
1232.2272989157211,4.543985519453488e-16,4.90166647440789e-16
1232.2806620918527,2.6973593520997966e-17,3.3960723461737324e-16
1232.3340249513544,4.642011361023792e-16,4.914651872640267e-16
1232.3873874942317,1.4150388524007968e-16,3.0002212393147317e-16
1232.4407497204902,4.1085635817137454e-17,1.9101500484666024e-16
1232.4941116301359,4.791989052228691e-16,5.729626051979551e-16
1232.547473223174,3.09254718948742e-16,3.7589613690919984e-16
1232.6008344996105,-4.7347081834048033e-17,1.0110358790991634e-16
1232.6541954594506,2.6462819702877127e-17,1.85887495730913e-16
1232.7075561027,3.2339073374731583e-16,3.9187247425837253e-16
1232.7609164293647,2.5359471013708873e-16,3.5415897155558347e-16
1232.8142764394502,2.1618652500694102e-16,2.8990881268193236e-16
1232.867636132962,1.3609240735227497e-16,2.5399240867127826e-16
1232.920995509906,3.006698075701498e-17,1.6473726699073478e-16
1232.9743545702875,1.446891643814773e-16,2.4745724772879405e-16
1233.0277133141121,4.748903514148019e-16,4.503540291735261e-16
1233.081071741386,2.1806072564529996e-16,2.553881063165543e-16
1233.1344298521142,4.6961916193718746e-17,1.8101057036435148e-16
1233.1877876463025,2.1656274956738482e-16,3.592276738160052e-16
1233.2411451239566,1.0356469766729872e-16,2.2687380238135156e-16
1233.2945022850822,2.0615332812895924e-18,1.363336603504502e-16
1233.3478591296848,3.101859234038158e-16,3.8531477750034175e-16
1233.4012156577703,2.1106435516804702e-16,2.8811104447672807e-16
1233.4545718693441,2.334470387759154e-16,2.9925486958796207e-16
1233.5079277644118,1.9708733404685026e-16,2.9552866702006924e-16
1233.5612833429793,3.081081561363535e-16,3.2962878933268793e-16
1233.6146386050518,1.4541875327395664e-16,2.70232066270674e-16
1233.6679935506352,1.8350795157340033e-16,2.3312441457231657e-16
1233.7213481797353,4.718745742365988e-16,3.4029088902378156e-16
1233.7747024923574,7.303706989999458e-17,1.8190316873524128e-16
1233.8280564885072,3.0348299206178013e-16,3.301592791319969e-16
1233.8814101681905,3.5492833381774223e-16,3.446555761843118e-16
1233.9347635314127,2.5583300035214495e-16,2.572487620372264e-16
1233.9881165781796,3.154475415574418e-16,3.485858912776538e-16
1234.0414693084967,5.321893909130096e-16,4.659767148179021e-16
1234.09482172237,5.330024949325451e-16,3.3632557220402633e-16
1234.1481738198047,4.1147493656304994e-16,3.9390418401569726e-16
1234.2015256008067,3.379678762812938e-16,3.891141649708982e-16
1234.2548770653812,3.2991184137788893e-16,3.790835121560011e-16
1234.3082282135347,5.220593012795331e-16,4.2237521344582687e-16
1234.3615790452716,4.0763852714247406e-16,3.507983677231675e-16
1234.4149295605987,1.2399330183766207e-16,2.1049257817186462e-16
1234.468279759521,3.55786006673595e-16,4.2900104493454444e-16
1234.521629642044,2.3196245982009566e-16,2.964648024562157e-16
1234.5749792081742,3.0518385555125157e-16,3.326434671869513e-16
1234.628328457916,1.7667940269695306e-16,2.239875471147277e-16
1234.6816773912758,1.5551591966505923e-16,2.122935587190803e-16
1234.7350260082592,4.920595214937396e-16,4.716934765608103e-16
