trappist-1/STIS/new_bk_means/TRAPPIST-1_G140M_newbk_mean_2017-09.ecsv
# %ECSV 0.9
# ---
# datatype:
# - name: WAVELENGTH
#   unit: Angstrom
#   datatype: float64
# - name: FLUX
#   unit: erg / (Angstrom cm2 s)
#   datatype: float64
# - name: ERROR
#   unit: erg / (Angstrom cm2 s)
#   datatype: float64
# delimiter: ','
# schema: astropy-2.0
WAVELENGTH,FLUX,ERROR
1194.5165153877554,2.3854269477247446e-18,6.32929473259232e-16
1194.570097481626,9.011630943014238e-18,5.102989176686832e-16
1194.6236792541026,-7.225408331603605e-16,1.7952131534348817e-16
1194.6772607051919,-1.9173789533195343e-16,4.1448447915413444e-16
1194.7308418348994,2.1375484603013928e-16,6.468622436176807e-16
1194.784422643231,5.641799668241483e-16,1.10279596893598e-15
1194.8380031301922,4.482436957605237e-16,1.0363366831991142e-15
1194.8915832957891,1.420315317175949e-16,9.507079492075772e-16
1194.9451631400275,3.872746096340766e-17,9.412891349251713e-16
1194.998742662913,6.116754118862289e-16,1.2577146546962947e-15
1195.0523218644512,-1.0312890982949389e-15,1.004360549335383e-15
1195.1059007446481,-8.126159216454332e-16,1.2335527093867693e-15
1195.15947930351,9.112482351329955e-17,1.5659785505882413e-15
1195.2130575410415,2.9908616411539637e-16,1.6185837683177887e-15
1195.2666354572495,-1.2375445728923098e-15,1.1285789326676226e-15
1195.320213052139,-1.2928497737542172e-15,1.1299881006526777e-15
1195.3737903257163,-1.1678548764948626e-15,1.2336115964493012e-15
1195.4273672779868,-1.5171836764772827e-15,1.0555940699745195e-15
1195.480943908957,-1.0998621151253897e-15,1.1898564698332814e-15
1195.5345202186318,-1.314082727812527e-15,1.214066657002704e-15
1195.5880962070173,-1.1527319079046274e-15,1.2862848509324361e-15
1195.641671874119,-9.317305137802628e-16,1.4132965840529259e-15
1195.6952472199434,-4.0790823528412983e-16,1.5274945005432915e-15
1195.7488222444958,-4.973164750103792e-16,1.5788350880959615e-15
1195.802396947782,-6.580004277846726e-16,1.4435998741700056e-15
1195.855971329808,-6.363728510447229e-16,1.400464598454399e-15
1195.9095453905795,-8.317875726190473e-16,1.3756234311003862e-15
1195.963119130102,-1.0173615094453282e-15,1.3401926309118853e-15
1196.0166925483813,-1.0641401349168225e-15,1.2489408897461339e-15
1196.0702656454234,-5.847545744874845e-16,1.4614067627465025e-15
1196.1238384212343,-9.679539068814107e-16,1.3185198972237318e-15
1196.1774108758193,-8.527699168628257e-16,1.4682407474028494e-15
1196.2309830091845,-8.778112291008218e-16,1.4577485396684782e-15
1196.2845548213352,-9.340103818518394e-16,1.2233600874276096e-15
1196.3381263122778,6.397353232431087e-18,1.6498998455286523e-15
1196.3916974820181,-4.2099301827975234e-16,1.5499609985745968e-15
1196.4452683305615,-3.524247534128123e-16,1.5946360524761949e-15
1196.4988388579134,-2.2609531900525446e-16,1.648724977385072e-15
1196.5524090640804,-8.135807443546365e-16,1.484113410289554e-15
1196.6059789490675,-3.336824989653117e-16,1.6352145982181221e-15
1196.6595485128817,-4.1017634406820727e-16,1.6499293462150206e-15
1196.7131177555275,-3.5232880502327437e-16,1.6369054681118642e-15
1196.7666866770112,-6.362613278179132e-16,1.5604834334323685e-15
1196.8202552773387,-5.313535065661597e-17,1.6901702468398226e-15
1196.8738235565152,2.667507473278903e-16,1.7389769975235347e-15
1196.9273915145473,-2.0515524876637156e-16,1.58260478017179e-15
1196.98095915144,-3.2573180775515325e-16,1.5764306859823868e-15
1197.0345264671996,-9.904131120980824e-17,1.72504866263597e-15
1197.0880934618317,1.1769285817811043e-16,1.7496608516671528e-15
1197.1416601353424,9.490769329150081e-19,1.6932172755146018e-15
1197.1952264877366,5.922242176466343e-16,1.9309201889501435e-15
1197.2487925190212,-1.7308113850750962e-16,1.6953974555407097e-15
1197.302358229201,-4.1176457531938924e-16,1.5528010148294569e-15
1197.355923618282,2.8676270476325387e-16,1.8013977910194963e-15
1197.4094886862708,3.2509155195609657e-16,1.8461785161587414e-15
1197.463053433172,1.261108521555839e-16,1.7968967255171708e-15
1197.516617858992,4.746627752322164e-16,1.7836308834144227e-15
1197.5701819637366,4.286907391716199e-16,1.8488017480268953e-15
1197.6237457474115,2.885484348135577e-16,1.849446760060632e-15
1197.6773092100223,2.780415980081411e-16,1.7055008528619892e-15
1197.730872351575,1.7419544416737749e-16,1.7877049115437895e-15
1197.7844351720753,7.747666356478184e-16,1.889574572438312e-15
1197.837997671529,-2.8679417414084755e-16,1.5643500819289377e-15
1197.8915598499416,8.19182504616675e-16,1.8740326083120453e-15
1197.9451217073195,5.347646924796818e-16,1.9480906413341685e-15
1197.9986832436673,1.175519796084143e-16,1.7584835796680068e-15
1198.0522444589924,-9.265972492766816e-17,1.715259190011736e-15
1198.105805353299,-9.656230910616828e-17,1.6822935146209207e-15
1198.159365926594,4.8523043622802965e-16,1.871279974668699e-15
1198.2129261788825,3.542221412393705e-16,1.832488112471869e-15
1198.2664861101707,-7.177945557606753e-17,1.6075892517125094e-15
1198.3200457204643,4.902036179056743e-16,1.8475345911919355e-15
1198.3736050097689,2.4821598177937905e-15,2.368168031818806e-15
1198.42716397809,8.506904784265859e-16,2.0092612891035972e-15
1198.480722625434,4.242523034385905e-16,1.9024437515639115e-15
1198.5342809518067,1.9114489897750817e-15,2.166934544358661e-15
1198.587838957213,9.833822314958004e-16,1.9878435350100415e-15
1198.6413966416594,6.692001883112865e-16,1.9420391546212e-15
1198.6949540051517,7.468299137092624e-16,2.0421867175268974e-15
1198.7485110476953,3.1533805690904247e-16,1.874786746113429e-15
1198.8020677692962,3.811211705945472e-17,1.8370056781655874e-15
1198.8556241699598,4.482339525230892e-16,1.992342883810178e-15
1198.9091802496926,-2.8892191744053736e-16,1.7900307738759713e-15
1198.9627360084999,5.291183512003158e-16,1.9322748534778803e-15
1199.0162914463872,5.939674988544904e-16,1.9007635469772825e-15
1199.0698465633607,1.9624482600584948e-16,1.8666179381254455e-15
1199.123401359426,3.444496437705432e-16,1.808452267387993e-15
1199.176955834589,1.4511615059554003e-15,2.1186144553768944e-15
1199.2305099888554,9.194074128938853e-16,1.967989181486664e-15
1199.284063822231,-3.943783070738854e-16,1.6790552605936267e-15
1199.3376173347215,-2.6679845432160762e-16,1.6332197625438614e-15
1199.3911705263326,4.4374699714935405e-16,1.9414798270294845e-15
1199.4447233970702,9.930215095925248e-16,1.9335595997882203e-15
1199.49827594694,3.626821931027541e-16,1.833617056865168e-15
1199.551828175948,2.3711310791197384e-16,1.893397204576242e-15
1199.6053800840996,6.398887858907117e-17,1.7467683294112736e-15
1199.6589316714005,6.317564536797589e-16,1.971315136066933e-15
1199.7124829378567,4.863852712674594e-16,1.883955235046721e-15
1199.7660338834744,6.149273368387169e-16,1.891718549911098e-15
1199.8195845082587,5.926006039828125e-16,1.939414953926217e-15
1199.8731348122155,6.6970395274594e-16,2.000458896568877e-15
1199.9266847953509,-7.507462013105431e-17,1.724741362691823e-15
1199.9802344576701,1.350500269827945e-16,1.7514032147258549e-15
1200.0337837991797,5.397998789415481e-17,1.8126068261932557e-15
1200.0873328198843,7.846372366634276e-16,2.0095642144229963e-15
1200.1408815197908,5.69133348063208e-16,1.9316597985165206e-15
1200.1944298989044,5.825300190091799e-16,1.9664247389468104e-15
1200.247977957231,3.7930149274475193e-16,1.832258926235746e-15
1200.3015256947758,9.669952727203442e-17,1.9217283484944827e-15
1200.3550731115458,3.021360279341591e-16,1.93500030327475e-15
1200.4086202075455,1.5331391923759545e-16,1.877216810241844e-15
1200.4621669827818,4.980983812271277e-17,1.7494747425431347e-15
1200.5157134372594,6.646147404577523e-16,1.9293002729191293e-15
1200.5692595709847,7.276529182387236e-16,1.922749484051153e-15
1200.6228053839632,1.784688154314478e-16,1.8229416693707273e-15
1200.6763508762008,8.363047876597767e-16,1.98399000966649e-15
1200.7298960477033,1.6354864079159756e-15,2.1874162184713795e-15
1200.7834408984763,4.503182774068669e-16,1.8505324628131782e-15
1200.8369854285258,8.439010636575021e-18,1.909662371721257e-15
1200.8905296378573,4.2127311012975773e-16,1.920331684517048e-15
1200.9440735264768,2.8658409005245503e-16,1.841880293477508e-15
1200.99761709439,6.510291239466872e-16,1.9452791745951354e-15
1201.0511603416026,5.398953399003595e-16,1.855153465895556e-15
1201.1047032681201,3.818757091993462e-16,1.8884677033508473e-15
1201.1582458739488,6.549240233273208e-16,2.0191567601910263e-15
1201.211788159094,-2.347664947215025e-16,1.789689829789894e-15
1201.265330123562,1.7397737773789718e-17,1.805751103934995e-15
1201.318871767358,3.874286007462631e-16,1.87504108026309e-15
1201.372413090488,1.1730940270035077e-15,2.0938008726742255e-15
1201.4259540929577,1.215892488765465e-15,2.0438762638734383e-15
1201.479494774773,2.7727239807086504e-16,1.869219986939907e-15
1201.5330351359391,6.679023028746384e-16,1.9496938856557758e-15
1201.5865751764627,2.0275473081885996e-16,1.905460924724899e-15
1201.6401148963494,1.0853136155360708e-16,1.807722560565892e-15
1201.6936542956041,5.161263618132402e-16,1.93949442445836e-15
1201.7471933742333,2.67705248459147e-16,1.8131537508830935e-15
1201.8007321322425,-3.842387457564785e-16,1.7336993486101323e-15
1201.8542705696377,5.550187717957581e-16,1.94280675906989e-15
1201.9078086864242,1.1529059839182261e-15,2.0285784002693516e-15
1201.9613464826084,1.2444489370938115e-15,2.0623262812118067e-15
1202.0148839581955,1.6175761222535114e-15,2.288279912988003e-15
1202.0684211131913,-1.3910591371391732e-15,1.8999435548495224e-15
1202.1219579476021,1.2159004064611753e-15,2.0687918700425735e-15
1202.1754944614331,1.2054077744578398e-15,2.1225305699914867e-15
1202.2290306546902,6.085077517534491e-16,1.9290865854941608e-15
1202.2825665273792,5.460877121392499e-16,1.9256710466318974e-15
1202.336102079506,4.804836640425144e-16,1.878932611586583e-15
1202.3896373110763,-5.4772232307897097e-17,1.7302406514987992e-15
1202.4431722220954,9.60425105698951e-16,2.017169173464351e-15
1202.4967068125698,7.674437294410228e-16,1.964316791053702e-15
1202.5502410825047,9.06261178355844e-16,2.0079378753109126e-15
1202.6037750319063,1.2706264687708367e-15,2.09840632050034e-15
1202.6573086607798,6.204814095746126e-16,1.8588776689606915e-15
1202.7108419691313,2.909319074234304e-16,1.835471289304921e-15
1202.7643749569665,3.0884066417492055e-16,1.882212459940205e-15
1202.8179076242914,7.984392627029182e-16,2.0372598471407168e-15
1202.8714399711116,5.511049809222781e-16,1.8859602717223756e-15
1202.9249719974325,1.2016178221106439e-15,1.915327779923996e-15
1202.9785037032605,1.2628822000273679e-15,2.0014742277148054e-15
1203.0320350886004,1.2282197638657591e-15,1.982316504420683e-15
1203.0855661534592,5.62320615362373e-16,1.801345721355493e-15
1203.1390968978417,7.281682586763515e-16,1.924987100481995e-15
1203.1926273217541,3.958730443950044e-16,1.846046723616657e-15
1203.246157425202,4.630263603586246e-16,1.916160237819404e-15
1203.2996872081912,6.411235417513088e-16,1.9130013943535086e-15
1203.3532166707273,3.2166089769121847e-16,1.883909824395533e-15
1203.4067458128166,5.362986435314065e-16,1.9648997455886268e-15
1203.4602746344642,8.48136826727174e-16,2.0136086718834435e-15
1203.513803135676,9.590771117168344e-16,2.0771391858264807e-15
1203.5673313164577,8.413161008355795e-16,1.9860722768944703e-15
1203.6208591768157,1.6029122165127284e-15,2.0881293966317114e-15
1203.6743867167547,1.743184515156176e-15,2.125460686281601e-15
1203.7279139362818,1.1318997392893116e-15,1.9938624142092687e-15
1203.7814408354013,4.964142532909145e-16,1.8268564897707674e-15
1203.8349674141198,-3.3789947708186307e-16,1.6484978362203432e-15
1203.888493672443,5.164769801579742e-16,1.986033870969969e-15
1203.9420196103765,-9.578942155792486e-17,1.9619039394620397e-15
1203.995545227926,3.02132069180533e-16,1.871819952914537e-15
1204.0490705250972,2.013515864195365e-15,2.0974904633342784e-15
1204.1025955018965,1.1474611066062592e-15,2.0424983572987946e-15
1204.1561201583288,-5.043293541695552e-16,1.5387166382714372e-15
1204.2096444944002,3.500486696013777e-16,1.7804016732669562e-15
1204.2631685101164,1.2924675075877226e-15,2.0259044510314104e-15
1204.3166922054834,7.329622159988236e-16,1.9561982136289483e-15
1204.3702155805067,1.1613412266824449e-15,1.9763049589125186e-15
1204.4237386351922,1.420743689547765e-15,2.062554670258109e-15
1204.4772613695454,3.207768377457308e-16,1.7837162613474364e-15
1204.5307837835721,3.3536525931401324e-16,1.787743635103405e-15
1204.5843058772787,4.343084796074847e-16,1.826494721038354e-15
1204.6378276506698,9.427712873181686e-16,1.971817624548087e-15
1204.691349103752,2.974024722658052e-16,1.812680768814526e-15
1204.744870236531,1.1513756627548332e-16,1.8477810188917932e-15
1204.798391049012,2.637239413885749e-16,1.868227735973417e-15
1204.8519115412012,2.1003939605930564e-16,1.7888924909324633e-15
1204.9054317131045,7.514479378222683e-16,1.9686920799432435e-15
1204.9589515647274,1.3956699817933929e-15,2.057552337087722e-15
1205.0124710960756,1.3537515541306308e-15,2.0435406580782547e-15
1205.0659903071548,1.2842726801441805e-15,1.9218415020929484e-15
1205.119509197971,6.533350010435368e-16,1.8890468310932906e-15
1205.1730277685297,2.774151115507869e-16,1.790885413748943e-15
1205.2265460188366,9.895180728949792e-16,1.9235126148479146e-15
1205.280063948898,1.2039583356997047e-15,1.9782733378625292e-15
1205.3335815587193,9.202093551983549e-16,1.8959164057351005e-15
1205.387098848306,2.6808070587728933e-16,1.8091507666479522e-15
1205.4406158176641,2.355180561606782e-16,1.7259940495358628e-15
1205.494132466799,1.352440084498924e-16,1.6823295530669476e-15
1205.5476487957174,7.768441298717067e-16,1.9249983841966148e-15
1205.6011648044241,4.456918049882719e-16,1.8693478273192703e-15
1205.654680492925,4.675009601105319e-16,1.8524427119293827e-15
1205.708195861226,2.2091897255589702e-16,1.8031170682016974e-15
1205.761710909333,-1.3632871863502088e-16,1.7164294387754998e-15
1205.8152256372516,2.318511770903474e-16,1.7986221753532626e-15
1205.8687400449876,-3.706634143207569e-17,1.6841382757622241e-15
1205.9222541325464,2.0966665649119733e-16,1.7100460748675899e-15
1205.9757678999342,1.1147653382061234e-15,1.9388916215513817e-15
1206.029281347157,1.0083813289136693e-15,1.9235563389075838e-15
1206.0827944742196,5.929487803597665e-16,1.7946019385735617e-15
1206.1363072811282,3.813233682798821e-16,1.7976106387008505e-15
1206.1898197678888,1.1345545482907536e-15,1.908701775552017e-15
1206.243331934507,1.0689650734988448e-16,1.7584502893751878e-15
1206.2968437809889,4.929834074329287e-16,1.8311311786047705e-15
1206.3503553073394,8.173401181626632e-16,1.830841310654932e-15
1206.4038665135647,8.199978573049434e-16,1.8587511195787253e-15
1206.4573773996708,4.3637283516275503e-16,1.812171275010954e-15
1206.5108879656627,8.497442652691075e-16,1.8999698579372873e-15
1206.5643982115473,4.402266216972898e-16,1.8700272932448624e-15
1206.617908137329,5.734732947515841e-16,1.811786333848008e-15
1206.671417743015,8.458607335128308e-16,1.8533496949324685e-15
1206.7249270286097,6.375749030727806e-16,1.7883051764259092e-15
1206.7784359941195,1.0264256510262696e-15,1.9225250099564535e-15
1206.83194463955,1.5625661537764846e-15,2.067516503279411e-15
1206.8854529649075,5.410641631817267e-16,1.78801601409235e-15
1206.9389609701966,1.687812029111067e-16,1.70383325755455e-15
1206.992468655424,3.089991761085975e-16,1.766499577225717e-15
1207.0459760205954,6.287451164612526e-16,1.853023519033339e-15
1207.099483065716,6.992382487261172e-16,1.8129518920452722e-15
1207.1529897907917,8.857722514016477e-16,1.9906088140130952e-15
1207.2064961958288,1.0488303347098705e-16,1.816387838422509e-15
1207.2600022808322,3.549967006041768e-16,1.7642962860557844e-15
1207.313508045808,3.6533546391556185e-16,1.7270843839228923e-15
1207.367013490762,4.778478806302069e-16,1.852504500944799e-15
1207.4205186157003,1.1315510823177692e-15,1.96531526063027e-15
1207.474023420628,1.7416146191067464e-15,2.0630983997759795e-15
1207.5275279055513,7.722611484918138e-16,1.8470309804309005e-15
1207.5810320704754,-4.84004105907879e-17,1.6826960460043178e-15
1207.6345359154068,1.2115878462907593e-15,1.91455453304766e-15
1207.6880394403506,2.5997426039547576e-15,2.170540132999662e-15
1207.741542645313,1.3518828838278247e-15,1.9024794295519256e-15
1207.7950455302994,4.696538165470448e-16,1.8465199074903553e-15
1207.8485480953157,1.1525830376730928e-15,1.962640182963283e-15
