trappist-1/STIS/new_bk_means/TRAPPIST-1_G140M_newbk_mean_2017-11.ecsv
# %ECSV 0.9
# ---
# datatype:
# - name: WAVELENGTH
#   unit: Angstrom
#   datatype: float64
# - name: FLUX
#   unit: erg / (Angstrom cm2 s)
#   datatype: float64
# - name: ERROR
#   unit: erg / (Angstrom cm2 s)
#   datatype: float64
# delimiter: ','
# schema: astropy-2.0
WAVELENGTH,FLUX,ERROR
[from data line 250]
1208.1263299524821,3.9484058307647035e-17,1.7444117311228378e-15
1208.1799682729868,8.445618085073371e-16,1.9490514981777894e-15
1208.233606349096,4.717445530945811e-16,1.6640428450930988e-15
1208.2872441808122,5.118102056751959e-16,1.7489052099973724e-15
1208.3408817681393,6.593917809870771e-16,1.713806489914247e-15
1208.3945191110804,6.734358195921366e-16,1.868570519043333e-15
1208.4481562096391,4.2369539967966124e-16,1.7763451632525836e-15
1208.5017930638182,-2.32577883132784e-16,1.5600788243423654e-15
1208.5554296736218,5.894427449580181e-16,1.7621234910812631e-15
1208.6090660390525,-3.2497073219141265e-16,1.5034365734324542e-15
1208.6627021601141,-1.2259681259550873e-15,1.2782225502282236e-15
1208.71633803681,1.026090318359146e-15,1.982947389960726e-15
1208.769973669143,-4.1227347746619204e-16,1.5245940780704441e-15
1208.823609057117,-1.0961333003479022e-15,1.3993537520170748e-15
1208.877244200735,8.645890329828285e-16,1.917208208955107e-15
1208.9308791000005,1.2116481972880329e-15,1.9812301206223923e-15
1208.9845137549169,1.2408493507930314e-15,1.86414798979337e-15
1209.0381481654874,-7.319946639303649e-17,1.6707427083486628e-15
1209.0917823317154,-3.6340839799133794e-16,1.577127295626168e-15
1209.1454162536045,-4.480165833101931e-16,1.4558200105266122e-15
1209.1990499311576,1.2990894893890113e-15,1.9845147725795707e-15
1209.252683364378,8.408950090461081e-16,1.8820854317051672e-15
1209.3063165532694,-4.317366142512402e-16,1.4348818440266054e-15
1209.359949497835,-6.757204685561494e-16,1.3963105571639164e-15
1209.413582198078,-7.216901240025926e-16,1.5041493056859821e-15
1209.467214654002,6.90102943384925e-16,1.6919570336294565e-15
1209.5208468656099,1.0544305306270053e-17,1.553223973663309e-15
1209.5744788329057,1.3154302489021321e-15,1.9128985045276102e-15
1209.6281105558924,2.658815028501037e-16,1.5645889751056662e-15
1209.681742034573,7.356949537491041e-16,1.7908336991492515e-15
1209.7353732689514,-7.670606285755586e-16,1.3678401467127887e-15
1209.789004259031,8.078701159573784e-16,1.8228846989370514e-15
1209.8426350048142,-3.840392775002197e-16,1.5579083298021975e-15
1209.8962655063053,-9.006898083484618e-16,1.311808395724063e-15
1209.9498957635074,-1.5117530860691385e-16,1.627596180298745e-15
1210.0035257764234,-6.953517511412526e-16,1.3870858162031943e-15
1210.0571555450574,1.0049835618369675e-15,1.883216119494096e-15
1210.110785069412,1.647839767579942e-15,1.7779096455742724e-15
1210.1644143494912,-8.756431684746042e-16,1.404394069407763e-15
1210.2180433852977,-9.899889966382453e-16,1.193569361603898e-15
1210.2716721768352,-1.3196902027946347e-16,1.5424524795201335e-15
1210.3253007241071,-6.720499394360486e-16,1.3481286701679888e-15
1210.3789290271166,3.8320057139188367e-16,1.7558946615529922e-15
1210.4325570858668,-2.6900126709038684e-16,1.4658327566393525e-15
1210.4861849003616,9.108288959847452e-16,1.8112617190799557e-15
1210.539812470604,1.425848627560307e-15,1.8211804139756042e-15
1210.5934397965973,6.909042465751167e-16,1.7887671531711425e-15
1210.647066878345,4.2460055086012757e-16,1.711680466088411e-15
1210.7006937158499,1.1938562620819636e-16,1.6442447972449832e-15
1210.7543203091163,5.1087800822383835e-16,1.5851715947364556e-15
1210.8079466581466,-4.559617422870599e-16,1.3848373344982213e-15
1210.8615727629451,5.105015120391395e-16,1.7183664577019648e-15
1210.9151986235142,2.0109860326347165e-16,1.6989948666985975e-15
1210.9688242398577,3.5371017251140343e-16,1.5193021350102058e-15
1211.0224496119786,5.191475572079241e-16,1.6463227489555243e-15
1211.076074739881,-4.856475213988073e-16,1.3497533412943023e-15
1211.1296996235674,-7.074032989551417e-16,1.400647489159682e-15
1211.1833242630414,-4.983493470889367e-16,1.3522030831905592e-15
1211.2369486583066,5.06904766124406e-16,1.619450975354192e-15
1211.290572809366,5.081089483264512e-16,1.713420476030094e-15
1211.3441967162235,1.6261843249953017e-15,1.872334052150538e-15
1211.3978203788815,5.4449149333517e-16,1.6887547693965924e-15
1211.4514437973442,8.691344140935488e-16,1.7591263938771174e-15
1211.5050669716145,1.738284247167683e-16,1.5212084499465352e-15
1211.5586899016955,-5.871145347949725e-16,1.4261375324878935e-15
1211.6123125875913,1.98738178181456e-16,1.6339180837450835e-15
1211.6659350293046,5.17334151159116e-16,1.5436498573944709e-15
1211.7195572268388,1.0691835958159717e-16,1.534055405473789e-15
1211.7731791801975,-7.686558593962002e-17,1.6654934785058195e-15
1211.8268008893842,2.228780291355963e-16,1.5299464712026555e-15
1211.8804223544016,-9.210517263320577e-17,1.527238158631562e-15
1211.9340435752536,1.0655238492320132e-15,1.6434152257059966e-15
1211.9876645519432,-8.894214837323289e-17,1.4171334389666342e-15
1212.0412852844738,2.228048480159053e-16,1.473524151443683e-15
1212.0949057728485,-2.1347760921484068e-16,1.549767378137348e-15
1212.1485260170714,-5.666969064732773e-16,1.326042888474036e-15
1212.2021460171454,5.570500598486314e-16,1.6552326213446639e-15
1212.2557657730733,4.07697908443394e-16,1.6135225277289976e-15
1212.3093852848592,9.89010470393763e-16,1.7561417270644185e-15
1212.3630045525063,5.722557461552112e-16,1.7284138897106783e-15
1212.4166235760176,-2.404365637186929e-16,1.4570355969704538e-15
1212.4702423553965,-1.3338175347414352e-15,9.42793492282011e-16
1212.5238608906466,5.194180111679326e-16,1.6517934225109894e-15
1212.5774791817714,6.972930848277779e-16,1.788661845480179e-15
1212.6310972287733,-1.9222169203343994e-16,1.5014607570861636e-15
1212.6847150316567,-8.180206029875155e-17,1.4805902932365508e-15
1212.7383325904243,9.731692162440636e-16,1.5581225818856879e-15
1212.7919499050797,3.864248736350651e-16,1.525294736121563e-15
1212.8455669756263,3.037762082343607e-16,1.485329656043712e-15
1212.8991838020672,1.6095460139216675e-16,1.488601301489578e-15
1212.9528003844057,5.295572099361674e-16,1.660594490838031e-15
1213.0064167226453,2.60745537698828e-15,2.0282374128144014e-15
1213.0600328167895,5.220036348886564e-16,1.4760343880362835e-15
1213.1136486668415,-5.596711654829987e-16,1.215979941847851e-15
1213.1672642728042,-3.4923966307275176e-16,1.3587764772571176e-15
1213.2208796346818,9.997800429005706e-16,1.7455625359663614e-15
1213.2744947524766,1.0399750903319382e-15,1.596862463838353e-15
1213.3281096261928,-3.424393268278798e-16,1.466528070681759e-15
1213.3817242558337,-2.274646584740722e-16,1.4296362074201132e-15
1213.4353386414016,-2.9779274076985976e-16,1.3931930068153826e-15
1213.4889527829012,-9.63899524995602e-16,1.1773421651776646e-15
1213.5425666803349,4.06395346482625e-17,1.3521522069786999e-15
1213.5961803337061,3.657372450000185e-16,1.3767259198316793e-15
1213.6497937430188,2.05201570412358e-15,1.8617433648894044e-15
1213.7034069082756,2.6528873994275545e-15,1.8457259550131366e-15
1213.7570198294804,-3.465796102687122e-16,1.3487875392178543e-15
1213.8106325066362,-4.952372866569458e-16,1.2908240746343888e-15
1213.8642449397464,-2.0559310139124218e-16,1.2805841296894592e-15
1213.9178571288141,-5.073551388000802e-16,1.29300373239647e-15
1213.971469073843,4.564609392921573e-16,1.4249437119074205e-15
1214.0250807748366,8.4224812297554485e-16,1.6641452371748498e-15
1214.0786922317975,3.6694267858093785e-16,1.386890204123739e-15
1214.1323034447298,2.300435632891456e-16,1.5314203132646824e-15
1214.1859144136365,-1.7773827561717077e-16,1.4014911816023264e-15
1214.2395251385208,-4.803727625578182e-16,1.3232567164903424e-15
1214.293135619386,3.598884136761644e-16,1.5462780272851655e-15
1214.3467458562357,4.833117564793082e-16,1.4633680811129501e-15
1214.400355849073,-3.5544737506367347e-16,1.2436029579888088e-15
1214.4539655979017,-7.569674966065945e-16,1.0630451377409852e-15
1214.5075751027246,-5.850553683843965e-16,1.2233764226466747e-15
1214.5611843635454,-7.462392569062308e-16,1.2395949338756533e-15
1214.614793380367,-4.575198869803032e-16,1.2121238701492745e-15
1214.6684021531933,4.621051581413001e-16,1.5298580614011469e-15
1214.7220106820268,2.669712068695812e-17,1.4377402239670576e-15
1214.7756189668717,-3.7990121677601097e-16,1.2887142678812058e-15
1214.8292270077309,-6.106506139404489e-16,1.232755618278162e-15
1214.8828348046077,9.533887543197206e-16,1.5563858333418355e-15
1214.9364423575057,2.4819681975292098e-16,1.4869138972972182e-15
1214.9900496664281,-3.237837353974311e-16,1.2331127699672074e-15
1215.0436567313782,-3.4781777743145263e-16,1.3051361465559454e-15
1215.097263552359,1.477788056102325e-16,1.4175626471821906e-15
1215.1508701293747,6.008353671253882e-17,1.2474008261493817e-15
1215.2044764624277,2.792831131665939e-16,1.3727195007289724e-15
1215.258082551522,7.825731468362452e-16,1.5779439875995081e-15
1215.3116883966602,-1.4842255569318794e-17,1.5271696925775067e-15
1215.3652939978467,2.5025355273829873e-17,1.73551980745004e-15
1215.4188993550838,-7.483766181323074e-16,1.874625836614666e-15
1215.4725044683753,-4.378312400809681e-16,2.4038530393297728e-15
1215.5261093377246,6.940261593324841e-16,3.5515081053030874e-15
1215.579713963135,4.295656329093647e-15,4.833986206906034e-15
1215.6333183446093,-3.8701777107274382e-16,4.438229029098544e-15
1215.6869224821519,-2.1498291711792514e-15,3.2934521932438973e-15
1215.740526375765,-2.506234260473621e-15,2.371650993082936e-15
1215.7941300254527,-1.6149272916913023e-15,1.6972245557691658e-15
1215.8477334312179,-1.238054683996016e-15,1.3911103140851613e-15
1215.9013365930641,2.8381471547945207e-16,1.6902997684671266e-15
1215.9549395109946,6.183735851308038e-16,1.6128453077868403e-15
1216.008542185013,4.008278038394271e-16,1.5855264788590294e-15
1216.0621446151222,6.32866428452453e-17,1.3310372508851942e-15
1216.1157468013257,3.496773060135541e-16,1.5273073198650252e-15
1216.1693487436269,-2.141114374049697e-16,1.3524036907586834e-15
1216.2229504420288,8.157914010423332e-16,1.501634996232803e-15
1216.2765518965352,9.177627752729315e-17,1.2920306397170152e-15
1216.3301531071493,-6.57914788178399e-16,1.0574218306336535e-15
1216.3837540738743,2.590999403470413e-16,1.3076260451575076e-15
1216.4373547967136,1.2800676411304301e-15,1.697700505340068e-15
1216.4909552756706,1.1496861891699985e-15,1.6073467471474925e-15
1216.5445555107483,1.0662036656375881e-15,1.5655109857775077e-15
1216.5981555019505,8.505162644480774e-15,2.3146844563226333e-15
1216.65175524928,1.531508447288267e-14,3.1602344986797782e-15
1216.7053547527407,1.5757124581947303e-15,1.5224121586371775e-15
1216.7589540123358,-5.908842844415352e-16,1.0793541284605083e-15
1216.8125530280681,-1.0330715347764352e-15,9.31636920458838e-16
1216.8661517999417,-8.832411501977877e-16,1.0184146725649304e-15
1216.919750327959,-3.935595212582318e-16,1.0827842052228308e-15
1216.9733486121245,1.0098463137981459e-15,1.5044456685195832e-15
1217.0269466524405,1.2270147194761957e-15,1.4272525450946318e-15
1217.0805444489108,-6.185657412456867e-17,1.1376520843014077e-15
1217.1341420015387,-3.599380145200057e-16,1.0960118081457634e-15
1217.1877393103275,-5.863532852775718e-16,1.1525630502167145e-15
1217.2413363752805,-5.900595390846108e-16,1.200315787055295e-15
1217.294933196401,-8.251316227110048e-17,1.3233376892074235e-15
1217.3485297736925,-3.8874709925256493e-16,1.1787822052888832e-15
1217.402126107158,-5.030229572970491e-16,1.0838291940340413e-15
1217.4557221968012,-4.688846594468859e-16,1.0432679820228374e-15
1217.5093180426252,-6.573672367837271e-16,1.0405138290439271e-15
1217.5629136446332,-7.840178670863318e-16,1.0169400063832068e-15
1217.616509002829,-7.875285140416112e-16,9.554937656798683e-16
1217.6701041172153,-6.827161817392612e-16,1.027570923085315e-15
1217.7236989877958,-7.385860159232996e-16,1.0799846170327812e-15
1217.777293614574,-2.702950663540967e-16,1.20651015976691e-15
1217.830887997553,1.5830245923997381e-16,1.2648073133845995e-15
1217.884482136736,1.3975997189475228e-15,1.43510772670823e-15
1217.9380760321267,1.4555536073086619e-15,1.4295739085529565e-15
1217.9916696837279,-4.844274362796045e-17,1.1857564517107835e-15
1218.0452630915436,2.492326765312178e-16,1.3522720283758561e-15
1218.0988562555763,5.037884988149776e-16,1.2221363434383716e-15
1218.15244917583,1.1511593923409105e-15,1.3385540206215481e-15
1218.2060418523079,8.46303511733077e-16,1.4392094373687226e-15
1218.2596342850131,-2.5144063748294183e-17,1.1629400893848403e-15
1218.3132264739488,-1.4014190264369964e-16,1.2975500898807833e-15
1218.3668184191192,-5.871812532257702e-16,9.746781680488356e-16
1218.4204101205266,-2.996147347528691e-16,1.1032100823605247e-15
1218.4740015781747,-5.568763288989742e-16,1.0921188009619012e-15
1218.527592792067,-1.2490919483334369e-15,8.07652575049907e-16
1218.5811837622068,-9.565466994666566e-16,1.0128041197692584e-15
1218.634774488597,-4.301965210640625e-17,1.1317846756671966e-15
1218.6883649712415,2.5434866015727784e-16,1.2181543287672777e-15
1218.7419552101435,-7.450537215478059e-17,1.1321640882152408e-15
1218.7955452053054,3.31193876022678e-16,1.2484934904283543e-15
1218.849134956732,1.3018943302352274e-16,1.2689396295739902e-15
1218.902724464426,-2.894706112570119e-16,1.1322545352279275e-15
1218.9563137283906,-1.419423453644186e-16,1.1704617159975114e-15
1219.009902748629,-6.022085433005176e-16,9.87108109642414e-16
1219.0634915251446,-7.339813445896532e-16,9.830950777891333e-16
1219.1170800579412,-5.27861248564381e-16,1.0464336853702243e-15
1219.1706683470215,-5.678698987848928e-16,9.736203373416866e-16
1219.2242563923892,-7.377330415930574e-16,8.98274606630514e-16
1219.2778441940477,-3.071138977045768e-16,1.015300115797607e-15
1219.3314317519996,1.3546714433031382e-16,1.1923379182747322e-15
1219.3850190662492,-8.545480055376466e-17,1.155141689651791e-15
1219.4386061367993,-2.653832087414558e-16,1.049801633045976e-15
1219.4921929636535,5.449566184102855e-16,1.3219675444044003e-15
1219.5457795468149,9.907992879893125e-16,1.3793957523175425e-15
1219.5993658862867,4.572426994800685e-16,1.143591460274837e-15
1219.6529519820724,3.1523031180458424e-16,1.1508348060902515e-15
1219.7065378341754,1.830554768972666e-15,1.4463806813998583e-15
1219.7601234425988,1.0953413444386526e-15,1.2589596693673327e-15
1219.8137088073463,-1.4357705370879572e-17,1.1594229092292664e-15
1219.8672939284206,7.245205825848899e-16,1.359876215104565e-15
1219.9208788058259,-3.93291335732881e-16,9.239703263499398e-16
1219.9744634395647,-4.307977697491249e-16,9.45976509581171e-16
1220.0280478296409,-4.866928425216853e-16,9.48414491561159e-16
1220.0816319760572,-3.1912805041244535e-16,1.0873678528210506e-15
1220.1352158788177,2.4726582860999374e-16,1.2496640994966696e-15
1220.1887995379252,1.7453209860393211e-16,1.0621949519047452e-15
1220.242382953383,3.880447037604383e-15,1.6876828085616582e-15
1220.2959661251948,3.294457571085595e-15,1.7528995927046581e-15
1220.3495490533635,9.154134746228125e-16,1.3689328057019277e-15
1220.4031317378929,7.762423601036312e-16,1.4046879593306248e-15
1220.4567141787861,6.46732750727913e-16,1.2663633410000817e-15
1220.510296376046,7.57870394402468e-17,1.0918077357801926e-15
1220.5638783296768,-1.5613590887184697e-16,1.0514817601346625e-15
1220.6174600396807,1.159333059470761e-17,1.0817758903059155e-15
1220.671041506062,-1.671583128332644e-16,1.0078536127453075e-15
1220.7246227288238,-1.2778861234092896e-16,1.003619386316032e-15
1220.778203707969,-3.1753172857741295e-16,9.607559730062598e-16
1220.8317844435014,-3.155519200806364e-16,1.0657921151183884e-15
1220.885364935424,-2.1052118078675894e-16,1.0304254238022047e-15
1220.9389451837403,2.7177870019446273e-16,1.096781911768261e-15
1220.9925251884536,-8.46611693433802e-17,1.0187215874740011e-15
1221.046104949567,-1.1604737027539498e-16,1.0255184759887104e-15
1221.0996844670847,-4.163521919648429e-16,9.707389615430747e-16
1221.1532637410087,-2.3246628236801113e-16,1.0429401514319392e-15
1221.2068427713432,-1.8634169727559967e-16,1.0298471349252082e-15
1221.2604215580914,-1.453997491585843e-16,1.0551615908510276e-15
1221.3140001012562,-4.3626734716493796e-17,1.063425041260753e-15
1221.3675784008412,1.2681247348184984e-16,1.1392354254564467e-15
1221.42115645685,3.617421361114967e-16,1.2171342179404624e-15
