trappist-1/STIS/new_bk_means/TRAPPIST-1_G140M_newbk_mean_2018-12.ecsv
# %ECSV 0.9
# ---
# datatype:
# - name: WAVELENGTH
#   unit: Angstrom
#   datatype: float64
# - name: FLUX
#   unit: erg / (Angstrom cm2 s)
#   datatype: float64
# - name: ERROR
#   unit: erg / (Angstrom cm2 s)
#   datatype: float64
# delimiter: ','
# schema: astropy-2.0
WAVELENGTH,FLUX,ERROR
[from data line 756]
1234.911649030271,4.767233850167253e-16,4.3997103345227846e-16
1234.9649964805674,4.224585394128871e-16,3.8683365767885375e-16
1235.0183436493444,3.307624917281671e-16,3.768579891411231e-16
1235.0716905366062,2.5354654238737687e-16,2.8840463858806186e-16
1235.1250371423575,4.405269076711774e-16,4.2724757706040473e-16
1235.1783834666028,1.7933963888761446e-16,2.4100335012684293e-16
1235.2317295093465,1.3439701832375495e-16,2.0709014769694507e-16
1235.2850752705926,1.1083479484026202e-16,2.0009394855599516e-16
1235.3384207503464,1.560005739739414e-16,2.4876996617497317e-16
1235.3917659486117,1.8360447002927002e-16,2.4109058506685456e-16
1235.445110865393,3.449762460457365e-16,3.470278640497402e-16
1235.4984555006952,1.427646271029821e-16,2.1070637636066783e-16
1235.5517998545222,2.801836324660046e-17,1.2467715345119337e-16
1235.605143926879,3.6839557735424403e-16,3.2520106678203703e-16
1235.6584877177697,2.561647922722264e-16,2.928297186927056e-16
1235.711831227199,1.8132523339792457e-16,2.5350544203769564e-16
1235.7651744551708,8.242583779106538e-17,1.6176466352963012e-16
1235.8185174016903,3.628524999988371e-16,3.4300372428499375e-16
1235.8718600667617,2.9638562860298267e-16,3.1009117133065606e-16
1235.925202450389,2.0051586937081429e-16,2.4656273211041617e-16
1235.9785445525774,1.7355563200812758e-16,2.121720837271332e-16
1236.0318863733307,2.4765025360372497e-16,2.6027683681765015e-16
1236.0852279126536,2.576594402074069e-16,2.5636803013712786e-16
1236.1385691705507,3.7848379666607285e-16,3.9043366582564825e-16
1236.1919101470262,2.0704865541037908e-16,2.268633771035702e-16
1236.2452508420847,1.614185820201903e-16,2.287915956573453e-16
1236.2985912557308,1.9771765754141287e-16,2.494198575207576e-16
1236.3519313879688,2.3074481504541295e-16,1.9194167313345845e-16
1236.4052712388032,1.7714947509613057e-16,1.6725520297033996e-16
1236.458610808238,2.6292610070493486e-16,2.665446399025514e-16
1236.5119500962787,2.0492579473720788e-16,2.444021373653562e-16
1236.5652891029288,3.230785430920788e-16,3.508726539466189e-16
1236.618627828193,3.4058769014442253e-16,3.5825336349727977e-16
1236.6719662720757,2.0350414023303826e-16,2.1971892559547868e-16
1236.7253044345816,1.2396299490767345e-16,1.7463010147744558e-16
1236.7786423157152,8.479395565470147e-17,1.4453736172447815e-16
1236.8319799154806,1.457381558010731e-16,2.280188545402789e-16
1236.8853172338825,1.718665985886842e-16,2.387606315426783e-16
1236.9386542709253,3.990603567475554e-17,1.2497621494458797e-16
1236.9919910266133,1.2477106843691379e-16,1.74298686875304e-16
1237.045327500951,1.8181353542555473e-16,2.0806632540792223e-16
1237.0986636939433,6.185811799016319e-17,1.2728985411852384e-16
1237.1519996055943,3.3731465252070336e-16,3.118726342297019e-16
1237.2053352359083,1.493300329368834e-16,1.7076416820945796e-16
1237.2586705848898,1.6236411291760885e-16,2.198963295119815e-16
1237.3120056525436,9.735486888868709e-17,1.3323063719208082e-16
1237.3653404388735,2.0039258333859742e-16,2.319450093008652e-16
1237.4186749438845,1.9755734825110327e-16,2.0322227006485836e-16
1237.4720091675813,2.5655634356081216e-16,2.498783342768263e-16
1237.5253431099677,2.602014046386208e-16,2.6188530997871324e-16
1237.5786767710483,1.4404082606289506e-16,1.8295937586069432e-16
1237.6320101508275,1.470051893752118e-16,1.914788706352121e-16
1237.6853432493103,3.348687068192675e-16,2.331853525250262e-16
1237.7386760665004,4.995978273113632e-16,4.094972231903147e-16
1237.7920086024028,3.6204395424541647e-16,3.6507042576183074e-16
1237.8453408570217,3.3557598859415343e-16,3.2517710448695373e-16
1237.8986728303616,2.1827546018156647e-16,2.358863010313507e-16
1237.9520045224272,2.2741276688136327e-16,2.272351278143067e-16
1238.0053359332223,2.0434610021138245e-16,1.8334880582860446e-16
1238.0586670627522,1.5203898379832575e-16,1.3658249729537048e-16
1238.1119979110206,1.8795703367557055e-16,1.7004568155794986e-16
1238.1653284780325,1.6764482266645305e-16,1.8519670230262257e-16
1238.218658763792,2.1898930425243164e-16,2.3915412181436632e-16
1238.2719887683036,1.792990702499325e-16,1.9706301344740806e-16
1238.325318491572,1.6980316461106817e-16,1.6624038903028486e-16
1238.3786479336013,2.575210448602833e-16,2.35396044524772e-16
1238.4319770943962,9.208583393950828e-17,1.1811344161998743e-16
1238.485305973961,1.7613884138850346e-16,1.5077673589486205e-16
1238.5386345723,2.486022676531144e-16,1.7301982955279732e-16
1238.5919628894183,2.1426528402446585e-16,2.182568370702903e-16
1238.6452909253196,1.6879042615515582e-16,2.050735883202268e-16
1238.6986186800086,2.1723850568938538e-16,1.6842569399446e-16
1238.75194615349,2.287351614271385e-16,1.9964026053785353e-16
1238.8052733457682,7.813106317862989e-17,9.979261440674627e-17
1238.858600256847,2.527900978711448e-16,2.3459159399432643e-16
1238.9119268867316,3.3618735863957306e-16,3.0498392414692977e-16
1238.9652532354264,2.6246171000210726e-16,2.4690674768781456e-16
1239.0185793029354,1.9253043001361196e-16,2.0696202791419873e-16
1239.0719050892633,5.374992869665875e-17,7.835301734562673e-17
1239.1252305944147,1.5792858547524067e-16,1.7547299266804307e-16
1239.178555818394,1.8869527226774145e-16,1.9907428113583175e-16
1239.2318807612053,1.4932728407469934e-16,1.380807520642623e-16
1239.2852054228533,1.9114704285777334e-16,1.7272292351876837e-16
1239.3385298033427,3.902893644076574e-16,2.773042115171924e-16
1239.3918539026772,2.460304053600868e-16,2.218622908080668e-16
1239.445177720862,1.4680460260770338e-16,1.4060086975053107e-16
1239.4985012579014,3.498588517203516e-16,2.520254671976342e-16
1239.5518245137996,2.7488385451259123e-16,2.1598119929895015e-16
1239.6051474885612,2.3633103280907654e-16,2.0001085606739252e-16
1239.6584701821903,2.9276096571160216e-16,2.677581510673973e-16
1239.7117925946918,2.116152369101934e-16,1.878152965033212e-16
1239.7651147260704,1.948548653364375e-16,1.9216721546930209e-16
1239.8184365763298,1.1361718923666658e-16,1.3444428377607598e-16
1239.8717581454748,1.0489939152683274e-16,9.801508519419233e-17
1239.92507943351,1.4221304048348508e-16,1.2224855181289708e-16
1239.9784004404396,1.7243049734356122e-16,1.7843221993841986e-16
1240.0317211662682,1.9567142857572687e-16,2.387733321211842e-16
1240.0850416110002,8.506800930685748e-17,2.217758377289592e-16
1240.13836177464,1.9229200498482456e-16,2.5724370772785625e-16
1240.1916816571918,3.01636248802239e-16,2.7164963402599265e-16
1240.2450012586607,3.6508825182128055e-16,2.770840718190504e-16
1240.2983205790506,3.0804608532978745e-16,2.2987291102987127e-16
1240.3516396183663,1.716042437992411e-16,1.6517576399650143e-16
1240.4049583766116,1.2285048038399023e-16,1.1150119338090085e-16
1240.4582768537919,1.4264886015264049e-16,1.3854988320620468e-16
1240.511595049911,1.4731403369660364e-16,1.394705043952273e-16
1240.5649129649732,1.5922819327861112e-16,1.5541177713861303e-16
1240.6182305989837,2.6075793791667874e-16,2.367578073894225e-16
1240.6715479519462,8.481936556062178e-17,1.123774277055239e-16
1240.7248650238655,3.566988851277155e-17,4.953156752151988e-17
1240.7781818147457,2.5050880550866325e-16,2.26759529517102e-16
1240.831498324592,1.0621973158804893e-16,1.0500772106571018e-16
1240.8848145534082,8.463539226480263e-17,9.837619687090217e-17
1240.9381305011984,2.275482624910094e-16,1.7503159672553693e-16
1240.9914461679682,8.787303548716062e-17,9.816098136338052e-17
1241.0447615537212,1.1517634812211604e-16,1.2515091530912602e-16
1241.098076658462,9.572278262308036e-17,1.06375661104313e-16
1241.1513914821949,1.0380822344308662e-16,1.1403992527424894e-16
1241.2047060249247,1.5543332973490133e-16,1.306277906402076e-16
1241.2580202866557,1.9600406402807405e-16,1.7709541268769446e-16
1241.311334267392,9.247103984314529e-17,1.0322762922230258e-16
1241.3646479671388,3.902858920290059e-17,4.94421048763586e-17
1241.4179613858998,7.816779605235786e-17,8.825796485850978e-17
1241.4712745236798,1.2201836793042448e-16,1.4306651884223138e-16
1241.5245873804831,5.0789588769441725e-17,7.237525043077576e-17
1241.5778999563142,7.076611205293696e-17,8.344717449710393e-17
1241.6312122511777,1.2448358958671963e-17,3.430180492309324e-17
1241.6845242650777,1.730756718929778e-16,1.8518840379600427e-16
1241.7378359980191,1.0625793793614108e-16,1.2067332341227527e-16
1241.7911474500058,1.3077251534443225e-16,1.519552699666009e-16
1241.8444586210428,1.7491357810298828e-16,1.8574875578739645e-16
1241.8977695111341,2.3586307206742225e-16,2.1249997673305533e-16
1241.9510801202844,1.3363432191548967e-16,1.1939834891158645e-16
1242.004390448498,1.7473850638137382e-16,1.6139895728275008e-16
1242.0577004957795,2.253343922342759e-16,2.145706508889532e-16
1242.1110102621333,1.4843520858377742e-16,1.3792983995766278e-16
1242.1643197475635,1.0526028700734726e-16,1.1757824435539994e-16
1242.217628952075,1.202228954788077e-16,1.2659722161783037e-16
1242.270937875672,1.2309055991775764e-16,1.0831604966008093e-16
1242.324246518359,1.9681879285575998e-16,1.808317158477859e-16
1242.3775548801405,1.2669280986538378e-16,1.3006343081702752e-16
1242.4308629610207,9.222470407729886e-17,1.0651282505649151e-16
1242.4841707610042,1.351600418091448e-16,1.1596881911349012e-16
1242.5374782800957,2.1898116232230955e-16,2.1636768240433358e-16
1242.5907855182993,5.2713277845516114e-17,6.318217410837156e-17
1242.6440924756196,5.386532046978809e-17,6.379560346059008e-17
1242.6973991520608,1.9044815966524863e-16,1.948801816473327e-16
1242.7507055476278,1.6977449992940277e-16,1.6748336956778885e-16
1242.8040116623247,4.048199467476473e-17,4.7844273345680663e-17
1242.8573174961557,1.7292022802700858e-16,1.4259096982153934e-16
1242.910623049126,1.4140975077758565e-16,1.3129495914719778e-16
1242.9639283212393,2.0911119435798236e-17,3.2339384191244675e-17
1243.0172333125001,7.96985702627296e-17,9.77256110809073e-17
1243.0705380229135,4.9269256097277504e-17,7.139479073520341e-17
1243.1238424524831,3.0264465256302327e-17,5.0647260371089835e-17
1243.1771466012142,-2.3995964018025727e-18,2.1343829729409508e-17
1243.2304504691103,-1.9019212676313807e-17,6.557772713402145e-18
1243.2837540561768,-9.092569511813804e-18,1.5495660300784735e-17
1243.3370573624172,7.230784366484985e-17,8.70609195085435e-17
1243.3903603878364,3.563939778338894e-17,3.7228343237602184e-17
1243.4436631324393,1.3588207113408303e-16,1.5211883107366075e-16
1243.4969655962295,1.8853609307814466e-16,1.7553465956830552e-16
1243.5502677792117,8.311964847742931e-17,7.700385939846736e-17
1243.6035696813906,1.8299048558027557e-17,3.118237920229352e-17
1243.6568713027705,7.901236960791423e-17,6.986390747657151e-17
1243.710172643356,1.4848579410169553e-16,1.4098940890302214e-16
1243.7634737031512,4.448791496417392e-17,5.551283704190467e-17
1243.8167744821606,3.3606847915808127e-17,6.420808469048532e-17
1243.8700749803888,5.713072914437731e-17,9.008571682600942e-17
1243.9233751978402,1.1997400299095094e-16,1.4475244542270536e-16
1243.976675134519,1.7668367569666742e-16,1.9789741141870298e-16
1244.02997479043,2.142402799691616e-17,4.8704518323758215e-17
1244.0832741655774,1.0936064883448652e-16,1.360534732997135e-16
1244.136573259966,4.410404224263372e-17,8.010273610932321e-17
1244.1898720735996,4.2746065272756397e-17,8.20302508751131e-17
1244.2431706064833,4.929344558152484e-17,7.912297344132761e-17
1244.2964688586212,-2.4609168071939677e-17,1.3877962237436344e-17
1244.3497668300174,-3.8673649937521326e-17,8.766567057880843e-20
1244.403064520677,-3.9778061272155294e-17,8.774401117043933e-20
1244.4563619306039,2.8225746308568916e-17,6.966573058929205e-17
1244.5096590598032,4.310635889144147e-17,8.593834188501323e-17
1244.5629559082786,4.7640005336066346e-17,9.138433851388688e-17
1244.6162524760348,6.162221414860716e-17,1.0638425350045312e-16
1244.6695487630766,1.3036089262394696e-16,1.7572562079078506e-16
1244.7228447694076,1.2762331566225015e-16,1.7477822004777362e-16
1244.7761404950331,5.93444705588461e-17,1.0728457253529332e-16
1244.8294359399574,1.2931265889657483e-17,6.410253292258978e-17
1244.8827311041844,3.8566304679323805e-17,9.047998537317436e-17
1244.9360259877187,7.209803040505673e-18,6.39162063695032e-17
1244.9893205905653,-3.5166219557197296e-17,2.749731461998371e-17
1245.0426149127277,1.4725707127188463e-17,6.909811920347484e-17
1245.0959089542112,-3.140240391852974e-17,2.3699627737986043e-17
1245.14920271502,-4.404341709417913e-17,1.3161920796890867e-17
1245.2024961951583,-5.769311860571912e-17,8.701910552638267e-20
1245.2557893946307,2.6061483768285456e-17,8.560148971041355e-17
1245.3090823134416,-4.322133574839397e-17,1.681009918937918e-17
1245.3623749515953,-6.149391772669196e-17,8.640583911084272e-20
1245.4156673090965,-2.7398558375610278e-17,3.604159597788178e-17
1245.4689593859493,6.932863991201777e-17,1.3400576068780647e-16
1245.5222511821585,5.0410453746067714e-17,9.243891752842101e-17
1245.5755426977285,3.930890985012974e-17,9.285867146204537e-17
1245.6288339326634,-1.166307598365208e-17,5.818532033538289e-17
1245.682124886968,-3.0185430205839167e-18,6.835066453197074e-17
1245.7354155606463,9.468155285151708e-17,1.7317145829087035e-16
1245.7887059537031,9.921279962145328e-17,1.381630922679648e-16
1245.8419960661429,7.068876741328629e-17,1.3879245648032506e-16
1245.8952858979699,5.7807629869382e-17,1.3430545695951827e-16
1245.9485754491886,2.7451903956507774e-17,1.1336446269330304e-16
1246.0018647198035,-5.4059487548050834e-17,2.9608404653396544e-17
1246.0551537098186,-9.453480117584404e-18,7.228545813665945e-17
1246.108442419239,-8.294121620267748e-17,8.59221213301437e-20
1246.1617308480688,1.1662616982311917e-17,7.80517069858783e-17
1246.2150189963124,-3.028585856939425e-17,4.679491732311975e-17
1246.2683068639744,-4.309367587697245e-17,4.510685018434559e-17
1246.3215944510591,2.6502556505891025e-17,1.2083227370033817e-16
1246.3748817575708,1.0146650453809533e-16,1.9897150091569407e-16
1246.4281687835144,1.5262869007884052e-17,1.1095164429043231e-16
1246.4814555288935,5.747118911748008e-18,1.0154675555327261e-16
1246.5347419937136,9.09668462199608e-20,9.744272391961037e-17
1246.5880281779785,-3.453701565214094e-17,6.915725705413525e-17
1246.6413140816924,1.635017032402432e-17,1.200521766042257e-16
1246.6945997048604,1.8528486412607637e-17,1.215398460037697e-16
1246.7478850474863,-7.986556159306338e-17,2.4129140288817762e-17
1246.8011701095752,-9.542886765711682e-17,1.0401632343828357e-17
1246.8544548911307,-3.2012246308042355e-17,7.589226595476306e-17
1246.9077393921577,-2.4933972203332138e-17,8.480699131820117e-17
1246.961023612661,2.5197844311979236e-18,1.145476680836829e-16
1247.0143075526444,-1.2172644004733176e-17,1.0159812687011853e-16
1247.0675912121126,-2.5455948889167227e-17,9.002387480545157e-17
1247.1208745910699,-6.551328148143694e-17,5.216327325438584e-17
1247.1741576895208,-8.612830671056478e-17,2.7124552400709268e-17
1247.2274405074697,-8.566153292035326e-17,2.825774402580614e-17
1247.2807230449212,1.2082546969022499e-17,1.2986366581343083e-16
1247.3340053018796,-1.8887722118874704e-17,9.970546594919746e-17
1247.3872872783493,-4.7919831963238675e-17,8.006308630458533e-17
1247.4405689743348,-2.1267086186603803e-17,1.0819596781444681e-16
1247.4938503898406,-1.62014558589956e-17,1.160860972309708e-16
1247.5471315248712,-1.816208440955033e-17,1.157641210950382e-16
1247.6004123794305,-8.447558359119901e-17,5.1922827917449485e-17
1247.6536929535234,-3.3075246460158386e-17,1.0535553706607618e-16
1247.706973247154,-6.779870876090218e-17,7.33956106596366e-17
1247.7602532603273,-2.3976644119749797e-17,1.1949380319927362e-16
1247.8135329930474,-3.8680798845147766e-17,1.0072445794228474e-16
1247.8668124453184,-6.255611604658445e-17,8.6735218888421e-17
1247.920091617145,-8.672869373168494e-17,7.101680136250061e-17
1247.973370508532,-4.308928339539802e-17,1.148587247663183e-16
1248.0266491194836,-9.385143361271738e-17,6.142890056116224e-17
1248.0799274500037,-3.811677729290957e-17,1.1737560661881717e-16
1248.1332055000971,-8.444643316535786e-17,7.228382003111827e-17
