trappist-1/STIS/new_bk_means/TRAPPIST-1_G140M_newbk_mean_2018-12.ecsv
# %ECSV 0.9
# ---
# datatype:
# - name: WAVELENGTH
#   unit: Angstrom
#   datatype: float64
# - name: FLUX
#   unit: erg / (Angstrom cm2 s)
#   datatype: float64
# - name: ERROR
#   unit: erg / (Angstrom cm2 s)
#   datatype: float64
# delimiter: ','
# schema: astropy-2.0
WAVELENGTH,FLUX,ERROR
1194.5000970871085,-7.362989502121574e-16,-2.654097627542818e-16
1194.5536586499832,-5.616277016535616e-16,-1.3818872044126936e-16
1194.6072199279354,-2.7837288558843664e-16,6.069974388509061e-18
1194.6607809209688,-5.34159548982404e-17,2.1879146676493606e-16
1194.7143416290892,4.835071818747451e-16,6.798343456290689e-16
1194.7679020522999,6.157841813118648e-16,9.695386635227856e-16
1194.8214621906066,2.8050623170720557e-16,7.188775843733198e-16
1194.8750220440127,2.0576277981709588e-16,5.78892433750226e-16
1194.9285816125237,-5.77188585999884e-17,5.338660908830552e-16
1194.9821408961434,-1.8748351908734845e-16,5.858934477895919e-16
1195.035699894877,-2.645447529855731e-16,6.796600355350939e-16
1195.0892586087286,-1.3075275814749706e-16,8.459362250903639e-16
1195.142817037703,-2.6291622395253474e-16,7.774760128656719e-16
1195.1963751818046,-4.936037902694831e-16,5.751101959028423e-16
1195.249933041038,-3.802468250518327e-16,5.864742114538114e-16
1195.3034906154078,8.40814063714525e-17,8.466348447566789e-16
1195.3570479049183,-3.74901985096849e-16,5.6753765338606e-16
1195.4106049095744,-4.1029487748941523e-16,6.583976907067719e-16
1195.4641616293804,-3.391099133048816e-16,6.720080847537292e-16
1195.517718064341,3.033085814589021e-16,9.24544792051849e-16
1195.5712742144606,2.5921615033739266e-16,9.630777570257809e-16
1195.6248300797436,-1.4273755288412445e-16,8.133999570877241e-16
1195.678385660195,-2.3609354440145283e-16,7.907624459366039e-16
1195.731940955819,-6.689924372153181e-17,8.23862333215594e-16
1195.7854959666204,-2.0066929134068596e-16,7.653234491934711e-16
1195.8390506926032,-3.26583963629431e-16,7.113110697193008e-16
1195.8926051337728,-2.074787764599191e-16,6.937238338338527e-16
1195.946159290133,5.058709979586668e-16,1.0520869607278382e-15
1195.9997131616888,-6.715584634650567e-17,6.876708392458844e-16
1196.0532667484442,-4.61810975626996e-16,5.487269641538266e-16
1196.1068200504044,-4.973846769215999e-16,5.799275224284925e-16
1196.1603730675736,9.842810543333021e-17,9.043378739323963e-16
1196.2139257999565,-3.778043115703655e-17,7.582143730997897e-16
1196.2674782475572,1.364851434560283e-16,8.535128861502179e-16
1196.3210304103807,3.951028069253718e-16,1.0917012717529457e-15
1196.3745822884316,-8.057350434501829e-17,8.786516752848829e-16
1196.428133881714,-2.0499275913061622e-16,7.82570428051667e-16
1196.481685190233,-1.2668260951635512e-16,8.478177715299812e-16
1196.5352362139927,1.3070488950784128e-16,1.0173271468254831e-15
1196.5887869529977,-3.3907002223381807e-16,7.928735398299199e-16
1196.6423374072529,5.797086321368353e-17,8.994946969034779e-16
1196.6958875767623,8.166452628162375e-17,8.999177535309428e-16
1196.749437461531,-5.458358715404951e-16,5.578117640311574e-16
1196.8029870615628,-3.490095272689888e-16,7.392390944976554e-16
1196.856536376863,1.612153978775188e-16,1.0409416738404705e-15
1196.9100854074359,1.5285377938999299e-16,9.688915578155855e-16
1196.963634153286,2.285351365553781e-16,1.0874262393129876e-15
1197.0171826144174,1.482961058081247e-16,9.784809331760036e-16
1197.0707307908358,3.555249330605104e-16,1.1182494000619736e-15
1197.1242786825444,5.904968599343768e-16,1.1215659784186395e-15
1197.1778262895484,3.421072673546344e-16,1.05034209638416e-15
1197.2313736118526,6.462479017468597e-16,1.2382128443355594e-15
1197.2849206494611,9.534906214453364e-17,9.204504135314166e-16
1197.3384674023785,5.284397539089514e-16,1.1270876147282889e-15
1197.3920138706096,1.4168837942264455e-16,9.462043665785654e-16
1197.4455600541585,3.576634417901495e-16,1.045061149913869e-15
1197.4991059530303,8.268915801858196e-16,1.223696935646783e-15
1197.5526515672288,5.584125346844835e-16,1.1787147713726987e-15
1197.6061968967595,1.1988820428340505e-16,9.146299532738748e-16
1197.659741941626,7.147509851444062e-17,9.79583130740141e-16
1197.7132867018336,4.506569651572303e-17,9.320614430267078e-16
1197.766831177386,-2.683354275262616e-16,7.499744731057897e-16
1197.8203753682885,-2.218403784896312e-16,9.16734584448793e-16
1197.8739192745456,1.7553166950784485e-16,1.0189013390142698e-15
1197.9274628961612,-2.251330789727375e-16,8.191381160124083e-16
1197.9810062331408,1.1966564251218637e-16,1.026557942303938e-15
1198.0345492854879,2.975275974664153e-16,1.0933963087957731e-15
1198.0880920532077,2.370523532692561e-16,1.0940048972056771e-15
1198.1416345363045,-2.1962982056613013e-16,9.215015497007882e-16
1198.195176734783,1.3228056896585376e-16,9.732138071387599e-16
1198.2487186486478,4.2674931619852604e-16,1.1578003506593204e-15
1198.302260277903,2.399684004541248e-16,1.0470054399761378e-15
1198.3558016225536,5.063825870189191e-16,1.2075654699722986e-15
1198.409342682604,5.404428661896669e-16,1.256860217927241e-15
1198.4628834580587,3.3687328082288245e-16,1.0330401958428132e-15
1198.516423948922,3.535224717605321e-16,1.1350524374588443e-15
1198.569964155199,-1.212921713468859e-16,9.729913474113401e-16
1198.6235040768936,1.3759597588201625e-16,1.1214540871885598e-15
1198.677043714011,-1.3150990333906284e-16,9.923218834527789e-16
1198.7305830665553,1.811013778539234e-16,9.688763497449932e-16
1198.784122134531,-2.532922174799938e-16,8.337812076840258e-16
1198.8376609179427,-4.4381118380846913e-16,7.580408385284162e-16
1198.891199416795,5.612079874760044e-17,9.302482837061042e-16
1198.9447376310927,2.102948307638442e-16,1.0425108313832182e-15
1198.9982755608398,7.57434814921421e-16,1.2548472403414949e-15
1199.0518132060415,4.406869332243259e-16,1.1418155941072247e-15
1199.1053505667016,6.22000695643481e-16,1.1088007834067842e-15
1199.158887642825,4.821919021697809e-16,1.1756274236000904e-15
1199.2124244344163,2.6111727350055734e-16,1.1938126338489568e-15
1199.2659609414802,6.486497901194098e-16,1.3269098220577903e-15
1199.3194971640207,5.141820030116459e-16,1.1986354931406954e-15
1199.3730331020427,-9.162296859853897e-17,9.30976412525694e-16
1199.4265687555508,5.025730217694096e-16,1.2447031264638635e-15
1199.4801041245494,1.1263194520487215e-15,1.4079697432595976e-15
1199.5336392090428,8.159397065546441e-16,1.2154081387127414e-15
1199.587174009036,3.0226790474635017e-16,9.987197882180703e-16
1199.6407085245332,-3.2722229991196963e-16,8.187657259387162e-16
1199.694242755539,-3.5718182835119346e-17,9.929786958151624e-16
1199.7477767020584,5.552883116247845e-16,1.1617688278079427e-15
1199.8013103640951,2.2498299865618714e-16,1.0523230254848283e-15
1199.8548437416541,-1.7595739121237842e-17,9.349421029131964e-16
1199.9083768347402,6.141646235030417e-17,1.1009121949857378e-15
1199.9619096433573,6.573509096370984e-16,1.277493189810371e-15
1200.0154421675104,1.7320633991141637e-16,9.337780049244385e-16
1200.0689744072038,2.903480194954619e-16,1.0386312453459116e-15
1200.1225063624424,1.0437865866071025e-15,1.340467612606181e-15
1200.17603803323,7.723903654479493e-16,1.3806619291004334e-15
1200.229569419572,6.746529024551161e-17,1.2049842375695065e-15
1200.2831005214725,-2.1018765483884185e-16,1.068701024236241e-15
1200.3366313389358,2.529403012202263e-16,1.1402793300502147e-15
1200.3901618719672,7.567838241026571e-16,1.3595783503325942e-15
1200.4436921205704,8.9870361831949e-16,1.210792034538229e-15
1200.49722208475,1.2281187958664577e-15,1.4770335003892352e-15
1200.5507517645115,4.842855502043218e-16,1.0696172790418021e-15
1200.604281159858,1.739420770617151e-16,9.599094310754607e-16
1200.6578102707952,2.6286795286109945e-16,1.0222187136150881e-15
1200.711339097327,2.359938746161179e-16,1.1576228849695067e-15
1200.7648676394585,3.0141621561040954e-16,1.114874715189953e-15
1200.8183958971936,1.3449348613525883e-16,1.031976298919352e-15
1200.8719238705369,4.3643214132958966e-17,9.330359158049422e-16
1200.9254515594937,5.850853620764114e-16,1.1427623599745023e-15
1200.9789789640674,1.0276856070422804e-15,1.4615381075531612e-15
1201.0325060842633,7.936577683924725e-16,1.3451852825143505e-15
1201.086032920086,4.2863294086186874e-16,1.1010428846369062e-15
1201.1395594715395,4.872394097318258e-16,1.2195785482701178e-15
1201.1930857386285,3.5637765639610736e-16,1.1548140008017665e-15
1201.246611721358,-1.176964313901131e-16,9.095365712451773e-16
1201.3001374197318,7.293758762941766e-17,1.0116913752930096e-15
1201.353662833755,7.624771941830405e-16,1.2879696850512887e-15
1201.4071879634319,1.0073076904211062e-15,1.2851942686886563e-15
1201.460712808767,7.026356151264736e-16,1.1943133226915893e-15
1201.5142373697647,1.1643292097537054e-16,1.1245983802857277e-15
1201.56776164643,-1.0160691096872471e-16,1.0086324274222267e-15
1201.6212856387672,5.934037828151566e-16,1.1052027062023788e-15
1201.6748093467806,7.8841554747750525e-16,1.2528256088460956e-15
1201.7283327704754,2.394950595474212e-16,1.1472953395508883e-15
1201.781855909855,7.446002947409454e-16,1.2174384201200702e-15
1201.8353787649246,9.655615273402249e-16,1.2585097823329905e-15
1201.8889013356893,1.9166101829795274e-15,1.4960766567232714e-15
1201.9424236221525,1.7458888847883438e-16,1.3575734073711775e-15
1201.9959456243196,1.1046219270592092e-16,1.216261837927619e-15
1202.0494673421942,6.522697266090151e-16,1.1987197464171245e-15
1202.102988775782,1.2759141061199236e-16,9.689600875899136e-16
1202.156509925087,6.603007373205567e-16,1.121721449979353e-15
1202.2100307901135,6.741612072135708e-16,1.1587067264571636e-15
1202.2635513708663,8.097886647986164e-16,1.2467347313708184e-15
1202.3170716673496,5.709797799212418e-16,1.2972555102634672e-15
1202.3705916795684,6.805875479139544e-16,1.2948465594300203e-15
1202.4241114075269,1.4290097435661327e-15,1.5573227949386244e-15
1202.4776308512298,6.891623502163167e-16,1.2221693217695357e-15
1202.5311500106816,2.8558855909820275e-16,1.0836443314833443e-15
1202.5846688858867,8.108846814672262e-16,1.2200121759964272e-15
1202.63818747685,4.3995995326688306e-16,1.0956799272968219e-15
1202.6917057835753,8.615417282465402e-16,1.2684533690145665e-15
1202.745223806068,6.273632588746692e-16,1.2443235475991082e-15
1202.798741544332,7.463579342569559e-16,1.2851985030135748e-15
1202.8522589983718,3.953985705783949e-16,1.1923753653375235e-15
1202.9057761681925,3.2615241890706955e-16,1.0457635660927495e-15
1202.9592930537983,1.084057262489634e-14,2.5473632393769922e-15
1203.012809655194,9.564408803358364e-15,2.3996481932175264e-15
1203.0663259723833,1.2237155446108568e-15,1.4238538898064935e-15
1203.1198420053713,2.758551289628026e-16,1.0890312383528934e-15
1203.1733577541627,3.968090934330606e-16,1.1437638918771655e-15
1203.2268732187617,4.054951534513677e-16,1.1727193141101099e-15
1203.2803883991733,6.420168499178216e-17,1.0231522983017533e-15
1203.3339032954013,3.4178747451896863e-17,9.90657359236824e-16
1203.3874179074508,8.171762154851173e-16,1.2781559374157287e-15
1203.440932235326,1.455573091877493e-15,1.4955769996750695e-15
1203.494446279032,3.714642874365325e-16,1.115623093851084e-15
1203.5479600385727,1.2818637642137568e-17,9.740640659881421e-16
1203.6014735139524,6.169365705892821e-16,1.1879125818556956e-15
1203.6549867051765,1.4294683724279137e-15,1.5490464797102966e-15
1203.708499612249,9.886698389979883e-16,1.2570708401026984e-15
1203.7620122351746,-9.382033437524925e-18,9.717894061803267e-16
1203.8155245739574,-2.1911750820123727e-16,1.0727220970253688e-15
1203.8690366286025,-1.7430875135680493e-16,1.0633649645000417e-15
1203.9225483991142,-1.0771988207589404e-17,1.0723623715525e-15
1203.9760598854969,5.240916496454244e-16,1.0577461803144317e-15
1204.0295710877551,8.609194940311932e-16,1.3007838526343658e-15
1204.0830820058936,1.0831005032086092e-15,1.3314108428822285e-15
1204.1365926399171,1.5765294966895623e-15,1.5053852715337734e-15
1204.1901029898295,9.210628243472757e-16,1.3144254580303904e-15
1204.2436130556355,9.536898476467545e-16,1.354384176816251e-15
1204.29712283734,2.6668600098099486e-16,9.485892277077846e-16
1204.3506323349472,2.75374338511389e-16,1.0263502752936444e-15
1204.404141548462,3.085306534477176e-16,1.0887347232949858e-15
1204.4576504778881,3.3677371280741137e-16,1.172806732652904e-15
1204.511159123231,3.7309050661960556e-16,1.1426923897025827e-15
1204.5646674844943,6.354258606444787e-16,1.0221734662822413e-15
1204.6181755616835,5.022982712541889e-16,1.0207442306017194e-15
1204.6716833548026,3.239970327944482e-16,1.0976133829048273e-15
1204.725190863856,1.4933154495559472e-16,1.0397772737383136e-15
1204.7786980888482,2.4454410736348124e-16,1.1101584602372463e-15
1204.832205029784,5.433702974887002e-16,1.1544026123548193e-15
1204.885711686668,3.0562067699928997e-16,1.235300601157267e-15
1204.9392180595048,2.6479323441835164e-18,1.0116360978150455e-15
1204.9927241482983,5.297726833386129e-16,1.1433315660924569e-15
1205.0462299530534,2.1437751919606588e-16,1.045072706490473e-15
1205.099735473775,2.198382931306567e-16,1.0547872891430095e-15
1205.1532407104667,5.726543736698391e-16,1.1614322875013146e-15
1205.2067456631337,8.038659039887851e-16,1.2134988950020825e-15
1205.2602503317808,5.145483120201151e-16,1.133888125882393e-15
1205.3137547164117,5.521900121229647e-16,1.2005672770076394e-15
1205.3672588170314,8.667075743693074e-16,1.309357019175345e-15
1205.4207626336442,4.642691995666479e-16,1.0900615944306003e-15
1205.4742661662551,1.8506024177469636e-16,9.56838692795014e-16
1205.5277694148685,3.5573201322824355e-16,1.067113745431223e-15
1205.5812723794884,2.331470351482421e-16,1.0588139164365347e-15
1205.6347750601196,4.94209906979344e-16,1.127381435409263e-15
1205.6882774567666,3.0441590688711663e-16,1.2293910660421033e-15
1205.7417795694346,5.717457569013328e-16,1.3438182825335784e-15
1205.795281398127,9.32778860259387e-16,1.298339877495472e-15
1205.848782942849,6.987253181749037e-16,1.1613158219543836e-15
1205.9022842036047,6.4222112102401305e-16,1.1634512196492632e-15
1205.9557851803993,7.254750959143377e-16,1.1484358085628709e-15
1206.0092858732369,6.334967188803271e-16,1.1673806334393927e-15
1206.0627862821216,5.959877635819684e-16,1.0673115555796855e-15
1206.1162864070586,6.466197262303559e-16,9.777107761143914e-16
1206.169786248052,5.724722090296892e-16,1.1873021420349775e-15
1206.2232858051068,5.541164981780891e-16,1.0583213664794388e-15
1206.276785078227,6.402347275670996e-16,1.1211131739647986e-15
1206.3302840674173,4.956093783713626e-16,1.1218612650810152e-15
1206.3837827726827,1.447878582098099e-16,1.056774972641747e-15
1206.4372811940266,1.6053242659237931e-16,1.0272637870762276e-15
1206.4907793314546,3.9023221227246523e-16,1.1428827581687695e-15
1206.5442771849707,4.349288484180085e-16,1.1931160160530182e-15
1206.5977747545796,9.166461915563986e-16,1.185075543166762e-15
1206.6512720402857,6.977563098165357e-16,1.1317044621074417e-15
1206.7047690420936,3.56313254487038e-16,1.0819821706210381e-15
1206.7582657600078,3.945542223014945e-16,1.0718618705660208e-15
1206.8117621940328,5.264756225271011e-16,1.125169459995356e-15
1206.865258344173,5.810878039383553e-17,1.0122631680404155e-15
1206.918754210433,-7.386462979751465e-17,1.0414232610792326e-15
1206.9722497928178,2.16126335020213e-16,9.655239001618353e-16
1207.0257450913311,1.1309542105708994e-15,1.2727090019962205e-15
1207.079240105978,4.910563205001091e-16,1.1816372158631021e-15
1207.1327348367627,3.635358788231541e-16,1.1881694551649134e-15
1207.1862292836902,1.271566034395747e-16,1.0036896852594362e-15
1207.2397234467642,-1.2796366875722515e-16,9.380305697486165e-16
1207.2932173259899,5.847559076662193e-16,1.1657499252503159e-15
1207.3467109213714,5.440427671538485e-16,1.1302214929916011e-15
1207.4002042329134,-1.4935614865139062e-16,8.537702209031271e-16
1207.4536972606209,5.304134201764931e-16,1.1839022603360523e-15
1207.5071900044975,1.179526211120237e-15,1.3280365587991811e-15
1207.5606824645483,7.059471818633e-16,1.2087209126381257e-15
1207.6141746407777,4.705840727982966e-16,1.0713820886738174e-15
1207.6676665331904,7.234781636153774e-16,1.1874077014552937e-15
1207.7211581417905,4.543143118847257e-16,1.1020800318747289e-15
1207.774649466583,7.302408290649658e-17,9.936831603725398e-16
1207.8281405075718,1.4818085978278662e-16,1.0296894317793946e-15
