trappist-1/STIS/new_bk_means/TRAPPIST-1_G140M_newbk_mean.ecsv
# %ECSV 0.9
# ---
# datatype:
# - name: WAVELENGTH
#   unit: Angstrom
#   datatype: float64
# - name: FLUX
#   unit: erg / (Angstrom cm2 s)
#   datatype: float32
# - name: ERROR
#   unit: erg / (Angstrom cm2 s)
#   datatype: float32
# delimiter: ','
# schema: astropy-2.0
WAVELENGTH,FLUX,ERROR
1194.524934881778,1.1879818e-15,9.964832e-16
1194.5785173480824,1.4147339e-15,1.034861e-15
1194.632099493011,2.6805538e-16,4.5592835e-16
1194.68568131657,6.5882805e-16,6.2050563e-16
1194.7392628187652,5.2809476e-16,6.599871e-16
1194.7928439996017,5.688496e-16,9.023068e-16
1194.8464248590863,6.091941e-16,9.35584e-16
1194.9000053972243,2.6902232e-16,7.887427e-16
1194.9535856140214,3.756561e-17,8.028284e-16
1195.0071655094835,3.3227371e-16,8.856423e-16
1195.0607450836167,-6.4422314e-16,9.271295e-16
1195.1143243364259,-9.365135e-16,8.2776136e-16
1195.1679032679176,1.2678177e-16,1.1923909e-15
1195.2214818780974,3.0974296e-16,1.2965261e-15
1195.2750601669711,-5.792459e-16,1.050719e-15
1195.3286381345445,-8.356485e-16,9.297209e-16
1195.3822157808233,-8.128779e-16,9.309797e-16
1195.4357931058134,-6.703966e-16,1.0081623e-15
1195.4893701095205,-7.998851e-16,8.969776e-16
1195.54294679195,-6.453032e-16,1.0061329e-15
1195.5965231531084,-8.1907504e-16,9.783756e-16
1195.650099193001,-2.8101848e-16,1.2243265e-15
1195.7036749116342,-5.121408e-16,1.0792753e-15
1195.7572503090128,-3.9851963e-16,1.1596292e-15
1195.810825385143,-5.0816783e-16,1.0995036e-15
1195.8644001400312,-3.2132939e-16,1.1365378e-15
1195.9179745736822,-7.99859e-16,9.547888e-16
1195.9715486861023,-5.070523e-16,1.1199387e-15
1196.0251224772971,-6.0816786e-16,9.935536e-16
1196.0786959472728,-2.7219282e-16,1.1782246e-15
1196.1322690960344,-5.1516374e-16,1.0941133e-15
1196.1858419235884,-6.599658e-16,1.0998233e-15
1196.2394144299403,-4.9369903e-16,1.1255804e-15
1196.292986615096,-7.520057e-16,9.749112e-16
1196.3465584790608,-9.47784e-17,1.2513446e-15
1196.400130021841,-2.4502683e-17,1.3707489e-15
1196.4537012434423,-1.3335164e-16,1.2348798e-15
1196.5072721438703,-1.1467222e-16,1.2778926e-15
1196.560842723131,-3.6741528e-16,1.1890746e-15
1196.6144129812299,-1.582731e-16,1.3575768e-15
1196.667982918173,-3.0300544e-16,1.230213e-15
1196.721552533966,-1.9895428e-16,1.338469e-15
1196.7751218286146,-4.9952286e-16,1.2100214e-15
1196.8286908021246,-1.2787561e-16,1.3092239e-15
1196.8822594545018,-2.4414457e-16,1.2634943e-15
1196.935827785752,1.3037754e-17,1.3494691e-15
1196.9893957958811,-3.660541e-16,1.1787034e-15
1197.0429634848945,2.7172446e-16,1.4872379e-15
1197.0965308527984,6.874685e-17,1.3753465e-15
1197.1500978995987,1.057637e-16,1.3837975e-15
1197.2036646253005,1.2190648e-16,1.4215127e-15
1197.25723102991,-2.4890532e-16,1.3134036e-15
1197.310797113433,3.7877795e-17,1.3638759e-15
1197.364362875875,-3.0468576e-17,1.4250933e-15
1197.417928317242,1.588469e-17,1.4445899e-15
1197.4714934375402,1.8160151e-16,1.4356844e-15
1197.5250582367742,2.43328e-16,1.4221029e-15
1197.5786227149508,1.9547384e-16,1.4360429e-15
1197.6321868720754,3.7267854e-16,1.5427449e-15
1197.685750708154,-8.6858113e-17,1.3313214e-15
1197.7393142231922,1.5893059e-16,1.4426252e-15
1197.7928774171955,1.2549762e-16,1.3777018e-15
1197.8464402901704,-1.5653348e-16,1.39557e-15
1197.900002842122,4.403673e-16,1.490669e-15
1197.953565073056,-8.5815694e-17,1.3692187e-15
1198.0071269829787,1.442901e-16,1.4292142e-15
1198.0606885718958,-2.6605922e-16,1.368723e-15
1198.1142498398126,1.4414321e-16,1.4168324e-15
1198.1678107867353,4.972631e-16,1.5557646e-15
1198.2213714126697,8.316686e-18,1.3431378e-15
1198.2749317176213,-5.098492e-18,1.3609611e-15
1198.328491701596,1.3210984e-16,1.4364533e-15
1198.3820513645994,2.2183088e-15,1.9993122e-15
1198.4356107066376,2.4385978e-16,1.5083119e-15
1198.4891697277162,2.000294e-16,1.467172e-15
1198.542728427841,1.2826084e-15,1.7096691e-15
1198.5962868070176,5.464209e-16,1.5012121e-15
1198.6498448652521,4.5449506e-16,1.4819542e-15
1198.70340260255,3.7050804e-16,1.5480868e-15
1198.7569600189172,1.7295145e-16,1.5149018e-15
1198.8105171143595,1.399809e-16,1.4645032e-15
1198.8640738888823,4.7707447e-16,1.6338408e-15
1198.9176303424917,-5.005137e-16,1.2470246e-15
1198.9711864751937,1.2163175e-16,1.4324714e-15
1199.0247422869936,7.56854e-16,1.5903154e-15
1199.0782977778972,1.2356212e-16,1.5558545e-15
1199.1318529479106,1.2665882e-16,1.4628464e-15
1199.1854077970397,1.4991224e-15,1.8730522e-15
1199.2389623252895,9.449879e-16,1.6844831e-15
1199.2925165326665,1.2737294e-16,1.5390767e-15
1199.346070419176,-1.2742557e-16,1.351562e-15
1199.399623984824,2.9860148e-16,1.5058413e-15
1199.4531772296166,2.229836e-16,1.4374559e-15
1199.506730153559,4.5042576e-16,1.6099496e-15
1199.5602827566568,2.6740875e-16,1.5116118e-15
1199.6138350389167,1.22371e-16,1.4624501e-15
1199.6673870003438,2.5275307e-16,1.4911563e-15
1199.7209386409436,3.2934097e-16,1.5876221e-15
1199.7744899607226,3.2282485e-16,1.5122526e-15
1199.828040959686,4.5965016e-16,1.5579022e-15
1199.8815916378398,3.7209347e-16,1.6057248e-15
1199.9351419951897,-2.0173632e-16,1.3932275e-15
1199.9886920317417,4.3342237e-16,1.5755112e-15
1200.042241747501,1.2495609e-16,1.513095e-15
1200.0957911424741,4.4195397e-16,1.5829823e-15
1200.1493402166664,5.9012394e-16,1.6519746e-15
1200.2028889700832,1.7125206e-16,1.5094122e-15
1200.2564374027313,4.3629624e-16,1.5924572e-15
1200.3099855146156,2.4059807e-16,1.5440218e-15
1200.363533305742,-5.2177478e-17,1.520932e-15
1200.4170807761168,1.7763276e-16,1.6026134e-15
1200.4706279257452,3.0559897e-17,1.4531421e-15
1200.5241747546331,3.8837406e-16,1.5543546e-15
1200.5777212627863,4.1108513e-16,1.5547809e-15
1200.6312674502105,4.5366836e-16,1.6030927e-15
1200.6848133169117,4.6754366e-16,1.5490608e-15
1200.7383588628954,6.9895946e-16,1.6207503e-15
1200.7919040881675,5.014361e-16,1.5658692e-15
1200.8454489927337,5.983589e-17,1.496322e-15
1200.8989935765997,4.6052726e-16,1.6036115e-15
1200.9525378397716,1.7152094e-16,1.5159989e-15
1201.0060817822546,3.9967244e-16,1.5148017e-15
1201.059625404055,2.3359477e-16,1.5008258e-15
1201.1131687051784,2.901296e-16,1.5225048e-15
1201.1667116856302,6.3986436e-16,1.6737357e-15
1201.2202543454166,2.0304495e-16,1.5518711e-15
1201.2737966845434,-4.4369895e-17,1.4581571e-15
1201.3273387030158,2.681872e-16,1.5455214e-15
1201.3808804008402,1.0345396e-15,1.7270355e-15
1201.434421778022,4.912115e-16,1.5855624e-15
1201.487962834567,4.9637057e-16,1.5854974e-15
1201.5415035704812,5.970167e-16,1.6275948e-15
1201.5950439857702,-5.0811548e-17,1.4440433e-15
1201.6485840804396,-1.1500373e-17,1.4864719e-15
1201.7021238544953,1.9797313e-16,1.5670962e-15
1201.7556633079432,4.5694045e-16,1.6462125e-15
1201.8092024407888,-1.08079955e-16,1.552654e-15
1201.862741253038,3.9812928e-16,1.5848764e-15
1201.9162797446966,7.0875376e-16,1.6254602e-15
1201.9698179157704,9.331475e-16,1.7305151e-15
1202.0233557662648,1.5956781e-15,1.8781494e-15
1202.076893296186,-2.047074e-15,1.5863134e-15
1202.1304305055394,7.681764e-16,1.6643179e-15
1202.183967394331,1.451007e-15,1.8263254e-15
1202.2375039625665,3.6635853e-16,1.542445e-15
1202.2910402102514,4.623164e-16,1.5633274e-15
1202.344576137392,4.0144033e-16,1.5630655e-15
1202.3981117439937,-8.3795983e-17,1.4499719e-15
1202.4516470300625,5.393986e-16,1.6083441e-15
1202.5051819956036,5.555866e-16,1.6299686e-15
1202.5587166406235,3.9292307e-16,1.6258995e-15
1202.6122509651277,5.600746e-16,1.6109866e-15
1202.6657849691217,6.1227856e-16,1.5867694e-15
1202.719318652611,2.4647166e-16,1.5193806e-15
1202.7728520156022,4.195125e-16,1.5922358e-15
1202.8263850581004,3.6820946e-16,1.5452877e-15
1202.8799177801118,2.2367702e-16,1.5274277e-15
1202.9334501816418,9.695623e-16,1.6967295e-15
1202.9869822626963,2.6171848e-15,1.953673e-15
1203.0405140232808,2.5085156e-15,1.9383045e-15
1203.0940454634017,4.694743e-16,1.5630946e-15
1203.147576583064,2.8806135e-16,1.5345806e-15
1203.2011073822741,2.2958002e-16,1.5431534e-15
1203.2546378610373,1.3585994e-16,1.5573062e-15
1203.3081680193595,9.988316e-16,1.6724549e-15
1203.3616978572468,2.648661e-16,1.5148826e-15
1203.4152273747043,6.8174294e-16,1.7110042e-15
1203.468756571738,6.219096e-16,1.6509612e-15
1203.5222854483538,7.0517346e-16,1.6239406e-15
1203.5758140045577,6.7231636e-16,1.678875e-15
1203.6293422403548,8.277998e-16,1.6181037e-15
1203.6828701557513,1.0328989e-15,1.6610955e-15
1203.736397750753,1.1951813e-15,1.7926906e-15
1203.7899250253654,4.8663456e-16,1.5298689e-15
1203.8434519795942,-1.7365696e-16,1.4003986e-15
1203.8969786134455,1.8398802e-16,1.5508121e-15
1203.9505049269249,-6.158273e-16,1.6121563e-15
1204.0040309200376,-2.2146972e-16,1.524004e-15
1204.0575565927907,1.8812775e-15,1.812938e-15
1204.1110819451885,9.924303e-16,1.7644877e-15
1204.1646069772376,2.820873e-17,1.4346959e-15
1204.2181316889435,6.242367e-16,1.5794765e-15
1204.271656080312,1.2331425e-15,1.7531126e-15
1204.3251801513486,5.9804825e-16,1.6140418e-15
1204.3787039020597,5.679164e-16,1.5239097e-15
1204.43222733245,6.993482e-16,1.6006563e-15
1204.4857504425265,-7.130571e-17,1.4627274e-15
1204.5392732322941,1.9413288e-16,1.4509305e-15
1204.5927957017586,1.179997e-16,1.4642399e-15
1204.6463178509262,6.0839994e-16,1.5674441e-15
1204.6998396798022,6.435224e-16,1.6665365e-15
1204.7533611883928,2.8612622e-16,1.5432119e-15
1204.806882376703,-2.3752434e-16,1.3820406e-15
1204.8604032447395,2.2340663e-16,1.5158307e-15
1204.9139237925071,3.780047e-16,1.4751736e-15
1204.9674440200126,7.44476e-16,1.562799e-15
1205.0209639272607,5.6438144e-16,1.5296405e-15
1205.074483514258,1.1981859e-15,1.5947121e-15
1205.1280027810099,2.233906e-16,1.4905764e-15
1205.1815217275216,1.7399302e-16,1.4909181e-15
1205.2350403537996,3.715162e-16,1.4647111e-15
1205.2885586598495,8.338344e-16,1.6523726e-15
1205.3420766456773,4.6460493e-16,1.5292358e-15
1205.3955943112878,5.244878e-16,1.5892703e-15
1205.4491116566876,2.5317757e-16,1.4634137e-15
1205.5026286818825,1.0295479e-16,1.4493211e-15
1205.5561453868777,4.1787296e-16,1.5224953e-15
1205.6096617716794,7.223845e-17,1.4322373e-15
1205.663177836293,6.6609623e-16,1.5448068e-15
1205.7166935807243,3.3093567e-16,1.4927866e-15
1205.7702090049793,1.6496315e-16,1.4686986e-15
1205.8237241090635,8.3485956e-17,1.4702117e-15
1205.8772388929826,1.4403904e-16,1.4260076e-15
1205.930753356743,3.1760734e-16,1.5337844e-15
1205.9842675003495,8.808026e-16,1.5963474e-15
1206.0377813238083,7.926811e-16,1.6049521e-15
1206.0912948271252,2.2625886e-16,1.4413367e-15
1206.144808010306,2.397835e-16,1.463206e-15
1206.1983208733561,8.644738e-16,1.6134314e-15
1206.2518334162817,2.3505792e-16,1.525355e-15
1206.305345639088,4.0552973e-16,1.5309326e-15
1206.3588575417814,3.444585e-16,1.4801587e-15
1206.4123691243672,4.440846e-16,1.4798468e-15
1206.465880386851,1.5601219e-16,1.4805877e-15
1206.519391329239,4.2651206e-16,1.5817844e-15
1206.5729019515366,2.9250054e-16,1.5413157e-15
1206.6264122537498,3.784119e-16,1.480466e-15
1206.679922235884,4.7391573e-16,1.4926655e-15
1206.7334318979456,8.563372e-17,1.4288855e-15
1206.7869412399396,1.1143736e-15,1.6575283e-15
1206.8404502618719,1.5056453e-15,1.7155726e-15
1206.8939589637487,7.3320326e-16,1.5546957e-15
1206.9474673455752,1.6689568e-16,1.419367e-15
1207.0009754073576,7.604703e-17,1.4145493e-15
1207.0544831491013,4.9433086e-16,1.5082731e-15
1207.1079905708123,6.7431224e-16,1.5480676e-15
1207.1614976724961,4.2440768e-16,1.5693731e-15
1207.2150044541584,-3.190638e-16,1.4789768e-15
1207.268510915805,8.807886e-16,1.5544933e-15
1207.322017057442,5.373813e-16,1.4829924e-15
1207.375522879075,2.0660235e-16,1.4665435e-15
1207.4290283807093,4.979604e-16,1.4531587e-15
1207.4825335623514,1.0872563e-15,1.6525006e-15
1207.5360384240064,3.9985215e-16,1.4749365e-15
1207.58954296568,-4.0584194e-17,1.4154698e-15
1207.6430471873782,4.948609e-16,1.5373196e-15
1207.6965510891068,1.7868319e-15,1.7482848e-15
1207.7500546708716,1.0476891e-15,1.6083492e-15
1207.803557932678,1.6115952e-15,1.6071508e-15
1207.857060874532,5.0336087e-16,1.5006185e-15
1207.9105634964394,5.1075547e-16,1.5131558e-15
1207.9640657984055,2.9641542e-16,1.4837e-15
1208.0175677804366,1.0244526e-15,1.6370095e-15
1208.0710694425381,1.0695033e-15,1.5673116e-15
1208.124570784716,1.9814595e-16,1.4027223e-15
1208.1780718069758,2.7004517e-16,1.453574e-15
1208.2315725093233,6.6679744e-17,1.3779458e-15
1208.2850728917642,2.1493178e-16,1.4770541e-15
1208.3385729543047,7.4728165e-17,1.3795654e-15
1208.3920726969495,6.910731e-17,1.3554391e-15
1208.4455721197053,3.9273937e-16,1.4712928e-15
1208.4990712225776,4.8663043e-16,1.5028725e-15
1208.5525700055719,4.966444e-16,1.4765908e-15
1208.6060684686938,6.333412e-17,1.4031831e-15
1208.65956661195,1.6824948e-16,1.3699034e-15
1208.713064435345,1.8152735e-16,1.4533724e-15
1208.7665619388854,1.0699957e-17,1.4077233e-15
1208.8200591225764,6.222301e-16,1.5662022e-15
1208.8735559864242,1.9738953e-16,1.4581818e-15
1208.927052530434,1.7310413e-16,1.417805e-15
1208.9805487546123,5.5299933e-16,1.4920022e-15
1209.0340446589637,4.369635e-16,1.4868025e-15
1209.0875402434951,4.2824382e-16,1.4349628e-15
1209.1410355082116,1.3452755e-16,1.3973115e-15
1209.1945304531191,3.183316e-17,1.3475049e-15
1209.2480250782237,-8.071616e-18,1.3304116e-15
1209.3015193835301,4.049954e-16,1.4347648e-15
1209.355013369045,1.898899e-16,1.3954277e-15
1209.408507034774,2.5894507e-16,1.4018564e-15
1209.4620003807227,1.7713857e-16,1.410546e-15
1209.5154934068964,3.3212345e-16,1.3613905e-15
1209.5689861133014,6.152901e-16,1.4718521e-15
1209.6224784999433,7.266056e-16,1.4283409e-15
1209.675970566828,4.2819236e-16,1.452325e-15
1209.7294623139608,1.1573321e-16,1.3550158e-15
1209.7829537413477,1.671447e-16,1.4002616e-15
1209.8364448489945,-1.05153846e-16,1.3143442e-15
1209.8899356369068,2.2886677e-16,1.4223589e-15
1209.9434261050903,3.951105e-16,1.4096342e-15
1209.9969162535506,3.700235e-16,1.3345065e-15
1210.050406082294,6.0192787e-16,1.3924864e-15
1210.1038955913257,1.0598431e-16,1.3128062e-15
1210.157384780652,2.0650068e-16,1.3992851e-15
1210.2108736502776,1.1711493e-15,1.511078e-15
1210.264362200209,3.471884e-16,1.363075e-15
1210.3178504304522,-4.2799685e-16,1.1589851e-15
1210.371338341012,1.7248881e-16,1.3415802e-15
1210.4248259318952,1.4420977e-16,1.3976052e-15
1210.4783132031068,7.374078e-17,1.3060573e-15
1210.5318001546525,-1.1516899e-16,1.2764044e-15
1210.5852867865383,6.23159e-17,1.3393016e-15
1210.6387730987701,1.4148006e-15,1.6743307e-15
1210.6922590913534,2.3422998e-15,1.906984e-15
1210.7457447642937,1.1231532e-16,1.3409317e-15
1210.799230117597,4.1039834e-16,1.3706786e-15
1210.8527151512694,2.9177455e-16,1.3506692e-15
1210.906199865316,-2.8639034e-16,1.2120719e-15
1210.9596842597425,2.1323708e-16,1.3309305e-15
1211.0131683345555,1.5437616e-16,1.3141672e-15
1211.0666520897598,4.6996363e-16,1.3916508e-15
1211.1201355253615,4.733147e-16,1.3605806e-15
1211.173618641366,-1.8123933e-17,1.2454153e-15
1211.2271014377798,1.1016846e-16,1.3204554e-15
1211.2805839146079,3.3656796e-16,1.3735404e-15
1211.3340660718563,9.205595e-16,1.4993621e-15
1211.3875479095307,4.3622414e-16,1.3786679e-15
1211.441029427637,4.3284247e-16,1.3692494e-15
1211.4945106261807,1.480688e-16,1.3394961e-15
1211.5479915051674,2.404434e-17,1.2503263e-15
1211.601472064603,2.2049411e-16,1.2535616e-15
1211.6549523044935,3.9224236e-17,1.2979925e-15
1211.7084322248443,6.9064573e-16,1.3897646e-15
1211.7619118256612,1.2998121e-15,1.4880838e-15
1211.8153911069498,-1.336251e-18,1.2275242e-15
1211.868870068716,-1.6891497e-16,1.2167033e-15
1211.9223487109657,-1.6773117e-16,1.2287612e-15
1211.975827033704,2.521448e-16,1.3074233e-15
1212.0293050369373,5.2033515e-16,1.3816712e-15
1212.0827827206713,5.293428e-16,1.3220346e-15
1212.136260084911,3.2731423e-16,1.3112962e-15
1212.189737129663,3.1734116e-16,1.3536352e-15
1212.2432138549325,-1.129282e-16,1.1906061e-15
1212.2966902607254,-7.0119465e-17,1.1981967e-15
1212.3501663470477,3.254361e-16,1.30671e-15
1212.4036421139044,4.0816056e-16,1.3516922e-15
1212.4571175613016,-8.161808e-17,1.2168414e-15
1212.5105926892454,-3.2636457e-16,1.1943366e-15
1212.564067497741,-1.1805453e-16,1.2334936e-15
1212.617541986794,-1.4683786e-16,1.1976323e-15
1212.671016156411,4.010941e-16,1.3440872e-15
1212.724490006597,1.6062289e-17,1.1943781e-15
1212.7779635373581,-1.5056045e-16,1.2003493e-15
1212.8314367486994,-8.944492e-17,1.1713492e-15
1212.884909640627,2.354832e-17,1.2229947e-15
