trappist-1/STIS/new_bk_means/TRAPPIST-1_G140M_newbk_mean_2017-11.ecsv
# %ECSV 0.9
# ---
# datatype:
# - name: WAVELENGTH
#   unit: Angstrom
#   datatype: float64
# - name: FLUX
#   unit: erg / (Angstrom cm2 s)
#   datatype: float64
# - name: ERROR
#   unit: erg / (Angstrom cm2 s)
#   datatype: float64
# delimiter: ','
# schema: astropy-2.0
WAVELENGTH,FLUX,ERROR
[from data line 500]
1221.5283118381517,-6.344697781442805e-16,8.21351034142174e-16
1221.581889163451,-6.133661767963305e-16,8.061867324368091e-16
1221.6354662451872,-7.311957669445263e-16,7.782207268803727e-16
1221.6890430833637,8.996912846833254e-16,1.2306504409006136e-15
1221.7426196779834,2.4569931084292426e-15,1.5416690572697522e-15
1221.7961960290502,1.1424438529536632e-15,1.2927085916824896e-15
1221.8497721365668,-1.4831132623014516e-16,1.0251685165921194e-15
1221.9033480005376,-8.607838795322893e-16,6.799700478259854e-16
1221.9569236209645,4.037535809621425e-16,1.0767575064581571e-15
1222.0104989978518,2.7919572514055594e-15,1.7146159840505146e-15
1222.064074131202,1.3226055388926947e-15,1.391971135838985e-15
1222.1176490210194,-1.3407967578302413e-16,9.007853784066692e-16
1222.1712236673068,3.519615015192638e-17,9.055694334435095e-16
1222.2247980700677,1.0225489673805942e-16,1.069581383988514e-15
1222.278372229305,-8.245654352435237e-16,6.522937407364684e-16
1222.3319461450226,-1.0194171427457048e-15,5.689903438790467e-16
1222.3855198172237,-7.069300891189006e-16,6.990635872338128e-16
1222.439093245911,-4.872837644182618e-16,7.641898888957934e-16
1222.4926664310885,2.954263679005855e-16,1.1163825472124726e-15
1222.5462393727591,1.6538947810665611e-15,1.3581468953765684e-15
1222.5998120709266,2.0473275450939807e-15,1.4343011190046733e-15
1222.653384525594,5.926418196604258e-16,1.0703291863083735e-15
1222.7069567367646,2.0825480026779965e-17,1.0352988586962406e-15
1222.7605287044419,-2.395912813925495e-16,9.226861181066734e-16
1222.8141004286292,-3.8376897357405854e-16,8.583607637627406e-16
1222.8676719093294,-9.334877000985561e-17,9.120694401216459e-16
1222.9212431465464,7.568181745677155e-16,1.1311247526108411e-15
1222.9748141402833,5.598729141430699e-16,1.1201273197433291e-15
1223.028384890543,-1.476757215315159e-16,8.800147378257354e-16
1223.0819553973295,-5.089959525976075e-16,7.516136394542837e-16
1223.135525660646,-3.2122330176311943e-16,7.988936234302246e-16
1223.1890956804953,4.340325744571705e-16,1.0441717731745286e-15
1223.2426654568812,3.7334493487781574e-17,9.81428053605052e-16
1223.296234989807,9.994826573069566e-16,1.2466520628630883e-15
1223.3498042792758,5.85361418222047e-16,1.027139109309262e-15
1223.4033733252909,-5.342637851629247e-16,7.4083862219741e-16
1223.4569421278559,-8.460042618541639e-16,6.646474033050043e-16
1223.510510686974,-4.020038900028184e-16,7.802428406057981e-16
1223.5640790026484,-9.368507048171905e-16,5.324824268581828e-16
1223.6176470748824,6.98373152744108e-16,1.080258840005215e-15
1223.6712149036796,1.7966606928889457e-15,1.3280752072618665e-15
1223.724782489043,-1.889218005036791e-16,7.302148418340907e-16
1223.7783498309764,-4.526386132300804e-16,7.336251844625118e-16
1223.831916929482,-4.462984509216562e-16,7.022257185502034e-16
1223.8854837845647,9.317577585451646e-16,1.1520278229591028e-15
1223.9390503962265,8.754084727587423e-16,1.1198295455584066e-15
1223.9926167644714,3.171540831979301e-16,9.923075331926861e-16
1224.0461828893026,-1.3933568174090163e-16,7.63193508251802e-16
1224.0997487707236,-3.705583415239863e-17,9.290831553187926e-16
1224.1533144087373,-4.3993256082286344e-16,7.723597255304877e-16
1224.2068798033472,-2.0376568350621964e-16,8.3579559407508435e-16
1224.2604449545563,-3.9091288256323396e-16,7.156063705038645e-16
1224.3140098623687,-8.377775928783772e-17,8.593057302430141e-16
1224.3675745267872,2.8480703707859704e-16,9.837985111057185e-16
1224.421138947815,-4.498347068443389e-16,7.446423398914744e-16
1224.4747031254556,3.629135113044937e-16,9.28718168055902e-16
1224.528267059712,-3.448661125314824e-16,7.606135421415097e-16
1224.5818307505883,-5.204646421834531e-16,6.817871896214817e-16
1224.6353941980874,-6.398634082334947e-16,5.003838120761637e-16
1224.6889574022123,-8.164482479116047e-16,5.853188923641995e-16
1224.7425203629666,5.202094397433839e-17,8.595860976099834e-16
1224.7960830803538,5.00059287482531e-16,1.0207663533303655e-15
1224.8496455543768,-1.9774132087487097e-16,7.258588183668101e-16
1224.9032077850393,7.870870217864517e-17,8.377259636886809e-16
1224.9567697723444,-5.99828296448011e-16,6.595647441179526e-16
1225.0103315162953,-1.172658691135194e-16,8.376769022819756e-16
1225.0638930168957,-7.107735801326738e-17,8.236663990886159e-16
1225.1174542741487,2.7821125593456135e-16,8.663243976105067e-16
1225.1710152880573,7.770023739690832e-17,9.31241910055386e-16
1225.2245760586254,1.4810570737404111e-16,8.827972524993778e-16
1225.278136585856,-4.4376664805682735e-16,6.457513753906589e-16
1225.3316968697527,2.045954468615588e-17,8.004276929651768e-16
1225.3852569103183,4.616456998096254e-16,9.615866211582755e-16
1225.4388167075563,-3.987696462063681e-16,5.946148038753436e-16
1225.4923762614703,-2.0165489836888363e-16,7.838729513297185e-16
1225.5459355720636,-6.676060964214306e-16,4.996963427961665e-16
1225.5994946393394,-1.708600697735909e-16,7.313798916488362e-16
1225.6530534633005,-2.203858076541159e-16,8.168270212458326e-16
1225.7066120439508,4.567864262238796e-15,1.7102086929175349e-15
1225.7601703812936,8.947295913435996e-15,2.2171611717272974e-15
1225.8137284753323,1.2962656385885739e-15,1.0671876991258915e-15
1225.86728632607,3.3997337150519952e-16,9.124979462335652e-16
1225.9208439335098,6.319387555499853e-17,8.641410306653435e-16
1225.9744012976553,-1.9330211258311172e-16,7.6515140816805885e-16
1226.02795841851,4.702303533953009e-17,7.536590148755502e-16
1226.0815152960768,-6.496126016320364e-16,5.956354047501932e-16
1226.1350719303591,1.77710262952023e-16,8.837220761948992e-16
1226.1886283213605,1.3394269382579274e-15,1.0464619571817081e-15
1226.2421844690841,-4.473090975092944e-16,5.509025761985808e-16
1226.2957403735331,-6.637884662157372e-16,5.282970434452685e-16
1226.3492960347112,-2.401772424262621e-16,7.678929631898115e-16
1226.4028514526217,3.769303316952658e-16,9.78728646898453e-16
1226.4564066272671,1.9954033071557775e-16,7.726179170701987e-16
1226.5099615586516,-1.7612759847289138e-16,7.238410832728032e-16
1226.5635162467781,2.3749519281102724e-16,8.498791098864353e-16
1226.6170706916505,2.3192829891633745e-16,8.489976186323476e-16
1226.6706248932712,8.469761707238294e-16,1.0967960978355265e-15
1226.724178851644,-4.925069017862146e-16,4.37154310839647e-16
1226.7777325667726,-1.8588648264972766e-16,7.53452249396388e-16
1226.8312860386595,-3.229459998545078e-17,7.242406104072573e-16
1226.8848392673085,-4.100746694005109e-16,5.787653754094393e-16
1226.938392252723,-1.4993873692413505e-16,7.666124754070547e-16
1226.9919449949057,1.0860261538042926e-16,8.094518866721154e-16
1227.0454974938607,-9.180113855441373e-17,7.998644313633516e-16
1227.099049749591,4.279663895930256e-17,8.368072588024234e-16
1227.1526017620997,1.0982102859027195e-15,9.559903831371684e-16
1227.2061535313906,6.279056228066958e-16,9.168976022579546e-16
1227.2597050574666,5.455781961622975e-16,8.962053506436991e-16
1227.3132563403308,3.290883532542731e-16,8.486688786114448e-16
1227.3668073799872,1.778658224144215e-15,1.2089502751426004e-15
1227.4203581764386,5.395876458375829e-16,9.469202931316926e-16
1227.4739087296887,-3.9213259211567274e-16,5.649213900215351e-16
1227.52745903974,-1.9768853635447238e-16,6.762986833339593e-16
1227.581009106597,-1.728114903768356e-16,6.325431937330805e-16
1227.6345589302623,9.858648265534936e-17,8.156155848465444e-16
1227.688108510739,1.1293733092122326e-16,7.092056889388766e-16
1227.741657848031,-1.408630273578773e-16,6.424802823296797e-16
1227.7952069421415,-1.9550545276105505e-16,5.523936618703147e-16
1227.8487557930735,-1.3416105783376547e-16,6.514471640943427e-16
1227.9023044008304,-7.981933047558778e-17,7.207496909660273e-16
1227.9558527654156,-1.832149305689452e-16,6.680844560859173e-16
1228.0094008868325,-3.030253562366527e-16,6.369892431568597e-16
1228.062948765084,-3.5012746482824693e-16,5.973404686080135e-16
1228.1164964001741,2.653394492038471e-16,8.334053530186482e-16
1228.1700437921054,-2.704567094598726e-16,6.207463933155413e-16
1228.2235909408819,-2.1601896901792876e-16,6.024763884266926e-16
1228.2771378465063,-7.148512314812436e-17,6.265164952115803e-16
1228.3306845089826,-4.73364910947293e-16,4.905062771318987e-16
1228.3842309283132,-1.1965870865855346e-16,5.265899401037287e-16
1228.4377771045022,2.0106876191228411e-16,8.394205955822369e-16
1228.4913230375523,5.533426887109646e-16,8.358017648591232e-16
1228.5448687274675,3.1491115941830177e-16,7.26200820239281e-16
1228.5984141742504,-2.0450587583779717e-16,5.199206278197387e-16
1228.6519593779049,7.488023157747068e-16,9.084191094449745e-16
1228.705504338434,2.2306404169811503e-16,7.067161725710524e-16
1228.7590490558412,5.994308047451355e-17,6.996947078028812e-16
1228.8125935301293,-1.876973770312266e-16,5.585490770922961e-16
1228.8661377613023,-2.094215282577706e-16,4.974626489472439e-16
1228.919681749363,1.1575812458642776e-16,7.221396440629754e-16
1228.973225494315,-7.957461363441307e-17,5.49198309498512e-16
1229.0267689961615,-7.257568359442048e-17,5.690639884833684e-16
1229.080312254906,-1.680959513160615e-17,6.488996177225221e-16
1229.1338552705515,-2.145288362870046e-16,4.940628604098133e-16
1229.1873980431014,-4.564200951970451e-17,6.089701696855884e-16
1229.2409405725593,-7.714707691207851e-17,5.86531001598845e-16
1229.2944828589282,-1.8669283200288778e-16,6.20891077962785e-16
1229.3480249022116,-4.420053267686764e-17,6.443019921779121e-16
1229.4015667024125,-5.173271608390857e-16,3.680775603435424e-16
1229.4551082595342,-2.0593095649746303e-16,5.762571484483455e-16
1229.5086495735807,-1.1218145207079374e-16,5.598945307282438e-16
1229.5621906445547,1.0429840928925335e-15,8.894299199867116e-16
1229.6157314724596,2.678905652135508e-15,1.2973145798737049e-15
1229.6692720572987,-3.440525446179738e-17,5.31526855842573e-16
1229.7228123990753,-5.423669745434451e-17,6.257998401359925e-16
1229.7763524977931,2.1017558511049358e-16,7.62521799737141e-16
1229.829892353455,-6.634562273324448e-17,5.6737169462538305e-16
1229.8834319660643,3.5472728391901113e-16,6.742657197653275e-16
1229.9369713356243,5.0966883091101716e-17,6.425260988176958e-16
1229.9905104621384,-1.6289536502210022e-16,4.652526622312316e-16
1230.0440493456101,-1.544240232822521e-16,4.951050693229861e-16
1230.0975879860425,4.91381290391296e-16,7.84466412680883e-16
1230.1511263834393,6.374072432289282e-16,8.170417635979958e-16
1230.204664537803,8.86049878490489e-16,8.855709614707392e-16
1230.2582024491373,1.5333630042726893e-16,6.391099196943654e-16
1230.3117401174459,-3.955157148455979e-17,5.911925628394626e-16
1230.3652775427317,-8.183881906120078e-17,5.362370429320287e-16
1230.418814724998,-2.0977331256939693e-17,5.798904557907532e-16
1230.4723516642482,1.1463958074748212e-16,6.240178507329974e-16
1230.5258883604859,5.009264812281285e-16,8.274650251057012e-16
1230.5794248137138,2.6619477937174607e-16,6.851501888999823e-16
1230.6329610239356,2.0233148208858373e-16,7.270573340884294e-16
1230.6864969911544,1.2034178479099862e-16,5.903026692072686e-16
1230.740032715374,-7.632729027100177e-18,4.955961868810166e-16
1230.793568196597,1.1518734056187332e-16,5.682770878050627e-16
1230.8471034348274,-7.149217512238358e-17,4.894055986396816e-16
1230.9006384300678,1.279320218988054e-16,6.019173140608306e-16
1230.9541731823224,1.3424035153529624e-17,5.040600279391183e-16
1231.0077076915939,-1.0773960417444412e-19,5.979537785889973e-16
1231.0612419578854,-6.898632368983636e-17,4.831696860833345e-16
1231.1147759812004,2.57514086561801e-17,5.125392192317242e-16
1231.1683097615428,-4.035832576848634e-17,4.73174994367136e-16
1231.221843298915,-1.0486193528662974e-16,4.637449259415185e-16
1231.2753765933212,-1.957979887911684e-16,4.543638113731866e-16
1231.3289096447638,-2.518725461286078e-16,4.2365177939242226e-16
1231.3824424532468,1.5925515528089662e-17,5.485335679541405e-16
1231.4359750187734,2.90763209290047e-16,6.416949486998489e-16
1231.4895073413463,-1.7829091401170844e-16,3.96764674100113e-16
1231.5430394209698,-1.4664058617734056e-16,4.3259490020362166e-16
1231.5965712576465,-1.1649035681122977e-16,4.786727174391789e-16
1231.6501028513794,3.580075054054964e-17,5.51909396639773e-16
1231.7036342021731,6.398226736137711e-17,5.229708500965097e-16
1231.7571653100297,5.632636628068214e-16,6.628732906588043e-16
1231.810696174953,9.517843802746027e-16,8.904559773273667e-16
1231.864226796946,3.295140969856612e-16,6.954396462883149e-16
1231.9177571760124,1.4944261936468568e-16,5.542297508043946e-16
1231.9712873121555,-1.3788419391935029e-16,3.8118190663724394e-16
1232.0248172053782,-4.299207681933697e-17,4.3000353725948453e-16
1232.0783468556842,7.438648267946587e-16,8.215143962179727e-16
1232.1318762630765,8.800827478616173e-16,8.288793978453106e-16
1232.1854054275589,2.194527649904983e-16,5.451198050524005e-16
1232.238934349134,2.2481448314209405e-16,5.291564627201087e-16
1232.2924630278055,2.321307966210197e-16,5.913999384845763e-16
1232.345991463577,1.903923642788077e-16,5.482381720819762e-16
1232.3995196564513,1.8178975656320582e-16,4.861139587487077e-16
1232.4530476064317,-3.132690083797783e-16,2.8010021916837895e-16
1232.5065753135223,-1.0529886854012075e-16,3.926375596083123e-16
1232.5601027777252,-1.1402583707346704e-16,3.64380790077782e-16
1232.6136299990449,-4.468049874138297e-17,4.643092297185395e-16
1232.6671569774835,4.812972417234499e-17,4.96405278254845e-16
1232.7206837130454,-6.569411673081266e-17,4.193244498756808e-16
1232.7742102057332,-1.3377930942604872e-16,3.5682891254634165e-16
1232.8277364555504,-1.7063357005883425e-17,4.1007185747693143e-16
1232.8812624625002,-1.3295794463647822e-16,2.987839027224018e-16
1232.9347882265868,5.14574017844145e-17,4.1979956189267494e-16
1232.9883137478118,-3.937101008653045e-17,3.831204026701644e-16
1233.04183902618,9.774945854015368e-17,4.549842516689018e-16
1233.0953640616942,4.117828178566238e-16,5.682451505245372e-16
1233.1488888543577,9.150654269391027e-16,7.496353161234072e-16
1233.2024134041735,8.75184397881978e-16,7.638324597862499e-16
1233.2559377111454,5.017722006274697e-16,6.776034872680137e-16
1233.3094617752765,3.028202253609437e-16,5.51585117153891e-16
1233.3629855965698,3.9407529809232207e-16,5.407097855216657e-16
1233.4165091750294,3.4932403244147726e-16,5.60006792434808e-16
1233.4700325106578,2.274641126621839e-16,5.103184477151136e-16
1233.523555603459,9.040119072723729e-17,4.502164173211868e-16
1233.5770784534354,2.762372876896782e-16,5.485221527462722e-16
1233.630601060591,4.3961155625692834e-16,6.685576365458169e-16
1233.6841234249289,3.4553191618167416e-16,5.792939759630713e-16
1233.7376455464525,5.547073885019753e-16,6.677592912668969e-16
1233.791167425165,3.671900222589088e-16,5.386478393254001e-16
1233.8446890610699,3.258966278704243e-16,5.629532969823551e-16
1233.89821045417,2.3345100575111765e-16,4.907976008036182e-16
1233.9517316044694,2.107688770003329e-17,4.115296070739718e-16
1234.0052525119706,1.8900804414114213e-16,5.321326356705564e-16
1234.0587731766775,3.2226588325676187e-16,5.035494002041677e-16
1234.112293598593,4.962364216643807e-16,5.628968232639076e-16
1234.1658137777208,3.6325292575374427e-16,5.496034144241399e-16
1234.2193337140636,1.754590739411929e-16,4.812468354344904e-16
1234.2728534076255,3.9059726254851285e-17,4.00482418481146e-16
1234.326372858409,5.598207399421639e-16,7.025535153254634e-16
1234.379892066418,3.662756081207792e-16,5.600084698573395e-16
1234.4334110316559,5.54681020096244e-17,4.283940676121292e-16
1234.4869297541252,1.9830910046435094e-16,4.619713345847108e-16
1234.5404482338297,1.5531384287085234e-16,4.3979925947836563e-16
1234.593966470773,1.988873480115446e-16,4.865834405678902e-16
1234.6474844649579,3.931459421286124e-16,5.790208246048211e-16
1234.7010022163881,5.165580443946713e-16,6.452064123921021e-16
1234.7545197250665,3.5059561173216763e-16,5.545421216862614e-16
1234.8080369909967,7.164212391682409e-17,3.919534671341234e-16
1234.8615540141816,2.4290457122050516e-16,4.427536455265174e-16
