trappist-1/STIS/new_bk_means/TRAPPIST-1_G140M_newbk_mean_2016-11.ecsv
# %ECSV 0.9
# ---
# datatype:
# - name: WAVELENGTH
#   unit: Angstrom
#   datatype: float64
# - name: FLUX
#   unit: erg / (Angstrom cm2 s)
#   datatype: float32
# - name: ERROR
#   unit: erg / (Angstrom cm2 s)
#   datatype: float32
# delimiter: ','
# schema: astropy-2.0
WAVELENGTH,FLUX,ERROR
1194.2344293039505,-5.5879473e-16,4.9965696e-17
1194.2876218198187,-1.8388412e-16,1.7393159e-19
1194.3408141228788,-1.8362372e-16,1.7368528e-19
1194.3940062131326,-1.6727635e-16,1.9444125e-19
1194.4471980905832,-9.359573e-20,2.801543e-19
1194.5003897552328,2.7361902e-15,1.9329146e-15
1194.5535812070846,-2.085099e-18,2.7998502e-19
1194.6067724461404,5.237081e-19,2.7141075e-19
1194.659963472403,-1.20731394e-17,2.6637338e-19
1194.7131542858754,-9.653108e-19,2.6908798e-19
1194.7663448865596,6.7876683e-20,2.6049763e-19
1194.819535274458,-4.2758856e-18,2.675904e-19
1194.8727254495739,-6.0677937e-18,2.7010585e-19
1194.9259154119095,-5.321694e-18,2.6778507e-19
1194.9791051614668,1.275347e-15,1.2815757e-15
1195.0322946982492,-4.480992e-18,2.6406557e-19
1195.0854840222587,-6.77662e-18,2.6727565e-19
1195.138673133498,-5.7990655e-18,2.6433203e-19
1195.1918620319702,-5.4500466e-18,2.6287068e-19
1195.2450507176768,-6.342708e-18,2.634424e-19
1195.298239190621,-3.157671e-18,2.5669485e-19
1195.3514274508057,-6.121879e-18,2.6131408e-19
1195.4046154982327,-6.9086977e-18,2.6188667e-19
1195.4578033329049,-6.851877e-18,2.610518e-19
1195.5109909548246,-8.3073526e-18,2.6270282e-19
1195.5641783639949,9.01023e-16,1.08229e-15
1195.6173655604177,-6.99844e-18,2.5828461e-19
1195.670552544096,-8.067153e-18,2.5934782e-19
1195.7237393150324,-5.438037e-18,2.5375171e-19
1195.7769258732292,-5.8073154e-18,2.5362702e-19
1195.830112218689,-8.3590456e-18,2.5740364e-19
1195.8832983514144,-5.292109e-18,2.5086082e-19
1195.9364842714078,-1.0444878e-17,2.5939495e-19
1195.9896699786723,-5.2545015e-18,2.490793e-19
1196.0428554732098,-1.012287e-17,2.574311e-19
1196.0960407550228,-9.2470645e-18,2.5471246e-19
1196.1492258241146,-7.667081e-18,2.51261e-19
1196.2024106804872,-8.834373e-18,2.5196648e-19
1196.2555953241433,-1.26098515e-17,2.586299e-19
1196.3087797550852,-8.20558e-18,2.4947612e-19
1196.3619639733156,-1.5768263e-17,2.6264329e-19
1196.4151479788375,-1.2730097e-17,2.5655327e-19
1196.4683317716526,1.2778287e-15,1.2901168e-15
1196.5215153517643,-1.0795023e-17,2.5095277e-19
1196.5746987191746,-1.193929e-17,2.5262709e-19
1196.6278818738863,-1.2279691e-17,2.5226478e-19
1196.6810648159021,-1.571413e-17,2.5811339e-19
1196.734247545224,-1.6143177e-17,2.5864953e-19
1196.7874300618548,-1.8719314e-17,2.624151e-19
1196.8406123657974,-1.1238523e-17,2.477636e-19
1196.8937944570541,-1.65913e-17,2.5688707e-19
1196.9469763356271,-1.4570403e-17,2.525133e-19
1197.0001580015196,-1.4278592e-17,2.513079e-19
1197.0533394547335,1.2921186e-15,1.3081684e-15
1197.1065206952721,1.2924055e-15,1.3087811e-15
1197.1597017231375,-1.3361648e-17,2.4742823e-19
1197.2128825383322,-1.6332147e-17,2.5237167e-19
1197.2660631408585,-1.4129874e-17,2.4756257e-19
1197.3192435307196,1.2181578e-15,1.2354222e-15
1197.3724237079177,-1.4186768e-17,2.4645174e-19
1197.4256036724555,-1.9222104e-17,2.5556458e-19
1197.4787834243355,-1.4072283e-17,2.4520448e-19
1197.5319629635599,1.2418669e-15,1.2587523e-15
1197.5851422901317,-1.932555e-17,2.5346052e-19
1197.6383214040534,-1.8917402e-17,2.5215246e-19
1197.6915003053273,-1.8556872e-17,2.5079723e-19
1197.7446789939563,-2.292056e-17,2.5871092e-19
1197.7978574699428,-1.5860219e-17,2.447535e-19
1197.8510357332889,-1.86652e-17,2.4921086e-19
1197.9042137839979,-1.8527398e-17,2.482897e-19
1197.957391622072,-1.4953133e-17,2.411751e-19
1198.0105692475136,-2.5794711e-17,2.6101798e-19
1198.0637466603255,-1.6705707e-17,2.4356173e-19
1198.11692386051,-2.1069159e-17,2.5081988e-19
1198.17010084807,-2.2624134e-17,2.5316553e-19
1198.2232776230078,-1.9259392e-17,2.466412e-19
1198.276454185326,-1.8664917e-17,2.4418907e-19
1198.329630535027,-2.1580907e-17,2.4963404e-19
1198.3828066721137,-1.7166827e-17,2.4031427e-19
1198.4359825965885,1.2258036e-15,1.2499068e-15
1198.489158308454,-2.1550667e-17,2.477094e-19
1198.5423338077126,-2.4086406e-17,2.5203294e-19
1198.5955090943667,-1.9431409e-17,2.4253023e-19
1198.648684168419,-2.1325363e-17,2.4550506e-19
1198.7018590298724,-2.0594293e-17,2.4374304e-19
1198.755033678729,-2.0489069e-17,2.4266662e-19
1198.8082081149917,-2.289724e-17,2.4655473e-19
1198.8613823386627,2.2670242e-15,1.7069899e-15
1198.9145563497448,-2.0200869e-17,2.40348e-19
1198.9677301482402,1.156432e-15,1.1769186e-15
1199.020903734152,-2.2804656e-17,2.4431736e-19
1199.0740771074823,-2.2345384e-17,2.4290583e-19
1199.1272502682339,-2.1692113e-17,2.410892e-19
1199.1804232164093,1.1809085e-15,1.2053064e-15
1199.233595952011,-2.4201043e-17,2.4436342e-19
1199.2867684750415,-2.047459e-17,2.3697908e-19
1199.3399407855034,-2.7318227e-17,2.4924175e-19
1199.3931128833992,-2.2350165e-17,2.3936748e-19
1199.4462847687316,3.4550402e-16,6.6761363e-16
1199.499456441503,-2.3911002e-17,2.4119074e-19
1199.552627901716,2.2672444e-15,1.6192287e-15
1199.605799149373,-2.248623e-17,2.3729387e-19
1199.6589701844773,-2.4899041e-17,2.4121768e-19
1199.7121410070304,-1.9652701e-17,2.305958e-19
1199.7653116170352,-2.6889698e-17,2.437421e-19
1199.8184820144943,-2.4407167e-17,2.384089e-19
1199.8716521994106,1.1942332e-15,1.2208987e-15
1199.9248221717862,-2.0866172e-17,2.3068524e-19
1199.977991931624,-2.7554021e-17,2.4310887e-19
1200.0311614789262,-2.0686866e-17,2.2967238e-19
1200.0843308136955,1.1365142e-15,1.1593722e-15
1200.1374999359343,1.1689871e-15,1.1938497e-15
1200.1906688456454,-2.4867076e-17,2.3584287e-19
1200.2438375428312,-2.1324576e-17,2.2836603e-19
1200.2970060274943,-2.9373293e-17,2.436701e-19
1200.3501742996375,-2.1542637e-17,2.2804736e-19
1200.4033423592628,-2.937428e-17,2.4276226e-19
1200.456510206373,-2.1336133e-17,2.2674243e-19
1200.5096778409707,-2.5975523e-17,2.3501292e-19
1200.5628452630583,-2.4085757e-17,2.3059865e-19
1200.6160124726389,-2.4496898e-17,2.3098096e-19
1200.6691794697144,-2.727464e-17,2.3568862e-19
1200.7223462542875,-2.855923e-17,2.3776027e-19
1200.775512826361,-2.2982388e-17,2.2661378e-19
1200.828679185937,-2.5961803e-17,2.317726e-19
1200.8818453330186,-2.1501902e-17,2.2279782e-19
1200.935011267608,-2.745516e-17,2.3351515e-19
1200.9881769897077,-2.4800996e-17,2.2814024e-19
1201.0413424993203,-2.673039e-17,2.313735e-19
1201.0945077964486,-2.5557687e-17,2.2871797e-19
1201.147672881095,1.1074417e-15,1.1301335e-15
1201.2008377532618,-2.5503327e-17,2.2733893e-19
1201.2540024129516,-2.6348646e-17,2.291835e-19
1201.3071668601676,-2.2229359e-17,2.204498e-19
1201.3603310949115,-2.9552076e-17,2.343665e-19
1201.4134951171864,-2.5835618e-17,2.270265e-19
1201.4666589269946,1.0329628e-15,1.0530466e-15
1201.5198225243387,-3.3936812e-17,2.4536317e-19
1201.5729859092212,-4.9076917e-17,2.959952e-19
1201.6261490816444,-8.272304e-17,5.3084947e-19
1201.6793120416114,-9.288811e-17,7.212318e-19
1201.7324747891246,-7.246917e-17,4.0282918e-19
1201.7856373241862,-5.763805e-17,3.709136e-19
1201.8387996467989,1.0904461e-15,1.1215028e-15
1201.8919617569654,-2.5111607e-17,2.2130568e-19
1201.9451236546881,-2.8507132e-17,2.2765192e-19
1201.99828533997,-2.4669567e-17,2.1977183e-19
1202.0514468128129,-2.7515233e-17,2.2441516e-19
1202.1046080732199,1.0995613e-15,1.1276747e-15
1202.157769121193,1.1004384e-15,1.1298084e-15
1202.2109299567355,1.105596e-15,1.1313505e-15
1202.2640905798494,-3.0883218e-17,2.2951636e-19
1202.3172509905373,-2.657463e-17,2.2080527e-19
1202.3704111888019,-2.6497977e-17,2.202617e-19
1202.4235711746458,1.1082794e-15,1.1372138e-15
1202.4767309480712,-2.9253765e-17,2.2477266e-19
1202.529890509081,-2.6404027e-17,2.1878493e-19
1202.583049857678,1.0243789e-15,1.0703761e-15
1202.6362089938639,-2.8956562e-17,2.2287094e-19
1202.6893679176417,-2.8919535e-17,2.224084e-19
1202.742526629014,-3.1466698e-17,2.26747e-19
1202.7956851279837,-7.188093e-18,1.5513393e-16
1202.8488434145524,-3.0615764e-17,2.2434878e-19
1202.9020014887235,-2.8393663e-17,2.1960916e-19
1202.9551593504993,-3.0622137e-17,2.2352902e-19
1203.0083169998823,1.1139242e-15,1.1418442e-15
1203.0614744368747,-3.152821e-17,2.2446213e-19
1203.1146316614797,1.0494826e-15,1.0762805e-15
1203.1677886736995,-3.1098414e-17,2.2251973e-19
1203.2209454735364,-3.076814e-17,2.218508e-19
1203.2741020609938,-2.9741113e-17,2.195427e-19
1203.3272584360732,-2.6111367e-17,2.1201756e-19
1203.3804145987779,1.069829e-15,1.103976e-15
1203.4335705491096,-2.6074624e-17,2.1090331e-19
1203.4867262870719,-3.4167125e-17,2.2615335e-19
1203.5398818126666,-3.0788688e-17,2.1953963e-19
1203.593037125897,-3.4130845e-17,2.254948e-19
1203.6461922267645,-2.8653973e-17,2.145844e-19
1203.6993471152725,-3.052302e-17,2.175085e-19
1203.7525017914236,-2.8773415e-17,2.1392836e-19
1203.8056562552197,-3.0841595e-17,2.1773157e-19
1203.8588105066642,-2.693382e-17,2.0961088e-19
1203.9119645457586,-3.42754e-17,2.2375186e-19
1203.9651183725064,-2.8094488e-17,2.1117661e-19
1204.0182719869094,-3.096265e-17,2.1657693e-19
1204.0714253889707,-3.0308387e-17,2.1509698e-19
1204.1245785786928,-2.7837503e-17,2.099611e-19
1204.177731556078,9.945636e-16,1.0229759e-15
1204.2308843211288,-2.8436848e-17,2.1041753e-19
1204.284036873848,9.784104e-16,1.0023571e-15
1204.337189214238,-3.452945e-17,2.2134327e-19
1204.3903413423013,-2.7471552e-17,2.0771295e-19
1204.4434932580405,-3.196718e-17,2.1609344e-19
1204.496644961458,-2.9435907e-17,2.1086623e-19
1204.5497964525568,-3.0760405e-17,2.1343239e-19
1204.602947731339,-2.868655e-17,2.0887735e-19
1204.6560987978075,-3.238308e-17,2.1589502e-19
1204.7092496519647,-2.9377925e-17,2.0970591e-19
1204.7624002938128,-2.9058802e-17,2.0926686e-19
1204.8155507233546,-3.563012e-17,2.216312e-19
1204.8687009405926,-2.888587e-17,2.0852976e-19
1204.9218509455295,-3.2701795e-17,2.1498984e-19
1204.975000738168,-3.42483e-17,2.1774684e-19
1205.0281503185101,-3.0488408e-17,2.1075249e-19
1205.0812996865589,-3.1422328e-17,2.1158905e-19
1205.1344488423165,-3.1564825e-17,2.1196941e-19
1205.1875977857858,-3.154146e-17,2.1159285e-19
1205.2407465169688,-3.5099325e-17,2.1798714e-19
1205.293895035869,-3.2501415e-17,2.131248e-19
1205.347043342488,-3.551963e-17,2.185436e-19
1205.4001914368287,-3.156449e-17,2.1074491e-19
1205.4533393188938,-3.219545e-17,2.1177142e-19
1205.5064869886853,-2.7471527e-17,2.0240147e-19
1205.5596344462065,-3.032918e-17,2.0776157e-19
1205.6127816914595,-2.7689234e-17,2.02328e-19
1205.665928724447,-3.0200116e-17,2.0677668e-19
1205.7190755451713,-3.179586e-17,2.099183e-19
1205.7722221536353,-2.8314584e-17,2.0286672e-19
1205.8253685498412,-2.910818e-17,2.0418793e-19
1205.8785147337917,-3.12433e-17,2.081998e-19
1205.9316607054893,-2.818248e-17,2.0200313e-19
1205.9848064649366,-3.2276836e-17,2.098714e-19
1206.0379520121362,-3.302029e-17,2.1106753e-19
1206.0910973470907,-3.1291826e-17,2.0767602e-19
1206.1442424698023,1.0161041e-15,1.0483528e-15
1206.197387380274,9.973314e-16,1.0317738e-15
1206.2505320785076,-3.4023573e-17,2.1215236e-19
1206.3036765645065,-3.2599492e-17,2.0913839e-19
1206.3568208382728,-3.3787426e-17,2.1128054e-19
1206.409964899809,-3.0885988e-17,2.0546298e-19
1206.463108749118,-3.311412e-17,2.0927154e-19
1206.516252386202,-3.073666e-17,2.0450032e-19
1206.5693958110637,-3.4132304e-17,2.108879e-19
1206.6225390237055,-3.375516e-17,2.1009878e-19
1206.6756820241303,-3.2784963e-17,2.0788922e-19
1206.72882481234,-3.0205003e-17,2.0269114e-19
1206.781967388338,-3.3746458e-17,2.0923431e-19
1206.8351097521258,-2.7339361e-17,1.9680021e-19
1206.8882519037065,-3.481378e-17,2.1080703e-19
1206.9413938430832,-3.1163573e-17,2.0387353e-19
1206.9945355702578,-3.4307584e-17,2.0953076e-19
1207.0476770852326,-2.9282577e-17,1.9948233e-19
1207.1008183880106,-3.7424414e-17,2.1536631e-19
1207.1539594785943,9.576643e-16,9.884323e-16
1207.2071003569858,-3.4759248e-17,2.0992847e-19
1207.2602410231884,-2.9685735e-17,1.9975414e-19
1207.313381477204,-3.2412407e-17,2.0476106e-19
1207.3665217190357,9.466923e-16,9.770499e-16
1207.4196617486855,-2.9769572e-17,1.9920207e-19
1207.4728015661562,9.868477e-16,1.0199565e-15
1207.52594117145,-3.30882e-17,2.0535179e-19
1207.5790805645704,-3.2127003e-17,2.0307239e-19
1207.6322197455188,-3.382603e-17,2.062618e-19
1207.6853587142984,-2.937534e-17,1.9759696e-19
1207.7384974709116,-3.5084386e-17,2.0821547e-19
1207.7916360153608,-3.075218e-17,1.9979807e-19
1207.8447743476486,-3.476062e-17,2.0726758e-19
1207.8979124677778,-3.232948e-17,2.0234312e-19
1207.9510503757506,9.837465e-16,1.0179931e-15
1208.0041880715698,-3.1722373e-17,2.0065172e-19
1208.0573255552376,-3.2615814e-17,2.0223233e-19
1208.1104628267572,-3.1381072e-17,1.9957919e-19
1208.1635998861304,-3.0766315e-17,1.9839812e-19
1208.21673673336,-3.454625e-17,2.0545338e-19
1208.2698733684483,5.2821975e-16,7.348646e-16
1208.3230097913986,-3.1089315e-17,1.9847291e-19
1208.3761460022129,-3.0127777e-17,1.9647866e-19
1208.4292820008939,4.922126e-16,7.0642516e-16
1208.4824177874436,9.727989e-16,1.0064465e-15
1208.5355533618654,4.2957448e-16,6.711102e-16
1208.5886887241613,-3.522252e-17,2.0548571e-19
1208.641823874334,-3.1241646e-17,1.980398e-19
1208.6949588123857,-3.0489434e-17,1.960205e-19
1208.7480935383196,9.506194e-16,9.827994e-16
1208.8012280521377,-3.0002165e-17,1.9490214e-19
1208.854362353843,-3.3755388e-17,2.017289e-19
1208.9074964434376,9.399447e-16,9.725052e-16
1208.960630320924,-3.296931e-17,2.0008375e-19
1209.0137639863055,-3.354316e-17,2.0097171e-19
1209.0668974395837,-3.2873938e-17,1.9979985e-19
1209.1200306807616,-2.8481926e-17,1.9091521e-19
1209.1731637098414,-3.4372458e-17,2.0234537e-19
1209.2262965268264,-2.9575045e-17,1.9272865e-19
1209.2794291317184,-3.3838e-17,2.00599e-19
1209.33256152452,9.793212e-16,1.0117002e-15
1209.3856937052342,9.403389e-16,9.734578e-16
1209.4388256738632,-3.2508708e-17,1.9771599e-19
1209.49195743041,-3.1679926e-17,1.959194e-19
1209.5450889748763,9.231622e-16,9.558872e-16
1209.598220307265,-3.1445886e-17,1.9523736e-19
1209.6513514275787,9.370299e-16,9.709292e-16
1209.70448233582,-3.3827498e-17,1.9966555e-19
1209.757613031992,9.497539e-16,9.813061e-16
1209.810743516096,-3.1672904e-17,1.9501796e-19
1209.8638737881356,-3.2490986e-17,1.9650827e-19
1209.9170038481125,9.296871e-16,9.607305e-16
1209.97013369603,-3.3555594e-17,1.9820902e-19
1210.0232633318903,-3.4738224e-17,2.0081006e-19
1210.0763927556957,-2.945753e-17,1.9028526e-19
1210.129521967449,-3.1552715e-17,1.9422771e-19
1210.1826509671528,-3.505273e-17,2.0088543e-19
1210.2357797548095,-2.953756e-17,1.9007756e-19
1210.288908330422,-3.4386292e-17,1.9903775e-19
1210.3420366939922,-3.118151e-17,1.9319872e-19
1210.395164845523,-3.5261955e-17,2.0086048e-19
1210.4482927850172,-2.7826683e-17,1.8643052e-19
1210.5014205124767,-3.6285313e-17,2.0259457e-19
1210.5545480279045,-2.9536175e-17,1.8932061e-19
1210.6076753313032,-3.3968887e-17,1.9798113e-19
1210.660802422675,-2.9583003e-17,1.8898025e-19
1210.7139293020227,-3.4781873e-17,1.9941851e-19
1210.7670559693488,-3.0480454e-17,1.905638e-19
1210.8201824246555,-3.2681787e-17,1.9485095e-19
1210.873308667946,9.080819e-16,9.394618e-16
1210.9264346992222,9.198541e-16,9.515826e-16
1210.979560518487,9.239757e-16,9.547064e-16
1211.0326861257429,8.8662274e-16,9.175353e-16
1211.0858115209924,-2.7571806e-17,1.8421735e-19
1211.138936704238,-3.516457e-17,1.9904863e-19
1211.192061675482,-2.868181e-17,1.8626638e-19
1211.2451864347274,-3.528625e-17,1.9887348e-19
1211.2983109819763,-3.002166e-17,1.8859154e-19
1211.351435317232,-3.11195e-17,1.9062774e-19
1211.4045594404959,-2.943698e-17,1.8707377e-19
1211.4576833517715,-3.1573408e-17,1.9115953e-19
1211.5108070510607,-3.0628377e-17,1.8910847e-19
1211.5639305383665,-3.1597108e-17,1.9116755e-19
1211.6170538136914,9.258596e-16,9.589867e-16
1211.6701768770376,-2.843254e-17,1.8493184e-19
1211.723299728408,-3.1149733e-17,1.8992583e-19
1211.7764223678046,-2.9072583e-17,1.859166e-19
1211.829544795231,-3.061237e-17,1.8889331e-19
1211.8826670106882,-3.1669225e-17,1.9081278e-19
1211.9357890141803,-2.9773516e-17,1.872477e-19
1211.9889108057087,-2.8639014e-17,1.8462806e-19
1212.0420323852763,-3.168329e-17,1.9035026e-19
1212.0951537528856,7.396389e-16,8.3653006e-16
1212.1482749085396,-2.9800485e-17,1.8644223e-19
1212.2013958522405,-3.4569023e-17,1.9584694e-19
1212.2545165839908,-2.814745e-17,1.8338811e-19
