trappist-1/STIS/new_bk_means/TRAPPIST-1_G140M_newbk_mean_2016-11.ecsv
# %ECSV 0.9
# ---
# datatype:
# - name: WAVELENGTH
#   unit: Angstrom
#   datatype: float64
# - name: FLUX
#   unit: erg / (Angstrom cm2 s)
#   datatype: float32
# - name: ERROR
#   unit: erg / (Angstrom cm2 s)
#   datatype: float32
# delimiter: ','
# schema: astropy-2.0
WAVELENGTH,FLUX,ERROR
[from data line 681]
1230.409392337969,-1.421181e-17,1.4755894e-19
1230.462440519998,-9.705931e-18,1.3860634e-19
1230.5154884909462,-1.160359e-17,1.4210721e-19
1230.568536250816,6.796232e-16,6.9375397e-16
1230.62158379961,-1.2074719e-17,1.4323745e-19
1230.6746311373308,-1.2576676e-17,1.4407341e-19
1230.727678263981,-1.1511843e-17,1.4225486e-19
1230.7807251795628,-1.26644545e-17,1.4421458e-19
1230.8337718840787,-1.1723497e-17,1.4232948e-19
1230.8868183775317,-1.1820646e-17,1.4253706e-19
1230.9398646599238,-1.15028265e-17,1.4180921e-19
1230.9929107312578,-1.4349314e-17,1.4798348e-19
1231.0459565915362,6.721572e-16,6.851634e-16
1231.0990022407614,-1.4089194e-17,1.4740048e-19
1231.152047678936,-1.3074705e-17,1.4528527e-19
1231.2050929060626,-1.3239755e-17,1.455317e-19
1231.2581379221435,-1.4181553e-17,1.4749622e-19
1231.3111827271814,-1.3636409e-17,1.4624043e-19
1231.3642273211785,6.6682076e-16,7.006522e-16
1231.417271704138,6.735675e-16,6.8558084e-16
1231.470315876062,-1.34661554e-17,1.4586645e-19
1231.5233598369527,-1.4138085e-17,1.470199e-19
1231.5764035868133,-1.3714745e-17,1.4622156e-19
1231.6294471256456,-1.309797e-17,1.4479515e-19
1231.6824904534526,-1.3884397e-17,1.4652499e-19
1231.7355335702368,-1.1256304e-17,1.4096157e-19
1231.7885764760008,-1.1822987e-17,1.4206059e-19
1231.8416191707465,-1.33212135e-17,1.450961e-19
1231.8946616544772,-1.0284305e-17,1.3887401e-19
1231.9477039271947,-1.3304301e-17,1.4503769e-19
1232.000745988902,6.507159e-16,6.6304156e-16
1232.0537878396017,-1.2090719e-17,1.425906e-19
1232.106829479296,-1.0573064e-17,1.3932478e-19
1232.1598709079876,-1.191355e-17,1.4211844e-19
1232.212912125679,-1.13879965e-17,1.4093631e-19
1232.2659531323725,-1.32321675e-17,1.4463637e-19
1232.318993928071,-1.1511297e-17,1.4092172e-19
1232.372034512777,-1.4036249e-17,1.4621539e-19
1232.4250748864924,-1.16734325e-17,1.4151765e-19
1232.4781150492204,-1.4304813e-17,1.4675204e-19
1232.531155000963,-1.2352117e-17,1.4268403e-19
1232.5841947417232,-1.1940542e-17,1.4174417e-19
1232.6372342715033,-1.1471076e-17,1.4069072e-19
1232.6902735903057,-1.2812669e-17,1.4350936e-19
1232.7433126981334,6.563092e-16,6.6782963e-16
1232.7963515949882,-1.4116878e-17,1.4595265e-19
1232.849390280873,-1.2364137e-17,1.4209638e-19
1232.9024287557904,-1.3485273e-17,1.4439908e-19
1232.9554670197426,-1.13971865e-17,1.4013609e-19
1233.0085050727328,-1.2093051e-17,1.4130838e-19
1233.0615429147626,-1.154305e-17,1.4025014e-19
1233.114580545835,-1.07578065e-17,1.3864086e-19
1233.1676179659526,1.556545e-16,3.33064e-16
1233.2206551751176,-1.2697987e-17,1.4255313e-19
1233.273692173333,-9.6024726e-18,1.3613449e-19
1233.326728960601,-1.1178177e-17,1.3928354e-19
1233.379765536924,6.123022e-16,6.2297325e-16
1233.432801902305,-1.1440598e-17,1.397963e-19
1233.485838056746,-1.1219978e-17,1.3913603e-19
1233.5388740002495,-1.1439203e-17,1.3974309e-19
1233.5919097328183,6.1862585e-16,6.2781584e-16
1233.6449452544546,-1.0168238e-17,1.3694586e-19
1233.6979805651617,-1.1102923e-17,1.3871414e-19
1233.7510156649412,-1.2432676e-17,1.4155105e-19
1233.804050553796,6.567894e-16,6.698937e-16
1233.8570852317287,6.506507e-16,6.642033e-16
1233.9101196987417,-1.0042955e-17,1.3665136e-19
1233.9631539548377,-1.13536826e-17,1.3914708e-19
1234.0161880000187,-1.054846e-17,1.3731883e-19
1234.0692218342874,-1.05823945e-17,1.3742966e-19
1234.1222554576468,-1.2563369e-17,1.415219e-19
1234.1752888700994,6.3794636e-16,6.5090014e-16
1234.228322071647,-1.2039895e-17,1.4040968e-19
1234.2813550622927,-1.3379287e-17,1.4297114e-19
1234.3343878420387,-1.20965015e-17,1.405761e-19
1234.387420410888,-1.07817194e-17,1.3768949e-19
1234.4404527688423,-1.28201555e-17,1.4163338e-19
1234.4934849159047,-1.0984003e-17,1.3786131e-19
1234.5465168520777,-1.1882191e-17,1.3950972e-19
1234.599548577364,-1.3732824e-17,1.4370149e-19
1234.6525800917655,-1.2639529e-17,1.411793e-19
1234.7056113952851,-1.1630452e-17,1.3910094e-19
1234.7586424879255,6.350633e-16,6.471908e-16
1234.8116733696888,-1.21414646e-17,1.3996408e-19
1234.8647040405776,-1.06484664e-17,1.3686652e-19
1234.9177345005946,-1.4442656e-17,1.4466454e-19
1234.9707647497423,-1.208745e-17,1.399067e-19
1235.0237947880232,-1.2858819e-17,1.4114169e-19
1235.0768246154396,-1.2568177e-17,1.4064798e-19
1235.1298542319944,-1.2900979e-17,1.4136032e-19
1235.1828836376894,-1.1929929e-17,1.3919581e-19
1235.2359128325281,-1.326483e-17,1.4196206e-19
1235.2889418165125,-1.1462046e-17,1.3805957e-19
1235.341970589645,-1.1485115e-17,1.3801556e-19
1235.3949991519285,6.584335e-16,6.724355e-16
1235.448027503365,-1.16485435e-17,1.3835516e-19
1235.5010556439574,-1.1405939e-17,1.3765036e-19
1235.5540835737079,-1.24963226e-17,1.398093e-19
1235.6071112926195,-1.1128085e-17,1.3705934e-19
1235.660138800694,-1.2714669e-17,1.3999833e-19
1235.713166097935,-1.18326234e-17,1.3831555e-19
1235.7661931843438,-1.3457452e-17,1.4144441e-19
1235.819220059924,6.072221e-16,6.1874364e-16
1235.872246724677,-1.2845255e-17,1.4008566e-19
1235.9252731786062,-1.1368344e-17,1.3666844e-19
1235.978299421714,-1.4166697e-17,1.4271133e-19
1236.0313254540024,-1.11536645e-17,1.3608118e-19
1236.0843512754745,-1.363627e-17,1.4129948e-19
1236.1373768861324,6.167998e-16,6.2887416e-16
1236.1904022859787,-1.1933031e-17,1.3741785e-19
1236.2434274750162,-1.2850845e-17,1.3914176e-19
1236.2964524532474,-1.103547e-17,1.3538786e-19
1236.3494772206743,-1.153931e-17,1.3619341e-19
1236.4025017772997,6.4333253e-16,6.56508e-16
1236.4555261231262,-1.1085203e-17,1.3526521e-19
1236.5085502581562,-1.13382896e-17,1.3570253e-19
1236.5615741823924,5.911768e-16,6.015924e-16
1236.6145978958373,-1.195783e-17,1.3686791e-19
1236.667621398493,-1.0615242e-17,1.3401019e-19
1236.7206446903626,-1.1615025e-17,1.3595233e-19
1236.7736677714483,6.142987e-16,6.2713144e-16
1236.8266906417527,-1.1840641e-17,1.3664609e-19
1236.879713301278,-1.1926572e-17,1.3644497e-19
1236.9327357500272,-1.2185971e-17,1.368794e-19
1236.9857579880024,-1.1064932e-17,1.3433904e-19
1237.0387800152064,-1.20798686e-17,1.3648678e-19
1237.0918018316418,-1.0334286e-17,1.3274075e-19
1237.1448234373106,-1.3704919e-17,1.3960618e-19
1237.1978448322157,-1.3601087e-17,1.3931755e-19
1237.2508660163596,-1.0933453e-17,1.3378667e-19
1237.3038869897448,-1.1729091e-17,1.3516671e-19
1237.356907752374,-1.5196123e-17,1.4267854e-19
1237.4099283042492,-1.0808003e-17,1.3307908e-19
1237.4629486453732,-1.4880255e-17,1.4149322e-19
1237.5159687757487,-1.2312755e-17,1.3635659e-19
1237.5689886953778,-1.1301331e-17,1.336634e-19
1237.6220084042636,-1.1231207e-17,1.3340824e-19
1237.675027902408,-1.0757358e-17,1.3233913e-19
1237.7280471898139,-1.2636928e-17,1.3606353e-19
1237.7810662664835,-1.2575595e-17,1.3699529e-19
1237.83408513242,6.1833993e-16,6.299408e-16
1237.887103787625,-1.21966234e-17,1.3513414e-19
1237.9401222321012,-1.1560023e-17,1.3351515e-19
1237.9931404658514,-9.808831e-18,1.2953236e-19
1238.0461584888783,-1.3881156e-17,1.3807904e-19
1238.0991763011843,-1.0791599e-17,1.3150136e-19
1238.1521939027714,-1.25328765e-17,1.3488858e-19
1238.2052112936426,-1.3702944e-17,1.3749406e-19
1238.2582284738005,-1.1728832e-17,1.332028e-19
1238.3112454432471,-1.3195034e-17,1.3597223e-19
1238.3642622019856,-1.2453699e-17,1.3454785e-19
1238.4172787500179,-1.3061979e-17,1.3566527e-19
1238.4702950873468,6.346126e-16,6.475298e-16
1238.523311213975,-1.2283841e-17,1.3395394e-19
1238.5763271299043,-1.323193e-17,1.3582276e-19
1238.6293428351378,-1.1541357e-17,1.3202285e-19
1238.682358329678,-1.3086967e-17,1.3517623e-19
1238.7353736135274,-1.1945887e-17,1.3270475e-19
1238.7883886866882,1.2408405e-15,8.86729e-16
1238.8414035491633,-1.1593189e-17,1.3186506e-19
1238.894418200955,-1.2042639e-17,1.3262914e-19
1238.9474326420657,-1.18099934e-17,1.317843e-19
1239.0004468724985,-1.1983666e-17,1.3212453e-19
1239.053460892255,-1.2218571e-17,1.3228106e-19
1239.1064747013384,-1.2136262e-17,1.3230595e-19
1239.159488299751,6.0050877e-16,6.137539e-16
1239.2125016874954,-1.20446e-17,1.3190788e-19
1239.265514864574,-1.3858424e-17,1.3557773e-19
1239.3185278309893,5.8200984e-16,5.940769e-16
1239.3715405867438,-1.3538207e-17,1.347483e-19
1239.4245531318402,-1.2426122e-17,1.3213746e-19
1239.4775654662808,6.014902e-16,6.1510077e-16
1239.530577590068,-1.1782653e-17,1.3042609e-19
1239.5835895032048,-1.5402292e-17,1.3829524e-19
1239.636601205693,-1.3045979e-17,1.329898e-19
1239.6896126975357,5.1462265e-16,5.285124e-16
1239.7426239787355,-1.2852896e-17,1.326265e-19
1239.7956350492943,-1.2784008e-17,1.3201543e-19
1239.8486459092153,-1.3311076e-17,1.3300587e-19
1239.9016565585002,-1.2414803e-17,1.3104649e-19
1239.9546669971523,6.1268185e-16,6.2641464e-16
1240.007677225174,-1.4994657e-17,1.3640909e-19
1240.0606872425672,-1.23435555e-17,1.3042552e-19
1240.1136970493346,-1.4695307e-17,1.3518683e-19
1240.1667066454795,-1.2932936e-17,1.3156411e-19
1240.2197160310034,-1.3726783e-17,1.3305111e-19
1240.2727252059094,-1.3083544e-17,1.3151971e-19
1240.3257341701997,-1.3011929e-17,1.3128121e-19
1240.378742923877,-1.2535927e-17,1.300106e-19
1240.431751466944,-1.37609825e-17,1.3250021e-19
1240.4847597994028,-1.2007471e-17,1.2867256e-19
1240.537767921256,-1.391288e-17,1.3237592e-19
1240.5907758325063,-1.484833e-17,1.343457e-19
1240.643783533156,6.007445e-16,6.1744477e-16
1240.6967910232079,5.6628e-16,5.9063184e-16
1240.7497983026644,-3.0382172e-17,1.8205702e-19
1240.8028053715275,-1.6090474e-17,1.3764447e-19
1240.8558122298007,-1.3538588e-17,1.3074616e-19
1240.9088188774854,-1.4155553e-17,1.3171573e-19
1240.961825314585,-1.4038208e-17,1.3136523e-19
1241.0148315411018,5.6002e-16,5.719659e-16
1241.0678375570378,5.9420526e-16,6.1048857e-16
1241.120843362396,1.1683964e-15,8.351613e-16
1241.1738489571792,-1.3350099e-17,1.2929797e-19
1241.2268543413893,5.9358925e-16,6.071812e-16
1241.2798595150289,5.610718e-16,5.734049e-16
1241.3328644781004,6.117481e-16,6.262438e-16
1241.385869230607,5.8429815e-16,5.9890534e-16
1241.4388737725506,5.831746e-16,5.984309e-16
1241.491878103934,-1.5853626e-17,1.3380202e-19
1241.5448822247592,-1.3277539e-17,1.2815309e-19
1241.5978861350295,5.881769e-16,6.0148355e-16
1241.6508898347467,-1.4572876e-17,1.3061665e-19
1241.7038933239137,-1.3722396e-17,1.2846662e-19
1241.7568966025328,-1.5176061e-17,1.3144843e-19
1241.8098996706067,-1.6587332e-17,1.3440394e-19
1241.8629025281382,5.8353497e-16,5.9910534e-16
1241.915905175129,5.604921e-16,5.7547164e-16
1241.968907611582,-1.5143682e-17,1.3069797e-19
1242.0219098374998,5.927322e-16,6.0695983e-16
1242.074911852885,-1.5811587e-17,1.3182343e-19
1242.12791365774,-1.4742316e-17,1.2928242e-19
1242.180915252067,-1.67265e-17,1.3340598e-19
1242.233916635869,5.667881e-16,5.813069e-16
1242.2869178091485,-1.4983318e-17,1.2928383e-19
1242.3399187719074,-1.6803124e-17,1.33095e-19
1242.392919524149,-1.4897442e-17,1.2905655e-19
1242.4459200658753,5.5400735e-16,5.6980293e-16
1242.4989203970888,5.7668274e-16,5.932818e-16
1242.551920517792,-1.3794798e-17,1.2613914e-19
1242.6049204279877,-1.6318943e-17,1.3164435e-19
1242.6579201276782,5.7184613e-16,5.8765584e-16
1242.7109196168665,-1.5101195e-17,1.2851626e-19
1242.7639188955543,-1.6587787e-17,1.3154134e-19
1242.8169179637446,-1.4278924e-17,1.2650312e-19
1242.8699168214396,-1.7157043e-17,1.3254883e-19
1242.922915468642,-1.4144492e-17,1.2584146e-19
1242.9759139053544,-1.6664084e-17,1.3108919e-19
1243.0289121315793,-1.5643135e-17,1.2862412e-19
1243.0819101473191,-1.5503156e-17,1.283715e-19
1243.1349079525764,1.172077e-15,8.403362e-16
1243.1879055473535,-1.6908139e-17,1.3083761e-19
1243.240902931653,-1.6247606e-17,1.2922867e-19
1243.2939001054774,6.050495e-16,6.223671e-16
1243.3468970688295,-1.6072192e-17,1.2862058e-19
1243.3998938217114,-1.725478e-17,1.3086602e-19
1243.452890364126,-1.592365e-17,1.278357e-19
1243.5058866960753,-1.6446372e-17,1.2881358e-19
1243.558882817562,-1.78663e-17,1.3187846e-19
1243.611878728589,-1.8016424e-17,1.3196136e-19
1243.6648744291585,1.1280597e-16,2.7154198e-16
1243.717869919273,-1.8099643e-17,1.3177106e-19
1243.7708651989346,-1.682578e-17,1.2896011e-19
1243.8238602681465,5.678716e-16,5.8553985e-16
1243.876855126911,9.874786e-17,2.581942e-16
1243.9298497752309,-1.7846102e-17,1.3045243e-19
1243.9828442131077,-1.8902129e-17,1.3251459e-19
1244.0358384405451,-1.7426087e-17,1.2936775e-19
1244.0888324575446,-1.6377569e-17,1.2676128e-19
1244.1418262641093,-1.730937e-17,1.2874936e-19
1244.1948198602418,-1.576026e-17,1.2515381e-19
1244.2478132459441,-1.7230778e-17,1.2806859e-19
1244.3008064212192,-1.7082661e-17,1.2765558e-19
1244.3537993860693,-1.7998168e-17,1.2947403e-19
1244.406792140497,-1.6081744e-17,1.2509304e-19
1244.4597846845047,-1.6149808e-17,1.2505879e-19
1244.5127770180952,-1.81626e-17,1.2914096e-19
1244.565769141271,5.5907684e-16,5.7641365e-16
1244.618761054034,-1.762143e-17,1.275387e-19
1244.6717527563874,-1.8997961e-17,1.3048822e-19
1244.724744248333,5.570204e-16,5.7408955e-16
1244.7777355298742,-1.7376684e-17,1.2636626e-19
1244.830726601013,-1.7636897e-17,1.2676109e-19
1244.883717461752,-1.780817e-17,1.2723043e-19
1244.9367081120936,-1.7797327e-17,1.2656755e-19
1244.9896985520406,-1.910361e-17,1.2953179e-19
1245.0426887815947,-1.807423e-17,1.2696571e-19
1245.0956788007593,5.8448333e-16,6.032649e-16
1245.1486686095368,-1.8926392e-17,1.28623e-19
1245.2016582079293,-1.7628557e-17,1.253438e-19
1245.2546475959393,-2.011924e-17,1.3071881e-19
1245.3076367735698,-1.8445418e-17,1.2685595e-19
1245.360625740823,-1.9885708e-17,1.2972357e-19
1245.4136144977012,-2.1185728e-17,1.328318e-19
1245.4666030442074,-1.983158e-17,1.2931331e-19
1245.5195913803436,-1.9260942e-17,1.2793085e-19
1245.5725795061128,-2.1323106e-17,1.3211244e-19
1245.6255674215172,-1.808536e-17,1.248935e-19
1245.678555126559,-1.9961676e-17,1.2874601e-19
1245.7315426212413,-1.9204604e-17,1.2684156e-19
1245.7845299055664,-1.9025144e-17,1.2645285e-19
1245.8375169795368,-2.0617502e-17,1.2940236e-19
1245.8905038431549,1.1185805e-15,8.0470623e-16
1245.943490496423,-2.0909127e-17,1.2977684e-19
1245.9964769393441,-2.0186473e-17,1.2829463e-19
1246.0494631719207,1.1447864e-15,8.2478266e-16
1246.1024491941548,-2.0109542e-17,1.2790757e-19
1246.1554350060492,-1.9612507e-17,1.2637744e-19
1246.2084206076067,-2.0861874e-17,1.2886732e-19
1246.261405998829,-1.9843438e-17,1.2647493e-19
1246.3143911797195,-2.0575671e-17,1.2782351e-19
1246.3673761502803,-2.1079072e-17,1.2868902e-19
1246.4203609105136,5.7401893e-16,5.946234e-16
1246.4733454604225,-2.071403e-17,1.2726432e-19
1246.5263298000093,-1.9266762e-17,1.2389728e-19
1246.5793139292762,-2.1092571e-17,1.2761905e-19
1246.632297848226,-1.9652349e-17,1.241852e-19
1246.6852815568614,-2.0388784e-17,1.2572645e-19
1246.7382650551842,-2.0247165e-17,1.2513446e-19
1246.7912483431976,-2.2525152e-17,1.3021269e-19
1246.8442314209037,-2.0260472e-17,1.2488165e-19
1246.8972142883056,-2.1836503e-17,1.2819124e-19
1246.950196945405,5.5288583e-16,5.7469894e-16
1247.0031793922046,-2.002661e-17,1.2374459e-19
1247.0561616287073,-2.289102e-17,1.2989421e-19
1247.1091436549157,-2.0496619e-17,1.2447392e-19
1247.1621254708314,5.3633173e-16,5.584615e-16
1247.2151070764578,-2.263573e-17,1.2871525e-19
1247.2680884717968,-2.1083927e-17,1.2509658e-19
1247.3210696568515,-2.3575326e-17,1.3045244e-19
1247.3740506316242,-2.252957e-17,1.2804417e-19
1247.427031396117,-2.2987111e-17,1.2883771e-19
1247.4800119503327,-2.1291834e-17,1.2479156e-19
1247.532992294274,-2.3100612e-17,1.2876872e-19
1247.585972427943,5.5137377e-16,5.7365423e-16
1247.6389523513426,-2.3568085e-17,1.2931106e-19
1247.691932064475,-2.423123e-17,1.3067904e-19
1247.744911567343,5.1885056e-16,5.4097993e-16
1247.7978908599487,-2.375786e-17,1.2901898e-19
1247.850869942295,5.1877454e-16,5.405917e-16
1247.903848814384,-2.4380573e-17,1.2990716e-19
1247.9568274762187,-2.3204451e-17,1.271859e-19
1248.0098059278012,-2.4452362e-17,1.2976401e-19
1248.0627841691344,-2.2697618e-17,1.2571031e-19
1248.11576220022,2.889131e-19,1.2586623e-19
1248.1687400210615,-8.6573467e-19,1.3088874e-19
1248.2217176316606,3.6833502e-19,1.2539921e-19
1248.2746950320204,-1.6156724e-18,1.3445746e-19
