trappist-1/STIS/new_bk_means/TRAPPIST-1_G140M_newbk_mean_2016-09.ecsv
# %ECSV 0.9
# ---
# datatype:
# - name: WAVELENGTH
#   unit: Angstrom
#   datatype: float64
# - name: FLUX
#   unit: erg / (Angstrom cm2 s)
#   datatype: float64
# - name: ERROR
#   unit: erg / (Angstrom cm2 s)
#   datatype: float64
# delimiter: ','
# schema: astropy-2.0
WAVELENGTH,FLUX,ERROR
1194.561430516253,-7.799705874221447e-16,5.470322534574851e-16
1194.6149972243475,-9.789203971617292e-16,8.317804319647348e-17
1194.668563642398,-7.349237895237558e-16,6.257923514696238e-17
1194.7221297704089,1.0582626271413887e-16,5.745004550412415e-16
1194.7756956083847,-1.0162450113098262e-15,1.190039648908551e-16
1194.8292611563304,3.7218738931740237e-16,3.9330060403727606e-16
1194.8828264142508,6.588372130055e-17,3.064522965645303e-16
1194.9363913821505,-5.013567222556241e-16,9.625967712870839e-17
1194.989956060034,1.6080929656446172e-16,2.8611391446720218e-16
1195.0435204479063,-8.239725628278314e-17,8.96388819228649e-16
1195.0970845457718,2.2428089578166196e-16,4.3739776425631176e-16
1195.1506483536357,-8.152087100134384e-17,9.59393969106334e-17
1195.2042118715021,1.0892460107211157e-16,2.8666299281572665e-16
1195.2577750993762,3.5176013641859895e-16,5.31252266823413e-16
1195.3113380372629,5.246632937471321e-16,6.898226684858719e-16
1195.3649006851658,2.8794171828991703e-16,4.458862575201209e-16
1195.418463043091,-1.3529009142947674e-16,2.533569587303477e-17
1195.4720251110423,-1.5926411336279157e-16,2.33432790229409e-19
1195.5255868890245,-1.613356742446908e-16,2.348129947529358e-19
1195.5791483770429,-1.6161826277881189e-16,2.3354059989255082e-19
1195.6327095751014,-1.6210424796409778e-16,2.324031565958151e-19
1195.6862704832056,2.6618198155748684e-16,4.2772877118128255e-16
1195.7398311013592,-1.6507724630538463e-16,2.3340824608455247e-19
1195.7933914295677,-1.65383001747257e-16,2.319456941527762e-19
1195.8469514678352,2.068755565850918e-16,3.7271898973729986e-16
1195.9005112161672,-1.3372199229248076e-16,3.223671303541559e-17
1195.9540706745677,-1.6888343257861913e-16,2.3303477072396066e-19
1196.0076298430417,-1.6868841891885015e-16,2.3047258269011507e-19
1196.0611887215937,2.454568902662919e-16,4.1785118666366767e-16
1196.114747310229,-1.3065684554563945e-16,4.1226441149071373e-17
1196.1683056089514,-1.752135930859014e-16,2.3624922432456733e-19
1196.2218636177663,-8.219950914345511e-17,9.141622443354541e-17
1196.2754213366784,1.0338758242404949e-16,2.8047997106197434e-16
1196.328978765692,-8.58511674347251e-17,9.103668659666759e-17
1196.382535904812,8.13905636098771e-18,2.949210856751793e-16
1196.436092754043,-1.533717645469634e-16,1.009719841482098e-16
1196.48964931339,9.989845378331092e-17,2.7897438362280725e-16
1196.5432055828576,1.8611867153890485e-16,4.217521155912524e-16
1196.5967615624504,5.888883945148648e-17,2.545607813009302e-16
1196.650317252173,3.4636896447909245e-16,5.250853815593873e-16
1196.7038726520304,2.7638378719935227e-16,4.0852984460090085e-16
1196.7574277620272,4.563761770530761e-16,4.78007315000693e-16
1196.810982582168,5.110170896267669e-16,6.93601084186217e-16
1196.8645371124576,2.485523983491969e-16,4.2994833851589277e-16
1196.9180913529003,6.473494932695359e-16,8.32839590093228e-16
1196.9716453035016,2.521101712657453e-16,4.370062167411681e-16
1197.0251989642659,8.536578063992714e-17,2.7351712658439994e-16
1197.0787523351976,-1.8711792669537768e-16,2.266710389697008e-19
1197.1323054163015,2.425812901557853e-16,4.527108460882487e-16
1197.1858582075827,-3.4171805072621614e-16,2.119391305501384e-16
1197.2394107090454,1.867464018053975e-16,3.7081336060249325e-16
1197.2929629206944,2.1102754985818127e-16,3.817787168186732e-16
1197.3465148425348,7.863920294290358e-17,2.708724941733621e-16
1197.400066474571,-1.1708884204202863e-16,7.866241821232523e-17
1197.4536178168075,3.980345628728598e-17,2.4817624444537444e-16
1197.5071688692497,-1.901586739953499e-16,2.195282513953401e-19
1197.5607196319013,2.2473414991227926e-16,4.1719068368013755e-16
1197.614270104768,-1.079319504725308e-16,8.435101158721692e-17
1197.6678202878536,4.1426504711677786e-16,6.095083176509769e-16
1197.7213701811634,-4.076366851235346e-17,1.5214334256904757e-16
1197.7749197847022,4.785983887854148e-16,6.735309315611182e-16
1197.8284690984744,-1.110929267051004e-16,8.165518986126542e-17
1197.8820181224846,6.36940105652529e-17,2.602365240602657e-16
1197.9355668567378,-3.166453048786391e-17,1.164084898754989e-16
1197.9891153012386,1.0288100144558452e-15,8.684459308839384e-16
1198.0426634559915,-4.0850698893449836e-17,1.1089978299643706e-16
1198.0962113210014,2.896586443262862e-16,4.887743987648998e-16
1198.1497588962732,4.21036012621546e-16,6.178011984412765e-16
1198.2033061818113,-3.386174233832521e-17,1.6565431890486624e-16
1198.2568531776203,7.781149417255684e-17,2.955541932456758e-16
1198.3103998837053,1.3919950506248428e-16,4.594769403494869e-16
1198.3639463000707,1.1498306019918345e-16,3.505782625821537e-16
1198.4174924267215,-1.734258941628668e-16,8.899329686393093e-17
1198.471038263662,-1.2105790331508022e-16,8.198288619670575e-17
1198.5245838108972,1.41603448614028e-16,3.437600746263141e-16
1198.5781290684317,1.0596383448890105e-15,9.173907566416765e-16
1198.6316740362704,6.089714100108553e-16,7.3192970640186075e-16
1198.6852187144173,-1.181233601736558e-16,8.580459001614602e-17
1198.738763102878,-2.041111245816789e-16,2.1227873874189232e-19
1198.7923072016567,-2.0617874728283483e-16,2.1462831318299193e-19
1198.8458510107582,-2.0718654394713543e-16,2.1550743226836662e-19
1198.8993945301872,2.0943478938100331e-16,4.1709086073721407e-16
1198.9529377599486,3.7878404171327743e-16,4.805134576449584e-16
1199.006480700047,1.4250748734303974e-15,1.3043909939583785e-15
1199.0600233504865,3.728827957587222e-16,6.309133298154128e-16
1199.1135657112727,1.3584665621711802e-16,3.4463685649694856e-16
1199.1671077824099,5.268353022241029e-17,2.641598971361756e-16
1199.220649563903,9.124979018328483e-17,3.1704397780141704e-16
1199.2741910557563,1.9866140552191952e-16,4.682642347757246e-16
1199.3277322579747,-2.1718910496441625e-17,2.333447490729866e-16
1199.381273170563,5.362234291157736e-16,7.484107727063203e-16
1199.4348137935258,8.844413839567256e-16,1.0969703797748878e-15
1199.4883541268678,3.16444915203534e-16,4.813418712323613e-16
1199.5418941705937,3.2930927817146953e-16,3.838075067867915e-16
1199.5954339247085,-2.1443125256959105e-16,2.1309181108114625e-19
1199.6489733892163,-2.1445094555769053e-16,2.1165794178913585e-19
1199.7025125641223,-2.16502620215295e-16,2.1457639513267935e-19
1199.756051449431,1.8324581168996945e-16,3.984384334545648e-16
1199.809590045147,6.665146197211773e-17,2.8412155039660765e-16
1199.863128351275,-1.104051465903409e-16,1.0581911063842176e-16
1199.9166663678204,2.539168250786453e-16,4.702379853754618e-16
1199.9702040947868,1.167700103683332e-16,3.3061753339618507e-16
1200.0237415321797,4.518797729897437e-16,6.700999731441971e-16
1200.0772786800035,1.442396304520781e-16,3.6148948768735104e-16
1200.1308155382626,6.476289492892313e-16,9.423223631395462e-16
1200.1843521069625,4.80700640765647e-17,1.9713278452594282e-16
1200.237888386107,7.27677613177523e-16,5.6151780744736e-16
1200.2914243757011,4.628269608247891e-16,4.872376985451164e-16
1200.3449600757501,4.716703972624905e-16,6.24982179450422e-16
1200.3984954862578,5.469230556661163e-16,8.313350699442849e-16
1200.4520306072297,7.073176421649991e-16,7.674077147825486e-16
1200.50556543867,5.126750379723814e-16,6.412334338586149e-16
1200.5590999805834,7.782409333896477e-16,8.366987183215739e-16
1200.6126342329744,3.073725365780049e-16,3.7356847733373366e-16
1200.6661681958483,4.364051497918299e-17,2.6646083403244227e-16
1200.7197018692095,-1.211117387927482e-16,1.245062345106737e-16
1200.7732352530627,-3.132346738271052e-16,1.2485683241873955e-17
1200.8267683474126,-2.1924886094416898e-16,8.277182174816906e-17
1200.8803011522639,2.376158167068045e-16,3.755713302866538e-16
1200.933833667621,4.903080900059596e-16,4.228790966781093e-16
1200.9873658934894,-9.492213672825684e-18,1.2759229116591317e-16
1201.0408978298728,5.075914601381661e-16,4.3582825860658626e-16
1201.0944294767767,2.2082497636945235e-18,1.3128385847734024e-16
1201.1479608342052,5.562771522811545e-16,4.494195910556722e-16
1201.2014919021635,-1.463192859799406e-16,7.779992666777699e-17
1201.2550226806557,9.935976359272001e-17,3.2940899802541646e-16
1201.308553169687,3.998990085780916e-17,2.9097525118677474e-16
1201.3620833692623,1.1364998715749332e-16,3.7247747380162853e-16
1201.4156132793855,2.3549089204789217e-17,2.6819293054808127e-16
1201.469142900062,-2.238065901158502e-16,1.9580946853427464e-19
1201.5226722312962,-7.826972551797073e-17,1.0395629754519274e-16
1201.576201273093,2.812374603224059e-16,3.5885269806462227e-16
1201.6297300254566,-2.263068447497947e-16,1.9854874383315138e-19
1201.6832584883919,1.4240791203363927e-16,3.800822229625118e-16
1201.736786661904,-2.603172764605725e-16,6.765891899302383e-17
1201.7903145459975,-2.393902574118971e-16,2.1317454039385909e-16
1201.8438421406763,1.0165759724143772e-16,4.0737408070880617e-16
1201.8973694459462,2.276807881954601e-16,4.731940511225306e-16
1201.9508964618112,4.67045756717722e-16,5.658114752042044e-16
1202.0044231882762,3.373064140718075e-16,9.026354202489916e-16
1202.057949625346,-3.6591936476761696e-16,7.734290347454763e-16
1202.1114757730252,-2.1135010954599756e-16,7.702849252965354e-17
1202.1650016313183,2.894395517200765e-17,2.5805202665950214e-16
1202.2185272002303,-2.2749139149890467e-16,1.9258764613169924e-19
1202.2720524797655,1.5596395595512426e-16,3.4436906895696957e-16
1202.3255774699292,6.270316308652805e-16,6.242180546147405e-16
1202.3791021707254,8.784181781297253e-16,7.965507511838426e-16
1202.4326265821592,-1.8960918152742413e-16,5.438574615773441e-17
1202.4861507042353,3.0066937340529197e-16,5.366321078088361e-16
1202.5396745369585,4.263500590791389e-16,5.131396083777514e-16
1202.5931980803332,-1.5838050083207225e-16,7.179407191523229e-17
1202.6467213343642,9.950216350716057e-16,9.998555077382441e-16
1202.700244299056,3.419099693143309e-16,5.714519589562601e-16
1202.7537669744138,1.6870614387679772e-16,3.5863453320590813e-16
1202.8072893604417,5.463299640164082e-16,6.163687541594462e-16
1202.860811457145,4.333810191320282e-16,5.4042797774385905e-16
1202.9143332645278,2.7802757775520887e-16,5.233873975289836e-16
1202.9678547825952,1.649110331733937e-16,4.2554081195707975e-16
1203.0213760113515,1.3634173408761163e-16,2.9623293673527192e-16
1203.074896950802,-2.33672247723616e-16,1.9581639191013749e-19
1203.1284176009508,-2.3325464471378903e-16,1.9311606994357894e-19
1203.181937961803,-2.3264769235176176e-16,1.9115781295157795e-19
1203.2354580333629,-2.4521670125654195e-16,5.2469784827586025e-18
1203.2889778156352,1.967418181180013e-17,2.6725814693926255e-16
1203.3424973086253,5.09273749748587e-16,7.012309923780366e-16
1203.3960165123372,5.582845813522195e-16,6.05878698492289e-16
1203.4495354267758,3.1912052335500083e-16,4.123071040720132e-16
1203.5030540519458,1.6256141962966655e-16,3.563234117592076e-16
1203.5565723878517,2.0257676278595695e-16,3.472465926767035e-16
1203.6100904344987,9.315845524387168e-17,3.550372084742287e-16
1203.6636081918907,-2.3316560607458756e-16,1.8732400879706625e-19
1203.717125660033,-1.669866024239027e-16,6.59770378037468e-17
1203.7706428389304,2.685854443720092e-16,5.673921474504759e-16
1203.824159728587,2.1211334709887646e-16,5.203861549774679e-16
1203.8776763290077,-5.318335724028938e-17,3.3681811314488513e-16
1203.9311926401977,1.75650881407676e-16,7.871030323065138e-16
1203.984708662161,1.3942629943992124e-16,4.2894578419510285e-16
1204.0382243949025,3.661631451532428e-16,4.3518681957351745e-16
1204.091739838427,3.471569639777621e-16,5.47612601934234e-16
1204.1452549927392,1.0078741586142454e-16,3.3434011217893283e-16
1204.198769857844,-9.821861096191824e-17,9.606296996794428e-17
1204.2522844337452,3.2185636263471593e-16,4.119276632917248e-16
1204.3057987204486,6.623182087515821e-17,3.0154962679343095e-16
1204.3593127179583,8.747347095231686e-17,3.2207080969255697e-16
1204.412826426279,1.2748905117777774e-16,3.2666513552846e-16
1204.4663398454156,5.634824295994019e-16,6.674317555134247e-16
1204.5198529753725,-1.7018650581738961e-16,6.344957937397371e-17
1204.5733658161548,1.3268138041038894e-18,2.3127859282300855e-16
1204.6268783677667,-2.795691123444453e-17,1.1899735508318215e-16
1204.6803906302134,4.211647812846434e-16,5.504973781841223e-16
1204.733902603499,6.226360338719264e-17,4.345252075774353e-16
1204.7874142876287,8.540841605736375e-17,3.4357505275258484e-16
1204.840925682607,2.6989973455350917e-16,4.099102545026497e-16
1204.8944367884385,-1.9832963601157685e-16,8.320188585484173e-17
1204.947947605128,-9.80148454710789e-17,9.810637263588388e-17
1205.0014581326802,2.729526903386566e-16,3.604419699068358e-16
1205.0549683710997,-1.6497713019161828e-16,6.942515394516267e-17
1205.1084783203912,4.650589283399187e-16,7.289790176418719e-16
1205.1619879805596,5.214355856384736e-16,7.54971691609315e-16
1205.2154973516092,2.952679772291095e-16,3.849203936080822e-16
1205.269006433545,-1.4880382421015474e-16,1.3742729956927577e-16
1205.3225152263713,1.2806764433741372e-16,3.2683419456499746e-16
1205.3760237300933,7.507010976118116e-16,8.463543526628183e-16
1205.4295319447153,-4.5029105946393497e-17,1.9017019965911425e-16
1205.4830398702422,6.17857596081814e-16,6.523553487667226e-16
1205.5365475066787,2.395100259383234e-16,4.449153083831004e-16
1205.5900548540294,4.529169665893242e-16,5.7588101493697565e-16
1205.643561912299,7.25236477198262e-18,2.455197928662444e-16
1205.6970686814923,-1.091294848197224e-16,9.033479975533833e-17
1205.7505751616136,3.121544049709289e-16,4.0444627712454616e-16
1205.804081352668,4.430873892252778e-17,2.5568296878351367e-16
1205.8575872546596,-2.5755982635364806e-16,7.866155341063095e-17
1205.911092867594,1.1369716485874664e-17,2.4698397001464614e-16
1205.9645981914753,-1.7524856547759887e-16,6.160737909728969e-17
1206.0181032263083,-5.068313740506035e-18,2.298686696878745e-16
1206.0716079720976,1.0532581842492588e-16,3.424298311321297e-16
1206.1251124288478,-2.355099211408624e-16,1.7638760358797421e-19
1206.178616596564,-1.9158344333943472e-16,5.240917662003483e-17
1206.2321204752504,7.320407624779147e-17,2.903193083283041e-16
1206.285624064912,6.340063452269186e-16,6.877516374534872e-16
1206.3391273655536,-1.532391297234339e-16,7.070129142979412e-17
1206.3926303771793,3.111972346354144e-16,3.907305362222641e-16
1206.4461330997947,8.772996550162409e-16,6.802983194333402e-16
1206.4996355334033,2.1399176580763767e-16,4.93528035728774e-16
1206.5531376780107,5.538028534377977e-16,6.615202062852597e-16
1206.6066395336213,-5.843998480289425e-18,2.3062776627187553e-16
1206.6601411002398,-1.7204029049519745e-16,6.404812340570746e-17
1206.7136423778709,1.3349955089625155e-16,3.699828844399267e-16
1206.7671433665191,3.14950542292806e-17,2.6723277557711235e-16
1206.8206440661893,4.956781896788516e-17,2.8442650940784497e-16
1206.8741444768864,4.179321938861904e-17,2.7661681044031517e-16
1206.9276445986143,1.2272662632278732e-16,3.2267649828802273e-16
1206.9811444313787,4.1233864770101454e-16,4.3508445808571196e-16
1207.0346439751834,5.305055732184435e-16,4.67566642287873e-16
1207.0881432300337,2.97859553051239e-17,2.8798616949936414e-16
1207.1416421959339,4.819738178560314e-16,6.957747003712459e-16
1207.1951408728887,-4.641913886838891e-16,7.843163070784128e-17
1207.248639260903,-1.75836866155695e-17,2.309644691740195e-16
1207.3021373599813,-4.72720752816947e-17,1.0941891260935345e-16
1207.3556351701286,4.865534072312391e-16,4.167848092114112e-16
1207.409132691349,-1.7264558503508724e-16,6.319364468542169e-17
1207.462629923648,6.19454736930762e-17,2.9781001443872887e-16
1207.5161268670295,7.674123596228434e-17,2.946124185874276e-16
1207.5696235214982,5.454608287743514e-16,7.060358709134926e-16
1207.6231198870596,-1.9013955133439766e-17,2.1758902879574055e-16
1207.6766159637175,7.438725550987908e-17,3.1021663569000885e-16
1207.730111751477,-1.5516867907003018e-16,6.952476717053583e-17
1207.7836072503428,7.572988392387605e-17,2.6620933518376447e-16
1207.8371024603193,-2.3472891076415567e-16,1.709833573082702e-19
1207.8905973814112,-1.764212975441467e-16,5.915825129154698e-17
