trappist-1/STIS/new_bk_means/TRAPPIST-1_G140M_newbk_mean_2017-10.ecsv
# %ECSV 0.9
# ---
# datatype:
# - name: WAVELENGTH
#   unit: Angstrom
#   datatype: float64
# - name: FLUX
#   unit: erg / (Angstrom cm2 s)
#   datatype: float64
# - name: ERROR
#   unit: erg / (Angstrom cm2 s)
#   datatype: float64
# delimiter: ','
# schema: astropy-2.0
WAVELENGTH,FLUX,ERROR
1194.4553052385318,3.4410137427805655e-15,2.279306718660553e-15
1194.5088845482771,3.597824330723286e-15,2.3929079770792843e-15
1194.5624635367933,2.648544570173164e-15,1.843420520923336e-15
1194.6160422040857,2.5127492266175047e-15,1.7026741747551872e-15
1194.6696205501605,1.851665236422927e-15,1.5752700456965273e-15
1194.7231985750234,1.1699314820349616e-15,1.2029306842084054e-15
1194.77677627868,1.3080616401294743e-15,1.0896178936789537e-15
1194.8303536611365,-8.62578639739218e-17,6.47086418150587e-16
1194.8839307223982,-5.202569255033721e-16,5.508708836488683e-16
1194.937507462471,-8.277603260173799e-16,4.604188477372145e-16
1194.9910838813607,-7.021572107655769e-16,9.083993388006406e-16
1195.0446599790732,-1.1690048695866984e-15,7.148937055041215e-16
1195.0982357556143,1.3444510064196355e-15,1.6606440790734333e-15
1195.1518112109895,1.611318113043981e-15,1.892744053949255e-15
1195.2053863452047,-1.9006504597109976e-16,1.1267201373636802e-15
1195.2589611582657,-1.0288943747733426e-15,9.395532651026642e-16
1195.3125356501782,-1.3596961485703473e-15,8.004899765236591e-16
1195.3661098209482,-6.405918751492398e-16,9.260932112232111e-16
1195.4196836705812,-2.842593138253287e-16,1.2156409852867028e-15
1195.4732571990833,-5.329472948804976e-16,1.2221498604278127e-15
1195.52683040646,-8.970742712730046e-16,1.0268721209927975e-15
1195.5804032927172,-6.147714739622457e-16,1.1448418079157298e-15
1195.6339758578606,-6.484364642821717e-16,9.933508874597822e-16
1195.687548101896,-2.1235285920636815e-16,1.1601360794184323e-15
1195.7411200248291,-1.3254785726756015e-15,7.509540356418025e-16
1195.794691626666,-5.423985876054801e-16,1.135476581971908e-15
1195.848262907412,-6.084775448529037e-16,1.0360636234429283e-15
1195.901833867073,-5.52350382930007e-16,1.0612818855798035e-15
1195.9554045056552,-7.89906700611404e-16,9.450640643190796e-16
1196.008974823164,-2.7888114031903167e-16,1.2299024978988852e-15
1196.0625448196051,-4.880692925214545e-16,1.080071262840099e-15
1196.1161144949842,-5.056700238964681e-16,1.0953001484094884e-15
1196.1696838493074,-1.802205853478063e-16,1.2584278656365358e-15
1196.2232528825805,-9.405261825463479e-17,1.3038184740985014e-15
1196.276821594809,-5.4814150187315475e-16,1.0593632056335203e-15
1196.3303899859986,-1.0011157053472972e-16,1.4210882681462817e-15
1196.3839580561555,-3.151570384608201e-16,1.2163279780982926e-15
1196.4375258052853,4.494389588691499e-17,1.3908246921536486e-15
1196.4910932333935,-2.6534241309725117e-16,1.3285143333410038e-15
1196.5446603404862,-2.595422007025504e-16,1.3176629452676568e-15
1196.5982271265689,3.4017664726511257e-16,1.470750061325634e-15
1196.6517935916477,-3.087366534192762e-16,1.3129673526626008e-15
1196.705359735728,-7.153371154574105e-16,1.2959065756745674e-15
1196.7589255588157,-6.550444230610232e-16,1.0984502842986238e-15
1196.8124910609167,-2.2256218425697163e-16,1.267369905408981e-15
1196.8660562420366,9.056682893273427e-17,1.3535292163220203e-15
1196.9196211021817,-6.282712912435844e-16,1.0383972070256262e-15
1196.9731856413568,-8.028164600479496e-17,1.4210664850202843e-15
1197.0267498595686,-8.339196785667764e-16,1.0632435854378671e-15
1197.080313756822,-7.655039169184484e-17,1.2478617800936607e-15
1197.1338773331238,6.129507455810195e-16,1.4706292030660335e-15
1197.187440588479,-1.078484943040576e-16,1.4604467579825857e-15
1197.2410035228934,-2.8704564439042453e-17,1.2875828329640525e-15
1197.294566136373,-2.1507026216581704e-16,1.413937679251839e-15
1197.3481284289237,-7.312498632899481e-16,1.323789750590315e-15
1197.401690400551,4.0861903010557537e-16,1.5782823454100574e-15
1197.4552520512607,-4.060863842802309e-16,1.4359483549831977e-15
1197.5088133810586,7.684619658297299e-17,1.4998813055349818e-15
1197.5623743899505,-2.5831633533571025e-16,1.2590969249037484e-15
1197.6159350779424,8.033471279977695e-17,1.4668142772729478e-15
1197.6694954450395,1.0162592780359231e-16,1.4113811585725306e-15
1197.7230554912483,2.28192865012415e-16,1.5276410788882732e-15
1197.7766152165736,-3.6403351675141575e-16,1.4212099693441573e-15
1197.8301746210223,4.493440092828843e-16,1.5765058869809642e-15
1197.8837337045993,-4.440450401211139e-16,1.4258228774444021e-15
1197.9372924673107,2.0683321602090825e-16,1.3821451235781294e-15
1197.9908509091622,-8.903569526777033e-17,1.455574796530503e-15
1198.0444090301596,-5.234644073084733e-16,1.2579013067512897e-15
1198.0979668303087,1.2948866877260132e-15,1.6890347215786319e-15
1198.1515243096153,8.701926274027027e-16,1.6797745582835452e-15
1198.205081468085,1.220586565736493e-16,1.293466722680211e-15
1198.2586383057237,1.8892155145480162e-16,1.365733860820327e-15
1198.312194822537,1.832098023394111e-15,1.8467342984141813e-15
1198.3657510185308,1.5242961611412636e-16,1.4707368995831167e-15
1198.419306893711,2.3793798815472866e-16,1.4804086538986805e-15
1198.472862448083,3.3846213312263587e-16,1.298832266877534e-15
1198.5264176816534,4.062411716672433e-16,1.6261233369760751e-15
1198.5799725944266,6.047694762791429e-16,1.5924981354046625e-15
1198.6335271864095,2.9391864217812956e-16,1.3647695180432918e-15
1198.6870814576075,-1.7306413653515045e-16,1.4485779565117548e-15
1198.7406354080263,7.362109958434992e-16,1.6405180052975458e-15
1198.794189037672,-3.3232863973136547e-16,1.3495770118701266e-15
1198.8477423465495,-1.5210450710800577e-16,1.3657737447573622e-15
1198.9012953346655,9.22792671541444e-17,1.3471896192582907e-15
1198.9548480020253,1.2661843633918035e-15,1.5512873146220395e-15
1199.0084003486345,2.4324280727066603e-16,1.6051126679544806e-15
1199.0619523744995,7.062159379353455e-16,1.7454374803873306e-15
1199.1155040796255,1.2033182904764541e-15,1.848554004031675e-15
1199.1690554640186,8.486216255513949e-16,1.649598107704928e-15
1199.2226065276845,4.949267081658946e-16,1.5125816321046775e-15
1199.2761572706286,-7.016944197363444e-17,1.5607437812226913e-15
1199.329707692857,-1.3543827185204178e-16,1.4544720290626153e-15
1199.3832577943756,-3.9000827884917373e-16,1.4228186004129237e-15
1199.4368075751897,-1.0062594145712289e-15,1.176840117872498e-15
1199.4903570353056,4.659276549281767e-16,1.4865836855253497e-15
1199.5439061747286,-4.132936139715831e-16,1.334735341230509e-15
1199.5974549934647,-1.7312418954898103e-16,1.324207094996876e-15
1199.6510034915195,6.054001447355723e-16,1.618924832805205e-15
1199.7045516688993,8.274364427088628e-16,1.6574808676746537e-15
1199.7580995256092,7.452055024279691e-16,1.640009021369391e-15
1199.8116470616549,6.457082295880294e-16,1.7621795024430544e-15
1199.865194277043,-4.4034846717467675e-16,1.3650699198855794e-15
1199.9187411717783,3.570773565715323e-16,1.611620579489018e-15
1199.9722877458669,4.3035768623883666e-16,1.6415708264176568e-15
1200.025833999315,6.539528616297726e-16,1.7257398328364272e-15
1200.0793799321277,2.2694367124873474e-16,1.5120621792728587e-15
1200.1329255443113,-5.734817666971067e-16,1.31371797214359e-15
1200.186470835871,5.410547483440485e-16,1.8656240631336985e-15
1200.240015806813,1.2892436647894974e-15,1.920002611072759e-15
1200.2935604571433,-3.508013459998626e-16,1.5053391408864867e-15
1200.347104786867,-4.617572421530387e-16,1.343317415065273e-15
1200.40064879599,-9.041966501014647e-16,1.2879002842354806e-15
1200.4541924845187,-6.448806892696365e-16,1.289307499134073e-15
1200.507735852458,4.901252310747526e-16,1.5547388806192908e-15
1200.561278899814,1.5818035241133919e-15,1.9137290479481355e-15
1200.6148216265926,7.757006067451054e-16,1.7388991645361057e-15
1200.6683640327992,2.584580060196647e-16,1.5895185212428694e-15
1200.7219061184403,4.980846281575628e-19,1.5321152401658568e-15
1200.7754478835209,-4.871756564055464e-16,1.2808851783581616e-15
1200.828989328047,8.815312999400674e-16,1.6810415552006881e-15
1200.8825304520242,2.784310449745538e-16,1.568998545946771e-15
1200.9360712554585,-4.408952730589166e-16,1.3580415488289738e-15
1200.989611738356,6.197841221400441e-16,1.6807378971940736e-15
1201.0431519007216,8.06608502977594e-16,1.5797186945528446e-15
1201.0966917425617,3.366842193686322e-16,1.6222344297643879e-15
1201.150231263882,-1.476026395271887e-16,1.4856019270811371e-15
1201.2037704646878,-6.679506679660177e-16,1.4015324756836222e-15
1201.2573093449855,4.4161435069396197e-16,1.5853146492655802e-15
1201.3108479047803,1.2640214534459232e-15,1.574848922966808e-15
1201.3643861440783,-3.4985241173617987e-16,1.3549527907595937e-15
1201.4179240628848,-4.597220959601231e-16,1.4574891753128627e-15
1201.4714616612064,6.109905914775138e-16,1.6301233850573817e-15
1201.5249989390481,-7.041125627784141e-16,1.3500871518050709e-15
1201.578535896416,-9.870052068734434e-16,1.2563819478199048e-15
1201.6320725333157,1.2467208955262826e-16,1.5773443198315497e-15
1201.6856088497527,1.2533055776654491e-16,1.559219403595215e-15
1201.7391448457338,-2.3550690335393973e-16,1.510777568604364e-15
1201.7926805212635,-1.2249049329289906e-16,1.4760045580820473e-15
1201.8462158763484,-4.1062024998514605e-16,1.3121622332678163e-15
1201.8997509109936,2.10260947742812e-16,1.6059908585578382e-15
1201.9532856252054,-2.925360831108734e-17,1.4931818490899803e-15
1202.0068200189892,-2.2565708216531915e-15,1.48920033007904e-15
1202.060354092351,-4.700892120948074e-16,1.3331957109008277e-15
1202.1138878452962,8.228883603618663e-16,1.8246788531559218e-15
1202.1674212778312,5.45112365013309e-16,1.6408227319102427e-15
1202.2209543899612,2.2608942653936843e-16,1.4740478630531474e-15
1202.274487181692,1.0656272807115916e-15,1.786762739435344e-15
1202.3280196530295,-5.857650124278793e-16,1.2665376400485087e-15
1202.3815518039796,3.8756997732712583e-16,1.6571157653813564e-15
1202.4350836345477,9.00822438923159e-17,1.4755976776393635e-15
1202.48861514474,-1.773361738949663e-17,1.4333764332540598e-15
1202.5421463345615,-1.214533864315714e-16,1.3831965087068719e-15
1202.5956772040188,-3.8349772948446706e-16,1.3057259309157237e-15
1202.649207753117,-2.3513961306070304e-16,1.4326624625551471e-15
1202.7027379818624,9.528443428340922e-16,1.7389700648987234e-15
1202.7562678902602,-1.0706663647761059e-17,1.4700841673390292e-15
1202.8097974783166,7.595122341310569e-16,1.796666845455646e-15
1202.8633267460373,1.3850607976629415e-15,1.8393258197489172e-15
1202.9168556934276,1.7461177842317523e-15,1.9329996368575557e-15
1202.9703843204936,1.4027872858943923e-15,1.8591491088893103e-15
1203.0239126272413,9.217344615883516e-16,1.823494324053971e-15
1203.0774406136761,-5.00906898522668e-16,1.345559566700655e-15
1203.130968279804,-6.985260124678394e-17,1.3761314940549179e-15
1203.1844956256302,-8.28192418775014e-17,1.6149840788762875e-15
1203.238022651161,1.7845129898817495e-15,1.9919745329464447e-15
1203.2915493564021,2.6489531032656843e-16,1.490127855609106e-15
1203.345075741359,7.929178486775605e-16,1.6709059723843886e-15
1203.3986018060375,3.94061522583022e-16,1.5526518153974251e-15
1203.4521275504437,4.044584959006544e-16,1.495750199714336e-15
1203.505652974583,8.478891680808363e-16,1.6366767539886793e-15
1203.559178078461,1.816957536333072e-16,1.3396754366450015e-15
1203.612702862084,1.0809927587961428e-16,1.3830146786714104e-15
1203.6662273254572,6.131889570989984e-16,1.6347995641729347e-15
1203.7197514685865,4.1194545159784743e-16,1.6271633879028152e-15
1203.7732752914778,-5.746469743213259e-16,1.2693647138412431e-15
1203.826798794137,1.8452447771512823e-16,1.5564997441072731e-15
1203.8803219765693,-1.0012078943236314e-15,1.6213296682949966e-15
1203.933844838781,-2.1599574022514254e-16,1.4261208103749442e-15
1203.9873673807776,1.5499364518981746e-15,1.7334032550268983e-15
1204.0408896025647,5.730230102732833e-17,1.380246162351247e-15
1204.0944115041482,8.282000521074084e-16,1.623378647880771e-15
1204.147933085534,6.781104386631149e-16,1.5809602110425218e-15
1204.2014543467278,8.913307251480413e-16,1.6950860116736463e-15
1204.254975287735,5.792912622080847e-16,1.6920740893040466e-15
1204.3084959085618,-1.0845905392805788e-15,1.1341976535473458e-15
1204.3620162092136,1.821119740246042e-17,1.4665608922692392e-15
1204.4155361896962,-6.428750875759004e-17,1.5496194887321787e-15
1204.4690558500156,-1.5047154166698418e-16,1.4606726012888806e-15
1204.5225751901773,-2.9905899603056173e-16,1.4202786964969897e-15
1204.5760942101872,6.438721186933728e-16,1.5911627122843384e-15
1204.629612910051,7.501354302462844e-16,1.7169325064134597e-15
1204.683131289774,6.734777925487901e-16,1.752442049844197e-15
1204.7366493493626,7.43229981507999e-16,1.7419321990790576e-15
1204.7901670888225,-2.277365738246237e-16,1.2650686615830668e-15
1204.8436845081592,-1.7021928044119873e-16,1.3932099443187776e-15
1204.8972016073785,4.854414488392128e-16,1.4568049114638547e-15
1204.950718386486,6.178534664722311e-16,1.6362993278461665e-15
1205.0042348454876,1.3761279983331228e-15,1.6715211816815254e-15
1205.0577509843893,9.014458752287541e-16,1.5391545082258725e-15
1205.1112668031963,7.157967378810443e-16,1.5323745783362421e-15
1205.1647823019146,-6.609558468221409e-16,1.1974965776995712e-15
1205.21829748055,-2.0483453921311104e-16,1.3466960367549963e-15
1205.2718123391082,5.587832779761627e-16,1.4826318091958426e-15
1205.3253268775952,-6.265657577983392e-16,1.348606066644426e-15
1205.378841096016,4.718141322397857e-16,1.6560524332347047e-15
1205.4323549943772,2.929678202702698e-16,1.5229443350518182e-15
1205.4858685726838,5.447937044730669e-17,1.4858586494547408e-15
1205.5393818309424,1.0408341102475696e-16,1.478938850499098e-15
1205.592894769158,2.708820751427788e-16,1.4201227510092105e-15
1205.6464073873365,6.685111911867623e-16,1.389586621907717e-15
1205.6999196854836,1.0315086377128362e-16,1.4987599911112578e-15
1205.7534316636056,5.41582249849569e-16,1.6528533092043113e-15
1205.8069433217076,2.1239449024693217e-16,1.4310676763439603e-15
1205.8604546597958,-1.9259051619120654e-16,1.4935991210440992e-15
1205.9139656778755,1.3464516699974336e-15,1.6702544706053262e-15
1205.9674763759526,6.667685038488961e-16,1.5401740306069551e-15
1206.0209867540327,-1.5781556365573011e-16,1.4931345470015307e-15
1206.074496812122,-5.359183932415768e-16,1.3077320642703382e-15
1206.128006550226,1.001218190156771e-15,1.6258436770263116e-15
1206.1815159683504,4.592105924970113e-16,1.6851249249185229e-15
1206.235025066501,3.1552064671237413e-16,1.4833187254098766e-15
1206.2885338446833,-5.867782179908373e-16,1.3742988546367557e-15
1206.3420423029033,5.471124232823028e-16,1.5750418116875503e-15
1206.3955504411667,-2.3366319353794093e-16,1.4997156684253303e-15
1206.4490582594792,5.122515271768381e-16,1.8032476557764848e-15
1206.5025657578467,2.1060294414812962e-16,1.5913953455238832e-15
1206.5560729362744,1.0029339131272148e-15,1.6160951355303556e-15
1206.6095797947687,7.435484520498085e-16,1.5310604633602098e-15
1206.663086333335,-6.540735769928264e-16,1.2647759809791294e-15
1206.7165925519791,1.9911802643118282e-15,1.988648306516331e-15
1206.770098450707,2.634011312341643e-15,1.8856809038886095e-15
1206.823604029524,2.198905819177123e-15,1.9351665083587056e-15
1206.8771092884358,7.907422060035706e-16,1.7258303151860637e-15
1206.9306142274486,6.913654564430976e-17,1.4925348422621359e-15
1206.9841188465678,6.746494431691292e-16,1.6417053550875745e-15
1207.0376231457992,6.343287013389931e-16,1.4745181747516288e-15
1207.091127125149,5.752996577867259e-16,1.6777967870661767e-15
1207.144630784622,2.9013374875933195e-15,1.855981438231531e-15
1207.1981341242242,1.872568673553256e-15,1.650819173667013e-15
1207.2516371439622,2.384535371555726e-16,1.4356046400669978e-15
1207.3051398438408,1.2058833256217016e-16,1.5392066177608544e-15
1207.3586422238664,-3.586490077993173e-16,1.3381076636837276e-15
1207.412144284044,8.506639714164446e-16,1.4757259548472209e-15
1207.4656460243796,1.1556526748235981e-15,1.707279096067978e-15
1207.5191474448793,4.810440062634934e-16,1.7062882243538982e-15
1207.5726485455486,5.01091854536846e-16,1.549688293044691e-15
1207.6261493263933,3.55769652966007e-15,2.035763824125028e-15
1207.679649787419,6.5824021071337404e-15,2.1337874951435537e-15
1207.7331499286317,1.2413002864526868e-15,1.6025671121571925e-15
