trappist-1/STIS/new_bk_means/TRAPPIST-1_G140M_newbk_mean_2017-10.ecsv
# %ECSV 0.9
# ---
# datatype:
# - name: WAVELENGTH
#   unit: Angstrom
#   datatype: float64
# - name: FLUX
#   unit: erg / (Angstrom cm2 s)
#   datatype: float64
# - name: ERROR
#   unit: erg / (Angstrom cm2 s)
#   datatype: float64
# delimiter: ','
# schema: astropy-2.0
WAVELENGTH,FLUX,ERROR
[from data line 499]
1221.151586228969,-6.083322239158759e-16,7.03542343380578e-16
1221.2050059596284,-4.290266976840991e-16,6.101253039714074e-16
1221.2584253719203,-1.7757160730848545e-16,8.816535079831886e-16
1221.3118444658498,1.1709447528851942e-16,8.377714429626856e-16
1221.3652632414237,-2.7518795019883053e-16,7.030673422378495e-16
1221.4186816986467,-5.009543712425277e-16,6.769726370235325e-16
1221.4720998375249,-2.2814578781319466e-17,7.782568505583332e-16
1221.5255176580638,6.451917458730325e-16,1.1040575630637706e-15
1221.5789351602696,-1.947547927613666e-16,8.394697568722668e-16
1221.6323523441472,-3.1062656205400236e-16,7.571419760010815e-16
1221.6857692097028,-4.0437898387961444e-16,7.424400534898736e-16
1221.739185756942,8.09268280458502e-16,9.934583580277277e-16
1221.7926019858708,1.6741873604844138e-15,1.149029414631976e-15
1221.8460178964942,4.099707996002713e-17,8.080926479766422e-16
1221.8994334888182,-3.2581689206419094e-16,6.955498385316183e-16
1221.9528487628488,-2.0027481169809717e-16,7.156732813710959e-16
1222.0062637185915,1.7842701514845215e-15,1.2720954231805451e-15
1222.0596783560516,2.4197890662295466e-15,1.5197946172170933e-15
1222.1130926752355,4.687319323917419e-16,9.839464939045392e-16
1222.1665066761484,-3.5637513982631233e-16,6.592545359473462e-16
1222.2199203587961,2.6193123237226815e-17,8.168782010934658e-16
1222.2733337231844,4.636460412957461e-17,8.26042429986977e-16
1222.3267467693186,-7.932332930314926e-16,4.697252792209079e-16
1222.3801594972049,-5.395261813430347e-16,6.232327320000483e-16
1222.4335719068486,-7.920887403285435e-16,4.599138870478666e-16
1222.4869839982557,9.342953843855114e-17,8.103114521554855e-16
1222.5403957714318,-2.444868019450215e-16,7.038180884950343e-16
1222.5938072263823,1.2465905170557221e-15,1.0947625218269646e-15
1222.6472183631136,1.1057803862192827e-15,1.0510076045827345e-15
1222.7006291816303,1.8544878078976268e-16,8.529506810939979e-16
1222.7540396819388,2.3189183649230323e-16,9.308485606363678e-16
1222.807449864045,-3.9239358709798977e-16,5.89163093970837e-16
1222.860859727954,-9.278976129654083e-17,7.524912962678165e-16
1222.9142692736718,-2.5506875627657633e-16,7.773884804495002e-16
1222.967678501204,3.1486312269957217e-15,1.3394761705315859e-15
1223.0210874105564,1.975164718952935e-15,1.1329765207228243e-15
1223.0744960017346,1.6506383775883028e-16,8.474393170437501e-16
1223.1279042747444,-3.032248365559189e-16,6.309549794533585e-16
1223.1813122295912,2.6455641320788035e-16,8.36793308819366e-16
1223.2347198662808,1.6161391319848726e-16,8.450829322981338e-16
1223.2881271848194,-2.2845993583109813e-16,7.555693229311748e-16
1223.341534185212,5.537549306394024e-16,8.955718849729594e-16
1223.3949408674644,-1.5315852800159874e-16,7.561093242269853e-16
1223.4483472315824,1.0526465714182022e-16,8.497952841734163e-16
1223.5017532775717,-2.252326301826985e-16,7.178373572361555e-16
1223.555159005438,1.473334063727854e-16,8.45164043462837e-16
1223.608564415187,-4.759273842820685e-17,7.084005198902092e-16
1223.6619695068246,9.343373813195969e-16,9.536467475888956e-16
1223.715374280356,1.0673975567800015e-15,1.096505170261539e-15
1223.7687787357872,3.7074669430766225e-16,8.096173757152286e-16
1223.8221828731237,-4.573365304532917e-16,5.350225696224462e-16
1223.8755866923711,-1.3611978754236547e-16,7.097002824538883e-16
1223.9289901935358,7.265302891416223e-16,9.962301886833533e-16
1223.9823933766224,2.4212863888858344e-16,7.552982292395784e-16
1224.0357962416374,2.2538002527793495e-16,8.884287729591982e-16
1224.0891987885864,1.2842741221714978e-16,7.682211915265354e-16
1224.1426010174746,-2.8405094772728816e-16,5.738002797572144e-16
1224.1960029283082,-2.1787925307099142e-16,6.091703533241046e-16
1224.2494045210924,1.0863281234456024e-16,7.577838555043653e-16
1224.3028057958336,-3.2970931826599184e-16,6.423324435169423e-16
1224.3562067525365,-3.7932365649629623e-16,5.436584161404293e-16
1224.4096073912076,2.4927112232436828e-17,6.990990132198613e-16
1224.4630077118525,1.9948997155402705e-17,7.062972846068166e-16
1224.5164077144764,2.2088972442753168e-16,7.349862253162408e-16
1224.5698073990852,4.94599860564347e-16,9.388447544882338e-16
1224.623206765685,-1.1867345220786196e-16,7.44464716412797e-16
1224.6766058142807,-3.863259951378442e-16,5.452930084383957e-16
1224.7300045448787,2.630272651402216e-16,7.521821241537523e-16
1224.7834029574844,5.975483607188648e-16,8.90003654005001e-16
1224.8368010521033,7.673266115711892e-16,8.368804545310769e-16
1224.8901988287414,-3.630554908446046e-16,5.812332243106196e-16
1224.943596287404,7.078985432463236e-16,1.010070419484913e-15
1224.9969934280973,-3.2917553551677807e-16,6.065966245909522e-16
1225.0503902508265,5.754400120019337e-17,7.164603399672584e-16
1225.1037867555979,7.072947614203354e-16,7.539404935410679e-16
1225.157182942416,-3.2467500695641517e-16,5.654984473191123e-16
1225.2105788112879,-5.530469993702995e-16,4.3889838254148924e-16
1225.263974362218,-3.7259562455110445e-16,6.255711161844624e-16
1225.3173695952132,-2.253288106769737e-16,5.003075782670387e-16
1225.3707645102781,-9.090619263153917e-17,6.294644329704195e-16
1225.4241591074194,5.874671177849296e-16,8.240894747967618e-16
1225.4775533866416,-4.227194156484922e-17,6.517406835813948e-16
1225.5309473479515,-8.158875866372455e-17,6.587656242534876e-16
1225.5843409913539,-4.2969716371974233e-16,5.341843425718236e-16
1225.6377343168551,-2.0287344935436093e-16,6.144972549636833e-16
1225.6911273244602,4.5857960416472235e-17,6.669276879753691e-16
1225.7445200141758,4.501242441028833e-15,1.3671013382120854e-15
1225.7979123860066,5.8820158034939076e-15,1.5692192911562281e-15
1225.8513044399588,6.862018577379098e-16,8.327915608210179e-16
1225.904696176038,3.8049241957507825e-16,7.488076327668191e-16
1225.9580875942497,-1.4188087379915685e-16,6.330423438888178e-16
1226.0114786945999,1.251290640073707e-16,6.766659817666839e-16
1226.064869477094,-1.2572461008668705e-16,5.40700811571109e-16
1226.1182599417375,2.5061038808019095e-16,7.486949014059699e-16
1226.1716500885366,-5.635233648176088e-16,3.221022352402208e-16
1226.2250399174968,3.815557188114231e-16,6.89422424598869e-16
1226.2784294286234,7.29693714466862e-17,7.3657541608083555e-16
1226.3318186219224,-1.7577970540847772e-17,6.416771178504904e-16
1226.3852074973997,-5.463891878693892e-16,3.645118278635901e-16
1226.4385960550605,-1.7920175010308283e-16,5.024775742192097e-16
1226.491984294911,-1.9989333617713466e-16,5.313572021142159e-16
1226.5453722169564,-2.1524532578920828e-16,5.288647342957376e-16
1226.5987598212023,-4.305145571852261e-16,4.686790001343965e-16
1226.6521471076549,-1.4222240017080097e-16,5.065334018960107e-16
1226.7055340763193,-1.6818044143489341e-16,5.727537597532457e-16
1226.758920727202,4.437904597782549e-18,5.782382628646128e-16
1226.8123070603078,3.4497155956993273e-16,8.08434167851889e-16
1226.8656930756426,2.986324905392912e-16,6.356947298945769e-16
1226.9190787732125,-9.185707538151364e-17,4.720496783241744e-16
1226.9724641530227,-2.4907678674318364e-16,6.00961230771626e-16
1227.025849215079,-6.990011924586973e-17,5.986747182580904e-16
1227.0792339593872,-3.618788636583603e-17,6.263018974384337e-16
1227.1326183859528,2.1692078502121263e-17,5.840717947793262e-16
1227.1860024947816,6.979587526053393e-16,8.116733422131373e-16
1227.2393862858794,2.1623011397569352e-16,6.223709398353815e-16
1227.2927697592513,6.28834799456974e-16,8.081489734087886e-16
1227.346152914904,8.844399453734315e-16,9.157908646632091e-16
1227.399535752842,2.642697001914045e-15,1.1378140772666008e-15
1227.4529182730719,1.0715618227346767e-15,8.599438153558631e-16
1227.5063004755987,4.155306049850999e-18,5.099935550825727e-16
1227.5596823604287,1.3909019495396577e-15,1.0507918239626344e-15
1227.613063927567,6.651126260043479e-16,7.585786656695051e-16
1227.6664451770196,2.2148676842450913e-16,5.563029177106098e-16
1227.7198261087922,-2.3103705948081217e-16,4.691097654787617e-16
1227.77320672289,-2.2046372796936904e-17,5.366628558134289e-16
1227.8265870193195,2.4965168850165364e-16,6.383671612110255e-16
1227.8799669980856,2.843291482852431e-16,7.132832852476265e-16
1227.9333466591943,1.1061104880595034e-16,6.459352868850075e-16
1227.9867260026513,1.2890461402192516e-17,5.564727996400057e-16
1228.0401050284622,-4.516205292706526e-16,4.746991840206528e-16
1228.0934837366328,-2.22382315983738e-16,5.9074139755236e-16
1228.1468621271686,5.013353876453807e-16,6.858558255048555e-16
1228.200240200075,4.064644088816453e-16,7.162384299113082e-16
1228.2536179553585,-3.8188620469911827e-16,3.3433840634275477e-16
1228.306995393024,5.681466444670414e-17,6.082568717539734e-16
1228.3603725130774,3.1077954897489894e-16,6.651154893041731e-16
1228.4137493155245,7.818192917852257e-17,6.108413797493899e-16
1228.4671258003707,9.916279035016219e-17,5.707371159818168e-16
1228.5205019676223,3.012748595252043e-17,4.871058113659818e-16
1228.573877817284,7.205071813626195e-17,6.096046130161356e-16
1228.6272533493625,4.790829377080068e-16,6.554626604005825e-16
1228.6806285638627,6.751039512929962e-16,7.667031852081597e-16
1228.7340034607903,-1.0503163844379319e-16,5.279720244650222e-16
1228.7873780401515,6.713247999500902e-17,6.050686437911067e-16
1228.8407523019514,3.420245516383552e-16,5.980857376407906e-16
1228.894126246196,1.1874851808535037e-16,5.399774798817959e-16
1228.947499872891,2.876161568620826e-18,5.529179882182688e-16
1229.0008731820421,-1.5630971448369243e-16,4.256385126592183e-16
1229.0542461736545,-1.9430582603836213e-17,4.896184552274901e-16
1229.1076188477343,1.1929742702961521e-16,5.460866106537472e-16
1229.160991204287,2.9353084209427726e-16,6.849027592589206e-16
1229.2143632433185,1.6209592492876453e-16,6.121978544750719e-16
1229.2677349648345,4.0941829164032617e-16,7.554037843760372e-16
1229.32110636884,4.4249488889299615e-16,6.776029452611783e-16
1229.3744774553413,-5.87841569085322e-17,5.654661738586211e-16
1229.427848224344,-5.471856843858056e-17,5.186323999742437e-16
1229.4812186758534,-2.6424999138408077e-16,3.9434932326053203e-16
1229.5345888098757,-2.672963778729942e-16,3.9871636458092727e-16
1229.5879586264161,1.104510681822176e-15,7.115508560838724e-16
1229.6413281254809,2.0211460215054224e-15,9.85847321468749e-16
1229.6946973070746,7.457350725457753e-16,6.658746364382692e-16
1229.7480661712043,-1.2088181406925275e-16,3.9942889287723833e-16
1229.8014347178748,3.753062878555148e-17,5.180700855808686e-16
1229.8548029470917,3.0796711251290856e-16,6.389235018783441e-16
1229.908170858861,5.884252490898962e-17,5.343028593178001e-16
1229.961538453188,-4.8787813199627054e-17,5.038732364593797e-16
1230.014905730079,2.053737089626808e-16,5.354602987223203e-16
1230.068272689539,2.16451884054585e-16,5.838780645629553e-16
1230.121639331574,1.4632551812104248e-16,5.126676669927462e-16
1230.1750056561898,6.487237184298267e-16,6.208845495667742e-16
1230.2283716633917,3.0419058220646413e-16,5.583587853804061e-16
1230.2817373531855,7.379790269943387e-17,4.904357562622972e-16
1230.3351027255771,1.516687258342499e-17,4.878802825717721e-16
1230.3884677805718,1.4891361557646807e-16,5.29229904130294e-16
1230.4418325181755,1.444473299610372e-17,4.643486723953102e-16
1230.4951969383937,4.4008496368422886e-16,6.506126336334533e-16
1230.5485610412325,3.7767060502006603e-16,6.64270367019073e-16
1230.6019248266966,4.0101041439766945e-16,6.202679634031334e-16
1230.6552882947926,1.0870854522826686e-16,4.962398849844009e-16
1230.7086514455257,-4.3966132920854485e-17,4.818587408177425e-16
1230.762014278902,2.8946258925648696e-16,6.074141982685122e-16
1230.8153767949268,-2.0394607920133356e-16,3.2840408928563397e-16
1230.8687389936056,2.6233653312502704e-16,4.66514906985218e-16
1230.9221008749446,1.2575028483691057e-16,4.2797047093774464e-16
1230.9754624389489,-1.1465054076283842e-17,3.9646205559171846e-16
1231.0288236856245,-1.727701205428802e-16,2.6075418341453994e-16
1231.082184614977,-3.0808555548253094e-17,4.053933998624675e-16
1231.1355452270118,2.714279487587498e-16,5.627336281900941e-16
1231.1889055217353,2.795151210271251e-16,5.017891203034652e-16
1231.2422654991524,9.264008791975899e-17,4.2644549777179047e-16
1231.2956251592686,9.806399709355757e-17,4.504338363272224e-16
1231.3489845020904,-1.558911731897176e-16,3.334475151626131e-16
1231.402343527623,8.131828585368952e-17,4.651122356634257e-16
1231.4557022358722,4.3499499247980223e-16,6.316171111175626e-16
1231.5090606268434,6.730110907615239e-17,4.3746088957350043e-16
1231.5624187005424,1.3618699941350164e-16,4.2196185677303984e-16
1231.6157764569748,6.128348059566999e-17,4.1191775553075573e-16
1231.6691338961464,2.0460381184072463e-16,5.272408646040075e-16
1231.722491018063,2.9246273045789577e-17,4.2991049449159613e-16
1231.77584782273,6.882811448475981e-16,6.236538734631265e-16
1231.8292043101526,1.1880422846385102e-16,4.0965842286997066e-16
1231.8825604803376,3.350153736564249e-16,6.5284650047570885e-16
1231.9359163332897,-1.8289622352779833e-16,2.8944888700734335e-16
1231.989271869015,-8.665729541481726e-17,3.7093519641658577e-16
1232.0426270875191,4.016374566228548e-16,6.166958189137006e-16
1232.0959819888076,-1.0078189622797086e-16,4.2270424421740854e-16
1232.149336572886,4.083820567075597e-16,6.690806504589399e-16
1232.2026908397602,1.0359432060139809e-16,4.990043467974654e-16
1232.2560447894357,5.441161725732691e-16,5.633204426137722e-16
1232.3093984219183,4.921787965591964e-16,5.296977887920509e-16
1232.3627517372138,4.3327839372737833e-16,5.438194353568164e-16
1232.4161047353273,7.529873401103574e-16,6.482047607521633e-16
1232.4694574162652,7.057370290991167e-16,7.647093757519275e-16
1232.5228097800323,2.3311499129031596e-16,4.3554116647684993e-16
1232.576161826635,2.1753001249795833e-16,4.0081864312244904e-16
1232.6295135560786,6.774543887315766e-16,6.488817692608081e-16
1232.682864968369,4.909756304804659e-16,6.324018447653642e-16
1232.7362160635114,2.1418716752184788e-16,4.623779403669594e-16
1232.789566841512,3.2585171685874783e-16,5.241649048573846e-16
1232.8429173023758,1.4546714286401335e-16,4.07245683601736e-16
1232.8962674461093,-1.5335957818414716e-16,2.71010489224512e-16
1232.9496172727174,1.4805706617614634e-16,4.0023299732032815e-16
1233.0029667822062,1.640487627979184e-16,4.474160010314969e-16
1233.0563159745811,3.3865512914632067e-16,5.024618491299287e-16
1233.109664849848,5.2926310575906563e-17,4.22272124868549e-16
1233.1630134080124,6.334512327007726e-16,5.467060131031416e-16
1233.21636164908,7.713269392950558e-16,6.543625985186485e-16
1233.2697095730564,9.846167944308071e-17,3.6118683921021207e-16
1233.3230571799475,3.9193331042269104e-16,5.034042809892017e-16
1233.3764044697582,2.195964350697363e-17,3.4750949194996776e-16
1233.4297514424952,7.171268053124278e-17,3.9394814588589914e-16
1233.4830980981635,2.0691003733558017e-16,4.703009503406372e-16
1233.5364444367688,2.742557586820635e-16,4.462490847825524e-16
1233.589790458317,3.517008298185738e-17,3.327615987420263e-16
1233.6431361628136,4.093644312855259e-16,5.376698368117381e-16
1233.6964815502645,2.1428075075514338e-16,4.3998417716202486e-16
1233.7498266206746,4.329995832365993e-16,4.810347817456047e-16
1233.8031713740504,1.1826938471614237e-16,3.9235601897412974e-16
1233.856515810397,9.104040731903825e-17,3.7819928226963663e-16
1233.9098599297206,4.203122083499287e-16,5.034152137159028e-16
1233.9632037320262,3.827197169135017e-16,4.556066467382265e-16
1234.0165472173198,4.542731498317253e-16,5.00136449289241e-16
1234.0698903856073,1.0342977079451603e-16,3.824673204943429e-16
1234.123233236894,7.235908604489869e-16,6.7439033946794e-16
1234.1765757711855,4.083299660220423e-16,5.815827218033724e-16
1234.2299179884876,4.294564933587689e-16,5.438609568451955e-16
1234.283259888806,-7.859939678531863e-17,2.541753595097569e-16
1234.3366014721464,2.8170205492520617e-16,4.527676369746127e-16
1234.3899427385138,1.544574906543111e-16,3.5792346008731845e-16
1234.443283687915,4.21662890512595e-16,4.364203827798546e-16
1234.4966243203548,9.05585512897759e-19,2.6929813755619815e-16
