trappist-1/STIS/new_bk_means/TRAPPIST-1_G140M_newbk_mean_2018-12.ecsv
# %ECSV 0.9
# ---
# datatype:
# - name: WAVELENGTH
#   unit: Angstrom
#   datatype: float64
# - name: FLUX
#   unit: erg / (Angstrom cm2 s)
#   datatype: float64
# - name: ERROR
#   unit: erg / (Angstrom cm2 s)
#   datatype: float64
# delimiter: ','
# schema: astropy-2.0
WAVELENGTH,FLUX,ERROR
[from data line 251]
1207.935121738158,7.996817726710902e-16,1.2072632684713603e-15
1207.9886119277637,6.667517206219898e-16,1.1127266622395704e-15
1208.0421018335846,2.4605976734063273e-16,9.57569563542055e-16
1208.0955914556246,-4.010990413396131e-16,7.456378208259666e-16
1208.1490807938885,5.146954384445101e-16,1.15669144540912e-15
1208.2025698483806,6.209815030124662e-16,1.230641607227081e-15
1208.2560586191053,3.0903954039545757e-16,1.1043262168823488e-15
1208.3095471060676,4.24912733308706e-16,1.0785467967644779e-15
1208.3630353092717,3.8409850958142823e-16,1.03760801534344e-15
1208.4165232287219,9.294842046711717e-16,1.211087091991086e-15
1208.470010864423,9.664976157134072e-16,1.2752522040766109e-15
1208.52349821638,3.959241937869776e-16,1.0616261692367506e-15
1208.5769852845963,7.862388604526906e-16,1.1403615504887064e-15
1208.630472069077,2.3846830419122713e-16,9.022556803529624e-16
1208.683958569827,5.679917999222654e-16,1.1571191358775268e-15
1208.7374447868501,1.2142750421441113e-16,1.0565428119436828e-15
1208.7909307201514,3.2018542320317994e-17,1.0181573896067925e-15
1208.844416369735,7.68826259846972e-16,1.1547384236691747e-15
1208.8979017356057,7.297633696157703e-16,1.132526298308578e-15
1208.951386817768,5.195442032754865e-16,1.16788949269154e-15
1209.004871616226,4.0135536028935366e-16,1.0731749875656732e-15
1209.0583561309847,7.085136344550787e-16,1.19692706705999e-15
1209.1118403620483,5.469167301904759e-16,1.083418861132398e-15
1209.1653243094217,7.658036624760742e-16,1.122464927630933e-15
1209.218807973109,2.691539158924371e-16,9.860031643088948e-16
1209.2722913531152,9.447580204885853e-16,1.2471493687339351e-15
1209.3257744494442,5.6858922720047245e-16,1.0816850207254197e-15
1209.3792572621007,2.183138154798049e-16,9.928952006813623e-16
1209.4327397910897,-8.029375605188988e-17,8.934748551448509e-16
1209.4862220364148,8.668456003631676e-16,1.2601011290258253e-15
1209.5397039980817,1.0778784593195008e-16,8.423813128789679e-16
1209.5931856760938,1.2270986378075616e-16,9.729002667897614e-16
1209.6466670704563,-2.4759747261142534e-18,8.981087966957164e-16
1209.700148181173,4.5541425311369e-16,1.1608277459785334e-15
1209.7536290082496,5.983200624778535e-16,1.1752504871257693e-15
1209.8071095516896,9.591171214872562e-16,1.2221191219154132e-15
1209.8605898114977,7.092530171082836e-16,1.0348896550943904e-15
1209.9140697876787,2.8673922629058955e-16,9.855118182417176e-16
1209.967549480237,-2.5874246079657695e-17,8.585406612542051e-16
1210.0210288891772,-2.9318947792315257e-16,8.272033166015213e-16
1210.0745080145034,-3.2022609980352624e-16,8.25072678554569e-16
1210.1279868562206,5.076120396135543e-16,1.0515707497588907e-15
1210.181465414333,2.9241478288153246e-16,9.53960627118116e-16
1210.2349436888449,4.023240510035084e-16,1.0707537042886494e-15
1210.2884216797615,6.458765694130386e-16,1.0982705599092416e-15
1210.341899387087,2.445746042542762e-16,9.480005529979108e-16
1210.3953768108256,1.7125353055939932e-17,9.051641748489285e-16
1210.4488539509823,-3.223757013207026e-16,7.958754916911403e-16
1210.5023308075613,3.909331159633875e-16,9.749179258397663e-16
1210.555807380567,1.3955371785332146e-15,1.1729153241687372e-15
1210.6092836700043,1.193841885638151e-15,1.1126503049720962e-15
1210.6627596758774,6.343654118622913e-16,1.0443685818780643e-15
1210.7162353981912,3.9067396735558414e-16,9.193958859190727e-16
1210.7697108369496,1.6740224447681424e-16,9.838891362557558e-16
1210.8231859921575,2.226776126212041e-16,1.0175272737776477e-15
1210.8766608638196,2.3454177328031674e-16,9.84248864356985e-16
1210.9301354519398,9.684253145463834e-16,1.1102484583029933e-15
1210.9836097565233,7.664357348598951e-16,1.0567069403906715e-15
1211.037083777574,4.2892050199945517e-16,1.0849936287314894e-15
1211.0905575150966,5.015480459232552e-17,7.475501510846574e-16
1211.144030969096,4.125312870316856e-16,9.648166541852828e-16
1211.1975041395765,4.768593099248766e-16,9.799797508538783e-16
1211.2509770265424,9.552340085307235e-16,1.1592476796577753e-15
1211.304449629998,1.049123082346916e-15,1.199933992302925e-15
1211.3579219499486,5.371384822013214e-16,9.770294609900351e-16
1211.411393986398,5.605657384414664e-16,1.0532099805878398e-15
1211.4648657393511,6.608852135891938e-16,1.1132026532682079e-15
1211.518337208812,4.621946354666785e-16,1.1045937636463007e-15
1211.5718083947856,-1.5108883957943194e-16,7.492706053634223e-16
1211.6252792972766,4.192233594817885e-16,1.0484831174369634e-15
1211.6787499162888,1.4230001080641438e-16,9.338564783099456e-16
1211.7322202518271,1.829151351788444e-16,1.0213463722521413e-15
1211.7856903038962,-4.0744678218059947e-16,6.413271881647034e-16
1211.8391600725004,2.400979011928619e-16,8.721160519861842e-16
1211.892629557644,3.807207359141242e-16,9.665249772951073e-16
1211.946098759332,-5.024377188351606e-17,8.184651098116507e-16
1211.9995676775686,9.306827742309328e-17,8.842621415200531e-16
1212.0530363123582,7.681777204501606e-16,1.1020621167092993e-15
1212.1065046637057,5.479580331955452e-16,1.0274717110291586e-15
1212.1599727316152,5.249994490411163e-16,9.81175619092752e-16
1212.2134405160914,2.3746256258565314e-16,8.425574389399376e-16
1212.2669080171388,3.968069635385083e-16,9.5427805703124e-16
1212.3203752347617,3.3492986891138074e-17,8.742514909946435e-16
1212.3738421689652,1.4741707615075291e-16,9.348251064863253e-16
1212.427308819753,4.777036469702194e-16,1.04829695752206e-15
1212.4807751871303,5.565009103643569e-16,1.0756151155789667e-15
1212.534241271101,7.083441454188467e-16,1.049353803126736e-15
1212.5877070716704,5.069394047323708e-16,9.083560000078503e-16
1212.6411725888422,1.0350511261726693e-16,9.190101560636293e-16
1212.6946378226212,2.1105736034087301e-16,9.00172462909291e-16
1212.748102773012,2.0757394560642027e-16,8.834372320436238e-16
1212.801567440019,5.125930515044096e-16,1.0709836008957652e-15
1212.855031823647,1.1666935466793422e-17,8.837218025145108e-16
1212.9084959239,-2.8128582255139507e-16,7.681377243505216e-16
1212.9619597407832,-3.2397658202739966e-16,7.463528451338491e-16
1213.0154232743002,4.631524016806557e-16,1.0504147234768904e-15
1213.0688865244563,1.8390901037232445e-17,8.243371583005005e-16
1213.1223494912554,-1.221813775552896e-16,8.316350047842379e-16
1213.1758121747023,5.456923516694701e-17,8.719094058709499e-16
1213.2292745748016,3.466902224723233e-16,9.136631890920928e-16
1213.2827366915576,1.540230846504194e-16,8.625038582112819e-16
1213.336198524975,1.8581506893711276e-16,8.358321039369994e-16
1213.3896600750584,1.9518598959203608e-16,9.287851705899687e-16
1213.4431213418115,4.453151156091988e-16,1.0686259326144488e-15
1213.4965823252398,-5.4746143401790744e-17,7.601451362237879e-16
1213.5500430253476,1.419379100637701e-17,8.726299902105398e-16
1213.603503442139,3.927236199330217e-16,9.6456523620864e-16
1213.6569635756189,6.318171374516074e-16,1.0441540604881715e-15
1213.7104234257915,2.383848105923754e-16,9.272906973616417e-16
1213.7638829926614,6.640299655954969e-16,1.0034221920544339e-15
1213.8173422762331,1.6520370328632538e-16,8.226202193951456e-16
1213.8708012765114,-2.976650603701592e-17,8.677317895515089e-16
1213.9242599935005,1.602555081975659e-17,7.419766138405071e-16
1213.9777184272048,5.54557224931165e-16,1.0454711823911508e-15
1214.0311765776287,1.9001479582879191e-16,8.729824565843134e-16
1214.0846344447777,3.817275465042628e-16,8.607386672388438e-16
1214.138092028655,3.2856418242584924e-16,9.123768535612288e-16
1214.1915493292659,7.201695784152021e-17,8.43539279242348e-16
1214.2450063466147,3.02692281320192e-16,9.1204570684525e-16
1214.2984630807055,6.15089736264559e-16,1.0900652703002758e-15
1214.3519195315434,5.296051637987263e-16,9.49239306069494e-16
1214.4053756991325,2.7007161797139815e-16,8.09182404996597e-16
1214.458831583478,6.994183917215509e-16,9.7031602937008e-16
1214.5122871845833,4.988860666409344e-16,9.382367972196223e-16
1214.565742502454,3.37990730270522e-16,8.814511992037554e-16
1214.619197537094,3.125522676809648e-16,9.214449651764943e-16
1214.6726522885076,7.095429862329129e-16,1.0227977921601027e-15
1214.7261067566997,5.725614929460569e-16,9.426610105266012e-16
1214.7795609416746,1.0393088739178094e-15,1.1754502643422483e-15
1214.8330148434372,4.711024884599285e-16,9.36626000779082e-16
1214.8864684619914,9.392808003841875e-16,1.1388209565106661e-15
1214.939921797342,1.0828192798541793e-15,1.2476541339599556e-15
1214.9933748494934,7.251061298651924e-16,1.1444500041626964e-15
1215.0468276184506,1.0875528621291208e-15,1.337067566345143e-15
1215.1002801042175,1.435516512325442e-15,1.5473260635553738e-15
1215.153732306799,8.124606328806432e-16,1.5196374863829265e-15
1215.2071842261992,2.5031787339672633e-16,1.6749048034158186e-15
1215.2606358624225,5.114664277070677e-16,2.2024325055490016e-15
1215.314087215474,-3.8591176546884717e-16,2.84597484512795e-15
1215.367538285358,3.4322170604728524e-15,4.124164352002926e-15
1215.4209890720788,4.8582859862929164e-15,5.360267386413455e-15
1215.474439575641,2.444862618337334e-15,5.46555300995384e-15
1215.5278897960495,7.46492238141998e-17,4.441102718698706e-15
1215.581339733308,-9.333204754195752e-17,3.3617731995847e-15
1215.6347893874213,-9.481869441832036e-16,2.4035419239671334e-15
1215.6882387583942,-1.3482186193007725e-15,1.886007470038353e-15
1215.741687846231,-1.0848529278063353e-15,1.4787032069766229e-15
1215.795136650936,6.912679182370195e-16,1.6903944095744792e-15
1215.848585172514,3.631730932014325e-16,1.320253146194121e-15
1215.9020334109696,5.106996891862588e-16,1.2927583646725172e-15
1215.955481366307,4.820120050593937e-16,1.2378755384712557e-15
1216.0089290385306,1.0964311820827622e-17,8.63325385935897e-16
1216.0623764276454,7.049206982474376e-16,1.1456466042372735e-15
1216.1158235336554,5.993810642508159e-16,1.0450022108686522e-15
1216.1692703565654,7.958856525978028e-16,1.0098928167182274e-15
1216.2227168963798,6.046661149078007e-16,9.623235135531624e-16
1216.276163153103,4.0316811041121554e-16,9.317069681496757e-16
1216.3296091267396,3.1095169670584046e-16,8.136769252531994e-16
1216.3830548172941,5.021250405497538e-16,8.959481230045399e-16
1216.436500224771,3.0228661854295965e-16,8.890472466822844e-16
1216.4899453491748,3.382173037029152e-16,8.065245336140273e-16
1216.54339019051,6.562502549287304e-16,8.484833858609057e-16
1216.5968347487812,5.650671647885789e-16,8.648252216220731e-16
1216.6502790239927,1.1285902491801248e-16,6.677473441964312e-16
1216.7037230161488,-1.1080340170988264e-18,6.949830981517282e-16
1216.7571667252546,1.3325913671230543e-16,7.330209107608652e-16
1216.8106101513142,1.4190287725048184e-16,7.159029585110192e-16
1216.864053294332,-6.346220187979874e-17,6.855354654171652e-16
1216.917496154313,3.294886299933709e-16,9.083791773096371e-16
1216.9709387312612,-1.2569198835533502e-17,6.964972248273315e-16
1217.0243810251811,-2.902938673976023e-16,6.973892846813868e-16
1217.0778230360775,-2.3694109208249666e-16,6.629449985613017e-16
1217.1312647639547,-2.0631232687973018e-16,7.08937607537434e-16
1217.1847062088175,-1.416408076826074e-17,8.145787025266318e-16
1217.2381473706698,2.0198469792648382e-16,9.100414490807562e-16
1217.2915882495165,-5.554059656126589e-17,6.543475677949646e-16
1217.345028845362,-7.878271888420558e-17,7.166577840553588e-16
1217.3984691582114,3.6249417260723675e-17,8.047495828197223e-16
1217.451909188068,-2.1039012236779335e-16,7.147414168419668e-16
1217.505348934937,-4.363648139771291e-16,5.6573295047077975e-16
1217.558788398823,-2.185445221480882e-16,5.763977262521625e-16
1217.6122275797302,-2.611004236999666e-17,6.50817774967166e-16
1217.6656664776633,-1.3886418734800293e-16,7.326970390992381e-16
1217.7191050926265,-2.848146184150126e-16,5.925436179390966e-16
1217.7725434246247,6.38794128699628e-19,7.211983980771378e-16
1217.8259814736623,6.483936460117346e-17,6.982506361050005e-16
1217.8794192397436,-2.5402854886709264e-17,6.950781435828704e-16
1217.932856722873,-2.780937815437238e-16,5.511013248217184e-16
1217.9862939230554,1.7529836057364408e-16,6.857725850606434e-16
1218.0397308402949,3.172645631527957e-16,7.892737903281698e-16
1218.0931674745964,1.983930209700448e-16,7.69853966961695e-16
1218.146603825964,1.691564206115538e-16,7.679464393159536e-16
1218.2000398944024,3.5126281594136833e-16,8.082460230605443e-16
1218.253475679916,3.2540889083375636e-16,7.978865917395709e-16
1218.3069111825096,5.518085835033243e-16,8.894221127519103e-16
1218.360346402187,-7.973095204463394e-17,6.353974294210011e-16
1218.4137813389534,-2.343658928985751e-17,7.060976682091139e-16
1218.467215992813,2.0449622348851799e-16,7.84349300207889e-16
1218.52065036377,1.0748606423738332e-17,7.580746700949444e-16
1218.5740844518298,-2.933274286002368e-16,6.450103512693044e-16
1218.6275182569962,-1.753833081145832e-16,6.342826332274854e-16
1218.6809517792735,1.8216454399100313e-16,7.093752549981076e-16
1218.7343850186664,1.6757954970600545e-17,6.878274976733742e-16
1218.78781797518,2.2233552374688424e-16,8.014774150873805e-16
1218.8412506488178,-4.4179857852278877e-17,6.626902308695795e-16
1218.894683039585,-1.9241389364389325e-16,5.913581471598618e-16
1218.9481151474856,-2.94378788206523e-16,5.181594201405871e-16
1219.0015469725247,-2.3384254034659053e-16,5.328462528704057e-16
1219.0549785147064,6.777990203214572e-17,6.729997993192201e-16
1219.1084097740354,1.5585828154805529e-16,7.149456712606379e-16
1219.1618407505155,7.793537072307483e-17,6.291114062609048e-16
1219.215271444152,2.123684687868045e-16,7.343427094953806e-16
1219.268701854949,8.800741392743211e-17,6.572434423072198e-16
1219.3221319829115,-2.389359095897891e-16,5.703783722613303e-16
1219.3755618280434,-2.478641322671626e-16,5.274087374811338e-16
1219.4289913903492,-2.9656707002763374e-16,5.833830656672016e-16
1219.4824206698338,-7.993739558242135e-17,6.287566605898438e-16
1219.5358496665015,-2.866772400215318e-17,6.357641097434596e-16
1219.5892783803563,-1.955455281345895e-16,6.07172393700447e-16
1219.6427068114035,-1.8407914930787324e-16,5.580291634202739e-16
1219.6961349596477,3.264085761006455e-16,8.204630517676394e-16
1219.7495628250922,3.0982947478170326e-17,6.437842335473075e-16
1219.8029904077425,2.085188021050867e-16,7.007555461855433e-16
1219.856417707603,2.6186282563339966e-16,7.03626335505014e-16
1219.909844724678,1.2527917064646585e-16,6.778139932447652e-16
1219.9632714589713,3.5215291286709423e-16,8.119926971538522e-16
1220.0166979104888,4.801560047203453e-17,6.513185016150188e-16
1220.0701240792341,-4.968559066227077e-17,5.793685914587271e-16
1220.123549965212,4.5122343853697834e-17,6.517992175679717e-16
1220.1769755684268,-2.51866010025414e-16,5.141791672831592e-16
1220.2304008888827,6.113210150871782e-17,6.382992254788868e-16
1220.283825926585,4.018821861109429e-16,7.556269767028861e-16
1220.3372506815376,5.305235717987368e-16,7.870427156126816e-16
1220.390675153745,3.0515045297154526e-16,6.228421829784108e-16
1220.444099343212,-2.0810854375873433e-16,4.880183872294101e-16
1220.4975232499426,-8.311597858182405e-18,6.640363410137924e-16
1220.5509468739417,-1.6752671507911903e-16,5.600559846727914e-16
1220.6043702152137,-3.3217221213056084e-16,4.6007161344401575e-16
1220.6577932737632,-3.829706151513298e-16,4.494017021549338e-16
1220.7112160495944,-4.606697343657752e-16,4.068108743687616e-16
1220.764638542712,1.91257977393666e-17,6.683356920823835e-16
1220.8180607531203,3.093227725497032e-17,6.763304486465684e-16
1220.871482680824,2.396250814676885e-16,7.53201584772738e-16
1220.9249043258274,4.4138674053589545e-16,8.191429980102408e-16
1220.9783256881353,7.112831863695292e-16,8.721352102364149e-16
1221.031746767752,3.5554990079659973e-16,5.685445533702996e-16
1221.0851675646818,-1.117347814084695e-17,4.904557532913946e-16
1221.1385880789294,7.520089016165356e-17,7.040896012743612e-16
1221.1920083104992,-2.2562774394842015e-16,4.581733350070915e-16
1221.2454282593958,-1.1908165274161253e-18,6.075464626280216e-16
1221.2988479256235,1.337792985715013e-17,6.392654671850108e-16
1221.352267309187,-4.837129230861856e-17,6.288788126951267e-16
