trappist-1/STIS/new_bk_means/TRAPPIST-1_G140M_newbk_mean_2018-09.ecsv
# %ECSV 0.9
# ---
# datatype:
# - name: WAVELENGTH
#   unit: Angstrom
#   datatype: float64
# - name: FLUX
#   unit: erg / (Angstrom cm2 s)
#   datatype: float64
# - name: ERROR
#   unit: erg / (Angstrom cm2 s)
#   datatype: float64
# delimiter: ','
# schema: astropy-2.0
WAVELENGTH,FLUX,ERROR
[from data line 250]
1208.2269065432288,1.0770447183793635e-15,1.7156587429971922e-15
1208.2805493291269,1.7423029658709397e-15,1.9328560636458456e-15
1208.3341918706092,-7.982480578851929e-16,1.1858279595050296e-15
1208.387834167678,-7.794362420998116e-16,1.1705950889990452e-15
1208.4414762203376,-1.186831781110356e-15,1.076792228761687e-15
1208.4951180285907,-3.537952359945488e-16,1.4612350681183681e-15
1208.5487595924412,5.293754155239015e-16,1.1878896348549456e-15
1208.602400911892,1.7569376323211993e-16,1.5861294913689917e-15
1208.6560419869463,2.445281084337018e-16,1.5550107757945335e-15
1208.709682817608,7.011694102065324e-16,1.4453146392751904e-15
1208.76332340388,-4.69233564798983e-16,1.0237867484629392e-15
1208.8169637457654,1.1540722636822736e-15,1.817577592416757e-15
1208.8706038432683,-5.125744920251646e-16,1.0902163661894424e-15
1208.9242436963916,-5.256344408877329e-16,1.2306938643801549e-15
1208.9778833051387,-1.0177013418238704e-16,1.3414363799023436e-15
1209.031522669513,1.6928716870920505e-16,1.1830521759267437e-15
1209.0851617895173,-3.2391687920224204e-16,1.4179912278262573e-15
1209.138800665156,1.2604726773870074e-15,1.65204959733073e-15
1209.1924392964315,-1.3725782399900702e-15,8.358076345388009e-16
1209.246077683348,5.505178847431699e-16,1.6735156428505012e-15
1209.299715825908,-1.5107342288144897e-16,1.2609801967083515e-15
1209.3533537241149,6.489385250903765e-16,1.4442805643797e-15
1209.4069913779724,-1.3627341618081609e-15,7.715229496878212e-16
1209.460628787484,2.988824974105339e-16,1.404569704637663e-15
1209.5142659526525,6.930490090381731e-16,1.6526714831057342e-15
1209.567902873482,1.4876029987568448e-15,1.7932904776845303e-15
1209.6215395499746,1.1633437907932505e-15,1.2948841828395063e-15
1209.675175982135,1.6380069725870637e-15,1.6218377675042992e-15
1209.728812169966,1.057915608747513e-15,1.5313678026275528e-15
1209.7824481134703,-2.648521656518512e-18,1.202177542650558e-15
1209.8360838126523,-1.1886780852748442e-15,9.913958054819373e-16
1209.889719267515,1.6957379693243116e-15,1.4266987143194743e-15
1209.9433544780613,-4.0533317510352053e-16,1.2032433047988825e-15
1209.9969894442947,1.4225501979262606e-15,1.363007281836371e-15
1210.050624166219,1.5302336581692863e-16,1.1479224175730214e-15
1210.104258643837,-3.3788824202093436e-16,1.2189266017983083e-15
1210.1578928771526,-7.533149288733192e-16,1.3134234395513284e-15
1210.2115268661682,-1.7689673984723025e-16,1.2284566273581339e-15
1210.2651606108882,-4.489409809451634e-16,1.1402870810935706e-15
1210.3187941113154,-9.624077852240862e-16,1.1505449354816188e-15
1210.372427367453,-1.8143280646509684e-16,1.298456708984721e-15
1210.4260603793048,-2.6884965769807783e-16,1.3037328884346476e-15
1210.4796931468736,2.3618096529742176e-16,1.2891154531455562e-15
1210.533325670163,-1.5384170874083283e-16,1.2925103924594497e-15
1210.5869579491768,1.3884774539382781e-15,1.3991384063706661e-15
1210.6405899839176,4.098887985169391e-15,2.3749644424438495e-15
1210.694221774389,3.605285827021542e-15,2.094260822297194e-15
1210.7478533205945,-2.6112354073798968e-17,1.095079794013366e-15
1210.8014846225371,3.029311441224485e-16,1.3750176638704648e-15
1210.8551156802205,-4.3595993239591533e-16,1.129272641923798e-15
1210.9087464936476,2.885865455515023e-16,1.1585412661302961e-15
1210.9623770628225,1.960874446282819e-16,1.1113456409641525e-15
1211.016007387748,2.28630522685959e-16,1.3363915016994452e-15
1211.0696374684273,5.955241495463131e-16,1.3390888752726627e-15
1211.1232673048637,6.738906820997382e-16,1.193034929178893e-15
1211.1768968970612,5.901661390234993e-16,1.3658360668785317e-15
1211.2305262450225,4.963703456294142e-16,1.3947957537498614e-15
1211.284155348751,2.8448641613352495e-16,1.2946756258379539e-15
1211.3377842082505,-2.91994353085358e-16,1.1863144882580028e-15
1211.3914128235238,-4.2243393791545234e-16,9.998057508055575e-16
1211.4450411945745,-8.587881424071255e-17,1.3938644783293467e-15
1211.498669321406,2.3268386607136616e-15,1.8401799404356964e-15
1211.5522972040214,1.1073582366986018e-15,1.4840060063510927e-15
1211.6059248424242,1.118931185437012e-16,1.0791827346372411e-15
1211.6595522366174,-1.2306179487016955e-15,7.53931562554835e-16
1211.7131793866051,1.053135619234156e-15,1.5114085632363826e-15
1211.76680629239,9.795319563334601e-16,1.431677938219233e-15
1211.8204329539756,-3.9287419948261763e-16,9.786203102555565e-16
1211.874059371365,-4.215011747015096e-16,9.773942972153994e-16
1211.9276855445623,-6.021372877171299e-16,1.2577637488710267e-15
1211.9813114735698,-3.4921975443440737e-16,1.0038819076899298e-15
1212.0349371583918,7.165672556462447e-16,1.6200736360557855e-15
1212.0885625990309,-6.660895723324052e-17,1.1793916413858185e-15
1212.142187795491,8.828209562889825e-16,1.5667844770988936e-15
1212.1958127477747,-2.490240116861066e-16,1.2166230522208137e-15
1212.249437455886,-6.153321758921346e-16,1.082009110583223e-15
1212.3030619198282,3.437636977774512e-17,1.298379566802256e-15
1212.356686139604,1.0001825882482158e-15,1.3370748120575535e-15
1212.4103101152177,-7.601107647689693e-16,8.788674121696233e-16
1212.463933846672,2.91502741546402e-16,1.2751605771473901e-15
1212.5175573339702,-9.801004585997346e-16,8.373109319949693e-16
1212.571180577116,1.5054305120775758e-15,1.8120975853435813e-15
1212.6248035761123,-1.521148443734438e-16,1.3175662409369941e-15
1212.678426330963,1.4754625042894941e-16,1.306087660029366e-15
1212.7320488416708,-3.1665863457280017e-16,1.3162119643358929e-15
1212.7856711082395,1.7761088034483406e-17,1.2515955627884628e-15
1212.839293130672,-2.6545751869616767e-16,1.3530489615955342e-15
1212.8929149089722,-1.4661080729174404e-15,9.329205596944094e-16
1212.9465364431433,-9.760324687777785e-16,1.0619483223971983e-15
1213.0001577331882,4.463618558504848e-16,1.409131203929064e-15
1213.0537787791106,3.579210786351095e-17,1.0889560267675744e-15
1213.1073995809136,3.1747664977804037e-16,1.1026416036262962e-15
1213.1610201386009,-9.606083657895982e-16,7.962973031871961e-16
1213.2146404521757,-9.66531146841808e-16,9.881378256079849e-16
1213.268260521641,-4.700392434129099e-16,1.126696096388349e-15
1213.3218803470004,7.772507952090543e-16,1.1598631594486964e-15
1213.375499928257,-4.55902443911397e-16,1.0824996463982023e-15
1213.4291192654148,-3.840883697985107e-16,1.1535544028814302e-15
1213.4827383584768,-1.4820823614465463e-15,6.190645868594975e-16
1213.536357207446,-1.0594586230219781e-15,8.058594865344321e-16
1213.5899758123257,2.4808794952469063e-16,1.0914336592632075e-15
1213.6435941731197,4.036577454385151e-16,1.4770719810553198e-15
1213.697212289831,-5.350723104274668e-16,9.477563930965446e-16
1213.7508301624632,5.083751729123631e-16,1.2205638218251997e-15
1213.8044477910194,-3.949724017479579e-16,8.75362679463764e-16
1213.858065175503,-3.132062381827568e-16,9.370470717310543e-16
1213.9116823159175,-1.1635909214420625e-16,1.117631325953088e-15
1213.965299212266,-8.800981627398987e-16,8.225847822018139e-16
1214.018915864552,-1.0132554558562015e-15,9.04886865167481e-16
1214.0725322727785,-5.302166464786784e-16,1.0064968072582266e-15
1214.1261484369493,-8.374506863953714e-16,8.503738971813487e-16
1214.1797643570674,9.15344969194252e-16,1.5870881549101748e-15
1214.2333800331364,-5.214324767285593e-16,1.0622537620186424e-15
1214.2869954651594,-5.7362039595288e-16,8.313964912964336e-16
1214.34061065314,6.101090212541543e-16,1.1615706149096446e-15
1214.394225597081,-1.8026320994828702e-16,1.1301745774957241e-15
1214.447840296986,-4.8940989064112956e-17,1.3223479360379667e-15
1214.5014547528588,2.4564572592630733e-16,1.208312075555967e-15
1214.555068964702,2.39411577187517e-16,1.2017565805173796e-15
1214.6086829325197,1.2673399267218823e-16,1.065922060976195e-15
1214.6622966563145,-1.2096027345883689e-16,1.2133366957409667e-15
1214.71591013609,7.003170070455116e-17,1.2945672064099802e-15
1214.76952337185,-5.22907126529956e-16,9.67432156706472e-16
1214.8231363635969,-5.598211077094263e-16,8.248682167416038e-16
1214.8767491113347,-8.784633604418184e-16,7.632761958442937e-16
1214.9303616150667,2.0650798606276185e-17,1.1381908724303512e-15
1214.9839738747958,8.745014841891495e-16,1.1069366431456702e-15
1215.0375858905259,7.369931549112534e-16,1.266120920236805e-15
1215.0911976622601,1.7885571525041422e-16,1.0827715501730023e-15
1215.1448091900015,8.359082281925852e-16,1.4740473777972519e-15
1215.1984204737535,1.5930222705525276e-15,1.6623686396040296e-15
1215.25203151352,2.377775017413027e-16,1.2648334734625072e-15
1215.3056423093035,3.82630284204292e-18,1.443820847530395e-15
1215.359252861108,-2.277999401895802e-16,1.6915677940037917e-15
1215.4128631689362,-1.569199136239288e-15,1.687007103537549e-15
1215.4664732327922,-7.893841032124211e-16,2.4587290609850137e-15
1215.5200830526785,-2.7992419678453327e-15,3.784762287564906e-15
1215.573692628599,-1.930052198427944e-15,4.227795804896036e-15
1215.627301960557,-1.133011651363483e-15,3.4355216050394292e-15
1215.6809110485556,2.22461670723096e-16,2.4693039782505923e-15
1215.734519892598,-8.82655006070867e-16,1.7677048884471035e-15
1215.7881284926882,-1.63054614619169e-15,1.4910731360677023e-15
1215.8417368488288,-2.2375947548722815e-15,1.0342408114971687e-15
1215.8953449610235,-1.002041475944734e-15,7.846396565190807e-16
1215.9489528292756,-7.91617850949603e-16,1.002672535575782e-15
1216.0025604535883,5.808552045280912e-16,1.374947353693246e-15
1216.056167833965,1.1529339851409725e-15,1.418353327804772e-15
1216.1097749704093,5.814766011967765e-16,1.246254457281288e-15
1216.163381862924,-7.9844890212076e-16,8.025990133283832e-16
1216.2169885115127,-9.46191774196196e-16,6.166519810568346e-16
1216.270594916179,2.3499257924830083e-16,1.1047719868015235e-15
1216.3242010769256,-5.231418287196495e-16,8.347288133991739e-16
1216.3778069937564,-2.697420736561023e-16,9.206263518244168e-16
1216.4314126666745,2.647031966219625e-16,1.013488405179978e-15
1216.4850180956832,1.2465236235500915e-15,1.4719228706167144e-15
1216.538623280786,3.200963403982973e-15,1.92774728539193e-15
1216.592228221986,1.2221571401140293e-15,1.2740346278455117e-15
1216.6458329192867,1.1439230454444228e-15,1.28162726104053e-15
1216.6994373726914,3.7193542553691423e-16,1.0663748303685851e-15
1216.7530415822032,-3.499922774292811e-16,1.006455212586201e-15
1216.8066455478258,2.0654645067087273e-17,1.0232150820901477e-15
1216.8602492695625,1.3989550229445976e-18,1.0825445745418341e-15
1216.9138527474163,-7.52357109974623e-17,1.0491225159803249e-15
1216.9674559813907,3.3616577042494366e-16,9.847998353321234e-16
1217.0210589714889,4.39374353223259e-16,1.1072125091153136e-15
1217.0746617177147,-2.2133499066594457e-16,1.0311713387297364e-15
1217.128264220071,-7.863755012852671e-16,8.496765281554411e-16
1217.181866478561,-3.437551344642933e-16,9.45289118939563e-16
1217.2354684931884,-7.600469404132759e-16,7.365255411809204e-16
1217.2890702639565,-6.751340439029476e-16,8.500044210220406e-16
1217.3426717908685,-5.638737511950951e-16,8.698911618571855e-16
1217.3962730739274,5.270526425926459e-16,1.1536897298418938e-15
1217.4498741131374,6.379975685079186e-16,1.133705907784851e-15
1217.503474908501,-6.900655003983955e-16,7.354168513223721e-16
1217.5570754600217,-3.7242450284242916e-16,9.763580571934586e-16
1217.6106757677032,-1.4181640811481449e-16,9.95145558459189e-16
1217.6642758315484,-6.919076846651438e-16,7.06605964903991e-16
1217.7178756515611,-8.659914768236127e-16,6.550209666330988e-16
1217.7714752277438,-3.937580838622779e-16,7.763732120698663e-16
1217.8250745601006,3.603528117215435e-16,1.1656634942864282e-15
1217.878673648635,-6.90346252192236e-16,6.767601865812267e-16
1217.9322724933495,-5.640429194193775e-16,7.152767614465807e-16
1217.9858710942478,9.990737485874193e-16,1.1964421656515466e-15
1218.0394694513336,1.4704143825147237e-15,1.2699483106544e-15
1218.0930675646096,1.4548686103271802e-15,1.3456703605054206e-15
1218.1466654340798,2.0155451702415337e-15,1.5255038836829732e-15
1218.2002630597467,1.2522736140252495e-16,8.866500512806001e-16
1218.2538604416143,3.4522173964786127e-16,1.073342264721507e-15
1218.3074575796857,6.717694837595255e-16,1.2133607701845437e-15
1218.3610544739643,-3.2971230929101685e-17,1.0701449547145282e-15
1218.414651124453,-1.0037782583115905e-18,1.0510893673817787e-15
1218.468247531156,-6.006363900828152e-17,1.0940960733843847e-15
1218.5218436940756,-5.569269849075683e-16,7.102007635073851e-16
1218.575439613216,-4.1051817815932856e-16,8.557663842299625e-16
1218.62903528858,-5.341372357973184e-16,7.833992871956006e-16
1218.6826307201713,-3.666487794649078e-16,8.945065142618903e-16
1218.736225907993,-4.3587323192326293e-16,7.717567472631816e-16
1218.7898208520485,-1.8687475559304107e-16,1.0206059360755659e-15
1218.843415552341,2.7536010824517974e-16,1.1435702704202314e-15
1218.8970100088734,1.0662113226673606e-15,1.3096624241104602e-15
1218.95060422165,9.705132039054962e-16,1.2304839101222728e-15
1219.0041981906738,3.2333890772721954e-16,1.1393215994709193e-15
1219.0577919159477,-6.593829333783853e-16,7.332084918013866e-16
1219.1113853974755,-3.06364728365386e-16,9.272317508246404e-16
1219.1649786352602,3.4422700425047335e-16,1.2885745358198514e-15
1219.2185716293052,-3.8571184836482986e-16,7.995984419277982e-16
1219.272164379614,-1.5866091664780972e-16,7.636649146753914e-16
1219.3257568861895,-1.9959316865286783e-16,8.986628262106573e-16
1219.3793491490358,-2.563338602637913e-16,9.01255332303316e-16
1219.4329411681554,-3.665769047022963e-16,8.461543964340122e-16
1219.4865329435522,-3.751579017923136e-16,9.739979966180772e-16
1219.540124475229,-1.789485841214967e-16,8.47943842783091e-16
1219.5937157631897,2.5809320424039606e-16,9.581009713280834e-16
1219.6473068074374,1.5355104986966153e-16,9.284729061726932e-16
1219.7008976079753,4.875627822719193e-17,9.016464490522598e-16
1219.7544881648068,7.790247550333913e-17,8.288027881597141e-16
1219.8080784779354,5.552834786440373e-16,9.200143244225305e-16
1219.861668547364,2.8858251463175734e-17,7.865950362163384e-16
1219.915258373096,-3.2452982100136436e-16,8.080516654519318e-16
1219.9688479551353,2.6695190388862276e-17,1.0238967989050975e-15
1220.0224372934847,-9.861503009679319e-17,9.03618042669753e-16
1220.0760263881475,-5.394892298434011e-16,7.285150207550296e-16
1220.1296152391274,-6.019905501493971e-16,7.018809147974298e-16
1220.1832038464274,-2.0282953112244708e-16,8.75207060641258e-16
1220.236792210051,4.21737472400793e-16,8.678975735512615e-16
1220.2903803300014,7.611223869684014e-16,9.167709293152912e-16
1220.3439682062817,8.586562945364132e-16,9.466158035135746e-16
1220.3975558388959,2.5511961608117283e-16,9.466497523302211e-16
1220.4511432278468,-5.462903546450252e-16,6.022156496773992e-16
1220.5047303731378,-1.4352099243440472e-16,7.68510400751734e-16
1220.5583172747724,-3.958151503376701e-16,7.224097888641429e-16
1220.6119039327536,-9.226741016108665e-16,6.253597335134123e-16
1220.665490347085,-1.0936998899181275e-15,4.541369344896586e-16
1220.71907651777,-5.145270275665313e-16,6.321387051967843e-16
1220.7726624448117,-1.350395818453254e-16,8.95571544117223e-16
1220.8262481282134,-8.190588902488744e-16,5.482671471014996e-16
1220.8798335679783,-6.50668947826334e-16,5.91922536508602e-16
1220.9334187641102,4.598780936005572e-18,9.030637387564782e-16
1220.987003716612,8.467527250778033e-17,9.622091210765197e-16
1221.0405884254874,-7.553194918422095e-16,5.469230581988475e-16
1221.0941728907394,-2.2059123541136335e-16,7.860266615880906e-16
1221.1477571123712,6.416770262554042e-16,1.1204510831682964e-15
1221.2013410903867,1.6399274594320647e-16,1.0097314348888157e-15
1221.2549248247885,-8.011761796044339e-17,9.010123838272531e-16
1221.3085083155806,-5.49635677787982e-16,5.603825646825718e-16
1221.3620915627662,-4.995339218755998e-16,5.930076886665104e-16
1221.415674566348,-1.776342009232057e-16,7.058906042124955e-16
1221.4692573263299,6.122237301809865e-16,1.0208857634337014e-15
1221.522839842715,1.2309399090432765e-15,1.3375947599159167e-15
