trappist-1/STIS/new_bk_means/TRAPPIST-1_G140M_newbk_mean.ecsv
# %ECSV 0.9
# ---
# datatype:
# - name: WAVELENGTH
#   unit: Angstrom
#   datatype: float64
# - name: FLUX
#   unit: erg / (Angstrom cm2 s)
#   datatype: float32
# - name: ERROR
#   unit: erg / (Angstrom cm2 s)
#   datatype: float32
# delimiter: ','
# schema: astropy-2.0
WAVELENGTH,FLUX,ERROR
[from data line 690]
1231.420757682346,-1.255253e-17,3.8818623e-16
1231.4741197647104,2.4207873e-16,5.255041e-16
1231.5274815296489,2.8970501e-16,5.4508264e-16
1231.5808429771662,2.6605194e-16,5.3496616e-16
1231.6342041072685,3.7528782e-16,5.4664023e-16
1231.6875649199617,1.4801689e-16,4.4230446e-16
1231.740925415251,7.817373e-17,4.1670924e-16
1231.7942855931421,1.5000437e-16,4.550745e-16
1231.8476454536412,5.9375903e-16,5.8922396e-16
1231.9010049967533,5.868984e-16,6.156734e-16
1231.9543642224844,2.1443605e-16,4.625936e-16
1232.0077231308403,5.047339e-17,4.0601775e-16
1232.0610817218262,4.582284e-17,3.9124415e-16
1232.114439995448,2.0383721e-16,4.8937117e-16
1232.1677979517115,-7.260711e-17,4.0089498e-16
1232.2211555906224,4.9979296e-16,6.0686475e-16
1232.274512912186,1.311311e-16,4.2292956e-16
1232.3278699164084,3.4324724e-16,5.1314193e-16
1232.3812266032946,1.8373068e-16,4.689584e-16
1232.4345829728513,1.9182776e-16,4.6089254e-16
1232.4879390250833,2.820252e-16,4.6411635e-16
1232.5412947599964,1.6036144e-16,4.3902128e-16
1232.5946501775963,6.915055e-17,3.7514184e-16
1232.6480052778893,4.0281758e-16,5.064034e-16
1232.70136006088,4.621104e-16,5.2766796e-16
1232.7547145265748,6.873282e-17,4.01293e-16
1232.8080686749793,1.4529667e-16,4.1661458e-16
1232.8614225060985,2.1013253e-16,4.2298954e-16
1232.914776019939,3.4068973e-16,5.189181e-16
1232.9681292165058,7.944837e-17,3.6071377e-16
1233.0214820958047,1.2622885e-16,3.714281e-16
1233.0748346578416,9.441412e-17,3.7517813e-16
1233.1281869026222,2.1421895e-16,4.480909e-16
1233.1815388301513,1.8094904e-16,4.4707257e-16
1233.2348904404357,7.168176e-16,6.4456073e-16
1233.2882417334806,9.704046e-16,7.002439e-16
1233.3415927092917,2.6785747e-16,4.5831576e-16
1233.3949433678742,3.0053256e-16,4.632091e-16
1233.4482937092343,4.0360903e-16,4.9046945e-16
1233.5016437333777,3.1571313e-16,4.724723e-16
1233.5549934403095,3.6235379e-16,5.2383906e-16
1233.608342830036,1.9857385e-16,4.1153228e-16
1233.6616919025628,2.6699341e-16,4.6947087e-16
1233.7150406578949,3.6778141e-16,4.6514756e-16
1233.7683890960388,1.8166252e-16,4.1519027e-16
1233.8217372169995,3.5360963e-16,4.5314e-16
1233.8750850207828,2.913104e-16,4.6824887e-16
1233.9284325073945,1.6307455e-16,3.8409328e-16
1233.9817796768405,3.283997e-16,4.3936324e-16
1234.035126529126,2.4582333e-16,4.1107674e-16
1234.0884730642567,1.6600956e-16,3.685141e-16
1234.1418192822387,1.3546009e-16,3.3720895e-16
1234.1951651830773,3.2756313e-16,4.5052793e-16
1234.248510766778,3.074636e-16,4.476187e-16
1234.301856033347,2.4168801e-16,4.0110962e-16
1234.3552009827895,1.0530712e-16,3.613183e-16
1234.4085456151113,1.6367776e-16,3.8826736e-16
1234.4618899303177,3.2281138e-16,4.294193e-16
1234.515233928415,2.5957674e-16,3.9761468e-16
1234.5685776094085,1.108953e-16,3.264787e-16
1234.6219209733038,1.5796683e-16,3.8156637e-16
1234.6752640201066,2.8864538e-16,4.299096e-16
1234.7286067498228,4.626309e-16,4.843132e-16
1234.7819491624577,4.4077048e-16,4.789815e-16
1234.8352912580174,3.5184126e-16,4.473307e-16
1234.888633036507,2.1531867e-16,3.7167303e-16
1234.9419744979325,8.661579e-17,2.9737273e-16
1234.9953156422994,3.1418495e-16,4.365653e-16
1235.0486564696134,2.2038026e-16,3.608866e-16
1235.1019969798804,2.0097802e-16,3.528588e-16
1235.1553371731056,2.5461797e-16,4.1577417e-16
1235.2086770492951,1.1500497e-16,2.9990686e-16
1235.2620166084544,7.8185284e-17,2.5430666e-16
1235.315355850589,3.2477276e-16,4.3003879e-16
1235.3686947757046,3.6165096e-16,4.2316318e-16
1235.422033383807,2.4889555e-16,3.320574e-16
1235.4753716749015,3.5343683e-16,4.0815603e-16
1235.5287096489944,4.2918397e-16,4.452235e-16
1235.5820473060905,2.360693e-16,3.5770485e-16
1235.6353846461964,2.2103126e-16,3.5472226e-16
1235.688721669317,2.230893e-16,3.6298567e-16
1235.742058375458,3.7131307e-16,4.3661388e-16
1235.7953947646256,3.3720556e-16,4.1622196e-16
1235.848730836825,3.67888e-16,4.491331e-16
1235.902066592062,3.729637e-16,4.1692304e-16
1235.9554020303426,3.6380883e-16,4.4142346e-16
1236.0087371516715,1.4368154e-16,2.9396607e-16
1236.062071956055,2.0383488e-16,3.4014768e-16
1236.1154064434988,1.4971293e-16,2.7851216e-16
1236.1687406140086,5.226673e-16,4.5683483e-16
1236.2220744675894,4.4999996e-16,4.2232986e-16
1236.2754080042475,2.883877e-16,3.7058756e-16
1236.3287412239886,3.0283027e-16,3.8405202e-16
1236.382074126818,2.2355227e-16,3.366918e-16
1236.4354067127415,2.0917673e-16,3.6072288e-16
1236.4887389817645,3.2445176e-16,3.7920559e-16
1236.5420709338932,1.8015029e-16,2.7491455e-16
1236.5954025691328,2.171549e-16,3.204197e-16
1236.648733887489,2.8911508e-16,3.7169322e-16
1236.7020648889675,2.9181587e-16,3.680126e-16
1236.7553955735739,3.3816388e-16,3.6381447e-16
1236.808725941314,2.8928192e-16,3.6649557e-16
1236.8620559921933,1.6800122e-16,2.9829343e-16
1236.9153857262177,2.1211107e-16,3.3247594e-16
1236.9687151433925,3.2294373e-16,3.5712577e-16
1237.0220442437235,2.1256722e-16,2.9420276e-16
1237.0753730272163,2.533664e-16,3.2104605e-16
1237.1287014938766,2.4388625e-16,3.6227353e-16
1237.1820296437102,2.5568568e-16,3.2804032e-16
1237.2353574767224,3.6083807e-16,3.7331093e-16
1237.2886849929191,2.9530464e-16,3.4097105e-16
1237.342012192306,3.0781426e-16,3.6218176e-16
1237.3953390748884,2.575436e-16,3.0025627e-16
1237.4486656406725,2.587059e-16,3.1868204e-16
1237.5019918896633,2.7456462e-16,3.4225425e-16
1237.5553178218668,3.1775568e-16,3.5601414e-16
1237.608643437289,1.9485739e-16,2.664942e-16
1237.6619687359346,2.7137713e-16,3.3368572e-16
1237.71529371781,2.4464456e-16,3.1612442e-16
1237.7686183829207,1.9494965e-16,3.1664656e-16
1237.8219427312724,4.578888e-16,4.5406625e-16
1237.8752667628705,7.6506165e-16,5.5513e-16
1237.9285904777207,3.9624188e-16,3.8017232e-16
1237.981913875829,2.6289782e-16,3.3519132e-16
1238.0352369572004,2.557862e-16,3.1600436e-16
1238.0885597218412,1.5673263e-16,2.527418e-16
1238.1418821697566,2.6545822e-16,2.9491215e-16
1238.1952043009528,2.4974377e-16,2.854634e-16
1238.2485261154345,2.2302653e-16,2.9985297e-16
1238.301847613208,2.1893003e-16,3.1873252e-16
1238.3551687942793,2.5692677e-16,3.0853217e-16
1238.408489658653,2.008911e-16,2.789735e-16
1238.4618102063357,2.571104e-16,2.7937047e-16
1238.5151304373323,1.9515836e-16,2.6816232e-16
1238.5684503516493,1.7789415e-16,2.4259116e-16
1238.6217699492913,3.1465667e-16,3.3942352e-16
1238.6750892302648,4.930468e-16,3.6566407e-16
1238.728408194575,5.064011e-16,3.837153e-16
1238.781726842228,4.7004495e-16,4.0671367e-16
1238.8350451732288,2.539614e-16,2.8806124e-16
1238.8883631875835,2.4614762e-16,2.8456543e-16
1238.941680885297,3.0194596e-16,3.257773e-16
1238.9949982663761,4.5172807e-16,4.0638955e-16
1239.0483153308262,3.0484734e-16,3.4171464e-16
1239.101632078652,2.7671047e-16,2.9642704e-16
1239.15494850986,1.9823154e-16,2.4808703e-16
1239.2082646244558,3.5719988e-16,3.2746265e-16
1239.2615804224445,2.1245566e-16,2.74161e-16
1239.3148959038324,1.3951703e-16,2.0466194e-16
1239.3682110686245,2.8434785e-16,2.9671297e-16
1239.421525916827,2.0486574e-16,2.5274028e-16
1239.4748404484453,1.8569309e-16,2.228424e-16
1239.5281546634849,1.8725106e-16,2.4637745e-16
1239.5814685619514,3.7461033e-16,3.5590636e-16
1239.634782143851,2.8763886e-16,3.0354712e-16
1239.6880954091887,1.885591e-16,2.4277563e-16
1239.7414083579706,2.685421e-16,2.772784e-16
1239.7947209902022,2.0089229e-16,2.4068658e-16
1239.8480333058887,2.0897772e-16,2.4854056e-16
1239.9013453050363,2.4591505e-16,2.6348077e-16
1239.9546569876504,2.3652606e-16,2.6301117e-16
1240.007968353737,1.7925063e-16,2.1428519e-16
1240.0612794033011,2.563948e-16,2.694484e-16
1240.1145901363489,2.740475e-16,2.7111942e-16
1240.1679005528856,1.4333076e-16,3.826196e-16
1240.221210652917,1.7595047e-16,3.649953e-16
1240.2745204364492,2.9366066e-16,2.7904476e-16
1240.3278299034869,1.2641539e-16,1.7831568e-16
1240.3811390540366,1.8697355e-16,2.050514e-16
1240.4344478881035,2.2612707e-16,2.2857928e-16
1240.487756405693,1.4826695e-16,1.9283884e-16
1240.5410646068115,2.5318297e-16,2.5996878e-16
1240.594372491464,1.954856e-16,2.238619e-16
1240.6476800596565,2.1234139e-16,2.312324e-16
1240.7009873113943,2.151404e-16,2.4081202e-16
1240.7542942466832,2.1009473e-16,2.2992905e-16
1240.807600865529,1.6621754e-16,2.0458785e-16
1240.860907167937,1.6019955e-16,1.9313935e-16
1240.9142131539131,2.727969e-16,2.5270542e-16
1240.9675188234626,2.366599e-16,2.3051372e-16
1241.0208241765918,3.4990068e-16,3.1781203e-16
1241.0741292133057,2.7570028e-16,2.5268308e-16
1241.1274339336103,1.875991e-16,2.0498519e-16
1241.1807383375108,2.884476e-16,2.6540925e-16
1241.2340424250133,2.7009033e-16,2.3109388e-16
1241.287346196123,2.6602576e-16,2.8206914e-16
1241.340649650846,1.8107386e-16,1.973129e-16
1241.393952789188,1.5883676e-16,1.9218398e-16
1241.4472556111539,2.2443604e-16,2.2601835e-16
1241.50055811675,2.1956739e-16,2.3444625e-16
1241.553860305982,1.813619e-16,1.9239288e-16
1241.6071621788549,2.0690418e-16,2.2273144e-16
1241.6604637353748,1.8250884e-16,2.2928652e-16
1241.7137649755468,1.4107248e-16,1.8027805e-16
1241.7670658993773,1.8941772e-16,1.8986578e-16
1241.8203665068718,2.8260953e-16,2.8392529e-16
1241.8736667980354,1.4228532e-16,1.6705851e-16
1241.9269667728743,1.5988301e-16,1.920345e-16
1241.9802664313936,1.2939584e-16,1.6886626e-16
1242.0335657735993,1.757079e-16,1.9748207e-16
1242.086864799497,2.1308829e-16,2.0745205e-16
1242.1401635090924,3.342512e-16,2.8007901e-16
1242.1934619023907,2.2248967e-16,2.41206e-16
1242.2467599793981,1.6203947e-16,2.0263985e-16
1242.30005774012,1.7426628e-16,1.9375572e-16
1242.3533551845617,2.405627e-16,2.481431e-16
1242.4066523127294,1.9590093e-16,2.1505114e-16
1242.4599491246286,1.1740245e-16,1.6160392e-16
1242.5132456202643,2.0303835e-16,2.1481704e-16
1242.566541799643,1.8489465e-16,2.221355e-16
1242.6198376627697,8.363791e-17,1.266392e-16
1242.6731332096506,1.2697958e-16,1.6545844e-16
1242.7264284402906,1.503493e-16,1.9657509e-16
1242.779723354696,1.6776067e-16,1.8965473e-16
1242.8330179528723,1.3861419e-16,1.800454e-16
1242.8863122348248,9.5785914e-17,1.3973641e-16
1242.9396062005594,8.8687566e-17,1.3333508e-16
1242.9928998500816,1.4530469e-16,1.7435535e-16
1243.046193183397,8.321674e-17,1.2364526e-16
1243.0994862005114,1.4190039e-16,1.7445783e-16
1243.1527789014306,1.3698685e-16,1.7813696e-16
1243.2060712861596,8.772117e-17,1.4817339e-16
1243.2593633547044,1.05382e-16,1.5713524e-16
1243.312655107071,9.2187995e-17,1.4414648e-16
1243.3659465432643,9.994258e-17,1.3407845e-16
1243.4192376632902,1.2628872e-16,1.6905923e-16
1243.4725284671547,1.6986794e-16,1.8581051e-16
1243.5258189548629,1.495514e-16,1.6793822e-16
1243.579109126421,8.752093e-17,1.3885911e-16
1243.632398981834,1.9427174e-16,1.9014121e-16
1243.6856885211077,7.038393e-17,1.2255528e-16
1243.738977744248,1.1692422e-16,1.6603055e-16
1243.7922666512604,1.6247271e-16,1.9169285e-16
1243.8455552421503,4.4613348e-17,9.874422e-17
1243.8988435169238,6.688117e-17,1.1407245e-16
1243.9521314755862,7.62467e-17,1.277568e-16
1244.005419118143,6.974343e-17,1.1828762e-16
1244.0587064446001,8.146218e-17,1.3748258e-16
1244.111993454963,1.5002141e-17,8.314476e-17
1244.1652801492373,7.509139e-17,1.2345397e-16
1244.2185665274287,2.3413028e-17,8.83248e-17
1244.271852589543,8.765874e-17,1.4806717e-16
1244.3251383355855,6.774984e-17,1.321369e-16
1244.3784237655616,6.0943134e-17,1.3277922e-16
1244.4317088794778,4.6539987e-17,1.07723195e-16
1244.484993677339,6.263032e-17,1.2927123e-16
1244.5382781591507,-2.3442447e-18,7.388895e-17
1244.591562324919,6.217429e-17,1.3052129e-16
1244.6448461746495,2.68286e-17,9.3194006e-17
1244.6981297083478,4.473073e-17,1.10877155e-16
1244.751412926019,4.6836078e-17,1.2590453e-16
1244.8046958276693,7.39118e-17,1.474909e-16
1244.8579784133044,9.324908e-18,8.5591984e-17
1244.9112606829294,5.137629e-17,1.1999467e-16
1244.9645426365503,4.728337e-17,1.3304822e-16
1245.0178242741729,1.1328965e-17,8.961382e-17
1245.071105595802,3.3222746e-17,1.0654353e-16
1245.124386601444,4.0524488e-17,1.0807054e-16
1245.1776672911044,1.4946503e-16,1.933557e-16
1245.2309476647886,1.5849407e-18,8.401215e-17
1245.2842277225025,8.10187e-17,1.5007886e-16
1245.3375074642513,1.4174319e-17,9.8578264e-17
1245.390786890041,6.8392873e-18,9.5114514e-17
1245.4440659998772,1.2089613e-16,1.8854661e-16
1245.4973447937653,5.655667e-17,1.3811124e-16
1245.550623271711,-1.6406578e-17,7.720626e-17
1245.60390143372,3.390799e-17,1.2322696e-16
1245.657179279798,4.3747736e-17,1.2665729e-16
1245.71045680995,5.877831e-17,1.3982039e-16
1245.7637340241827,8.50931e-18,9.985001e-17
1245.817010922501,4.7271513e-17,1.3529723e-16
1245.8702875049103,7.296589e-17,1.6670035e-16
1245.9235637714169,4.4033186e-17,1.392613e-16
1245.976839722026,3.2035998e-18,1.073923e-16
1246.0301153567436,-4.2175577e-17,7.145517e-17
1246.0833906755747,-4.0906444e-17,6.768537e-17
1246.1366656785253,-7.112767e-17,4.111441e-17
1246.189940365601,1.8559934e-17,1.306584e-16
1246.2432147368074,-6.1962326e-17,5.3116536e-17
1246.29648879215,-1.3581661e-17,1.0233623e-16
1246.349762531635,7.878485e-18,1.1496257e-16
1246.4030359552671,-2.6532994e-17,9.54259e-17
1246.4563090630525,-5.099777e-18,1.1536685e-16
1246.5095818549967,-3.8101464e-17,8.433784e-17
1246.562854331105,2.2215787e-17,1.3564182e-16
1246.6161264913835,-2.628128e-17,1.0586439e-16
1246.6693983358377,4.3129164e-17,1.6119126e-16
1246.7226698644733,1.0866379e-16,2.0398451e-16
1246.7759410772956,6.337165e-17,1.7077403e-16
1246.8292119743103,-4.9827322e-17,7.948029e-17
1246.8824825555232,-6.627026e-17,7.2559833e-17
1246.9357528209398,-5.6763496e-17,7.8995576e-17
1246.9890227705657,-6.109287e-17,8.385594e-17
1247.0422924044065,4.2587404e-17,1.7821827e-16
1247.0955617224681,-2.1477432e-17,1.2371431e-16
1247.1488307247557,-8.8425826e-17,6.358204e-17
1247.2020994112752,-2.4902054e-17,1.2502e-16
1247.2553677820322,-8.353848e-17,7.0548044e-17
1247.3086358370317,-2.3356968e-17,1.2882807e-16
1247.3619035762804,5.114346e-17,1.5808696e-16
1247.4151709997832,-4.133501e-19,1.3783168e-16
1247.4684381075458,-1.1317342e-16,5.3529782e-17
1247.521704899574,-5.434646e-17,1.1337863e-16
1247.574971375873,1.9583064e-17,1.5732703e-16
1247.628237536449,4.9351273e-17,1.8348633e-16
1247.6815033813073,1.9420333e-17,1.6354409e-16
1247.7347689104536,-1.0652175e-16,7.3923166e-17
1247.7880341238933,-1.04695813e-16,7.447729e-17
1247.8412990216323,-7.162712e-17,1.0613118e-16
1247.894563603676,1.2155927e-16,2.412003e-16
1247.9478278700299,1.225459e-16,2.385662e-16
1248.0010918207001,-5.1586563e-17,1.333389e-16
1248.0543554556918,-5.869502e-17,1.2899765e-16
1248.107618775011,-3.7900737e-17,1.50365e-16
1248.1608817786625,-9.3833026e-17,1.0536795e-16
1248.2141444666527,-5.1587172e-17,1.4530138e-16
1248.267406838987,-9.479515e-17,1.0378427e-16
1248.3206688956711,-9.915269e-17,1.02092656e-16
1248.3739306367106,-4.2191545e-17,1.5903097e-16
1248.4271920621109,-1.1336467e-16,9.286929e-17
1248.4804531718773,-1.00851005e-16,1.1586126e-16
1248.5337139660162,-1.4209396e-16,7.662015e-17
1248.5869744445329,-1.0854872e-16,1.1418425e-16
1248.6402346074328,-1.198146e-16,1.0147149e-16
1248.693494454722,-1.0929127e-16,1.10077967e-16
1248.7467539864053,9.0466626e-17,1.07884906e-16
1248.800013202489,6.4161224e-17,1.2191186e-16
1248.8532721029785,6.724825e-17,1.3170996e-16
1248.9065306878795,-4.880641e-17,5.2208418e-17
1248.9597889571971,-2.928735e-17,6.2943766e-17
1249.0130469109379,-2.8481926e-17,5.953099e-17
1249.0663045491067,1.5149188e-17,9.497075e-17
1249.1195618717095,1.4192046e-16,1.9118659e-16
1249.1728188787513,-3.012038e-17,2.9294585e-17
