trappist-1/STIS/new_bk_means/TRAPPIST-1_G140M_newbk_mean_2017-09.ecsv
# %ECSV 0.9
# ---
# datatype:
# - name: WAVELENGTH
#   unit: Angstrom
#   datatype: float64
# - name: FLUX
#   unit: erg / (Angstrom cm2 s)
#   datatype: float64
# - name: ERROR
#   unit: erg / (Angstrom cm2 s)
#   datatype: float64
# delimiter: ','
# schema: astropy-2.0
WAVELENGTH,FLUX,ERROR
[from data line 753]
1234.7732442222793,6.483363831042118e-16,6.513905795723497e-16
1234.8265859321614,4.740015074011692e-16,6.037478575859854e-16
1234.8799273249565,1.8741339370807969e-16,4.399577486348354e-16
1234.93326840067,6.687419487374695e-17,4.06879569583739e-16
1234.9866091593076,1.1160044084918059e-16,4.095214007767655e-16
1235.039949600875,1.7171541499631138e-16,4.27213149432708e-16
1235.0932897253779,6.867951493648296e-17,3.951912082966456e-16
1235.146629532822,1.9481433039125072e-16,4.683501216304517e-16
1235.1999690232126,-1.6966679804634518e-17,3.0110775267832096e-16
1235.253308196556,1.7218183713264006e-16,3.897952107222421e-16
1235.306647052857,2.423350616219088e-16,5.092286121390818e-16
1235.359985592122,4.327784231584115e-16,5.597595146750984e-16
1235.4133238143563,3.9491910726357467e-16,4.685177012186491e-16
1235.4666617195655,2.9087764959426644e-16,4.737284223927824e-16
1235.5199993077558,5.383116176218018e-16,5.503885296346169e-16
1235.573336578932,2.2425362756221153e-16,4.650644638207681e-16
1235.6266735331005,2.0100156585354038e-16,4.429263602008847e-16
1235.6800101702665,2.4458498694758453e-16,4.41110159510399e-16
1235.7333464904357,4.0049573845073987e-16,5.244205250516598e-16
1235.7866824936139,4.516034196560996e-16,5.787623338989629e-16
1235.8400181798067,4.18687934772921e-16,5.43740488995045e-16
1235.89335354902,4.395732530967276e-16,5.22637672289565e-16
1235.9466886012585,3.1349363337039114e-16,4.715745554889245e-16
1236.0000233365295,8.217484244072747e-18,3.2168523277251124e-16
1236.053357754837,1.699096589987193e-16,4.0213059109509294e-16
1236.1066918561876,2.2506540775814696e-16,3.7195832550231935e-16
1236.1600256405864,7.42642148066566e-16,6.465468845156805e-16
1236.2133591080396,6.837955999632025e-16,6.366856622230085e-16
1236.2666922585527,3.515778975334449e-16,5.124992104864999e-16
1236.320025092131,2.259920932933374e-16,4.3836264060650965e-16
1236.3733576087807,2.407762747943106e-16,4.456731707700126e-16
1236.4266898085068,1.406735377356063e-16,4.0483832764548453e-16
1236.4800216913156,8.754482198632267e-17,3.052343101307067e-16
1236.5333532572124,2.026750963655663e-16,3.696256827113349e-16
1236.5866845062028,3.273052305483661e-16,4.182888165174505e-16
1236.6400154382927,3.1680010244234494e-16,4.536449111397451e-16
1236.6933460534874,4.359951321117353e-16,5.070682688776333e-16
1236.746676351793,4.0617581969889006e-16,4.635431645546857e-16
1236.8000063332147,2.258892676303143e-16,4.091245877932262e-16
1236.8533359977584,2.5137218680911683e-16,4.344508443915512e-16
1236.9066653454297,3.0170819205872275e-16,4.3050966452536343e-16
1236.9599943762341,4.464631301458789e-16,4.783201595744286e-16
1237.0133230901777,3.0825163273186637e-16,4.3056539350487163e-16
1237.0666514872657,1.7552215849647812e-16,3.406031369028433e-16
1237.1199795675036,1.910811939188465e-16,3.965965431963808e-16
1237.1733073308978,3.0586447440703025e-16,4.036481544841984e-16
1237.2266347774535,4.861054529129969e-16,4.914908369104095e-16
1237.2799619071761,2.437954316974998e-16,3.9291714828332557e-16
1237.333288720071,2.8094972310917137e-16,4.402689360233473e-16
1237.3866152161452,2.5439661305046963e-16,3.729288179299871e-16
1237.439941395403,3.1173239393810354e-16,4.3375392806198198e-16
1237.4932672578504,2.990334212565423e-16,3.9797074360801736e-16
1237.5465928034935,2.30761174203127e-16,3.6763303082252674e-16
1237.5999180323374,1.7418040398169974e-16,3.057308403648091e-16
1237.653242944388,1.8685546208618033e-16,3.483146205832416e-16
1237.7065675396507,2.3384582421920476e-16,4.0230894297452914e-16
1237.7598918181316,1.0409130343229542e-16,3.1743083665994553e-16
1237.8132157798361,5.419788680808894e-16,5.557322617251696e-16
1237.8665394247696,8.956652498494795e-16,6.968387049952022e-16
1237.9198627529383,4.26109408218246e-16,4.987193456668642e-16
1237.9731857643474,3.4920620712922995e-16,4.603954841678725e-16
1238.0265084590026,3.196228290939007e-16,3.9788552586329596e-16
1238.0798308369099,1.4569669923074318e-16,3.1124891094473053e-16
1238.1331528980745,2.8889943507561737e-16,3.9012422229577204e-16
1238.186474642502,2.0934187974999874e-16,3.3605939449113846e-16
1238.2397960701985,1.4303580553705507e-16,3.1398776316907096e-16
1238.293117181169,1.5507519087866735e-16,3.330080643254615e-16
1238.34643797542,2.411192928615963e-16,3.540056765488281e-16
1238.3997584529566,2.1698545891740258e-16,3.360686229094171e-16
1238.4530786137846,2.4911874341416147e-16,3.6910035706068273e-16
1238.5063984579092,2.2687605006449724e-16,3.603004569037186e-16
1238.5597179853366,1.9816441449855878e-16,3.149133096693433e-16
1238.6130371960724,2.8540565246510827e-16,3.478439158648845e-16
1238.6663560901218,6.013165330456155e-16,5.009073932506866e-16
1238.719674667491,6.413429188517819e-16,4.974586436246545e-16
1238.7729929281852,6.415629863408647e-16,5.440973691700261e-16
1238.8263108722101,3.1276288664243395e-16,3.934982468056022e-16
1238.879628499572,3.068500208156307e-16,4.1893387685271175e-16
1238.932945810276,3.67441181072206e-16,4.3454780644492544e-16
1238.9862628043272,4.867492657081776e-16,4.81214813917645e-16
1239.039579481732,3.632770736947226e-16,4.111610816563579e-16
1239.0928958424959,1.8741594758172403e-16,3.121429851120835e-16
1239.1462118866245,2.100472689629257e-16,3.4182854402615367e-16
1239.1995276141233,4.3336619044427475e-16,4.691475178698132e-16
1239.2528430249981,2.331319834898138e-16,3.6047959724670925e-16
1239.3061581192546,2.0097450582459876e-16,3.019358058966519e-16
1239.3594728968983,1.9596824418920497e-16,2.9409183700072064e-16
1239.4127873579348,1.0787542432670215e-16,2.400867451968099e-16
1239.46610150237,2.272212789801529e-16,2.8860300815194763e-16
1239.5194153302093,2.4430557134285655e-16,3.635350934312084e-16
1239.5727288414582,3.358462099754142e-16,4.0010858086231285e-16
1239.6260420361227,3.2413607535681327e-16,3.995563506108802e-16
1239.6793549142085,1.4132361321686883e-16,2.6396293688100813e-16
1239.7326674757207,1.6277023851577525e-16,2.6166601559067202e-16
1239.7859797206654,2.639058736068748e-16,3.297825246905564e-16
1239.839291649048,2.6345819869475427e-16,3.4112939748044413e-16
1239.8926032608742,2.720482953120362e-16,3.499288208381236e-16
1239.9459145561498,2.8568996598131173e-16,3.4491175976270536e-16
1239.9992255348805,2.568613741259495e-16,3.2397989212989305e-16
1240.0525361970715,3.131352250214434e-16,3.4018175677491344e-16
1240.1058465427286,2.981286307801581e-16,3.572017815920147e-16
1240.159156571858,1.7654571798090064e-16,4.490501862530624e-16
1240.2124662844642,1.851738729650204e-16,3.798744824396805e-16
1240.2657756805538,2.456078675514958e-16,2.94159521443506e-16
1240.3190847601325,1.2655081609664638e-16,2.3503720394939123e-16
1240.3723935232053,6.140605634748144e-17,1.8500529737441796e-16
1240.425701969778,2.3765968719062814e-16,3.001810889623285e-16
1240.4790100998566,1.761332387483218e-16,2.549289457966425e-16
1240.5323179134461,3.1788676817543584e-16,3.50293125946561e-16
1240.5856254105527,2.3082759017666977e-16,2.906723444898087e-16
1240.6389325911823,3.1505791653598527e-16,3.3820396406371004e-16
1240.6922394553396,1.6994058985573625e-16,2.5707580369943386e-16
1240.745546003031,2.141433992112092e-16,2.607990333673516e-16
1240.7988522342619,2.394097040960074e-16,3.253070988162763e-16
1240.8521581490377,2.5781279948718645e-16,3.119192526705997e-16
1240.9054637473644,2.878047861254919e-16,3.1699164290994675e-16
1240.9587690292474,1.5923212000106673e-16,2.511200633282731e-16
1241.0120739946924,3.725390946572062e-16,3.7460048694537416e-16
1241.065378643705,2.334923974510081e-16,2.71669423695181e-16
1241.118682976291,2.586789750815346e-16,3.053294039588303e-16
1241.1719869924561,3.075694755125967e-16,3.072183649624279e-16
1241.2252906922054,3.661076162448502e-16,3.4227234158862245e-16
1241.2785940755452,2.588574923709201e-16,3.0981976587643843e-16
1241.3318971424808,1.4014633706457993e-16,2.270867813781553e-16
1241.3851998930177,1.9733444733406307e-16,2.7148874331855494e-16
1241.4385023271618,2.0372986743105423e-16,2.4833927115709047e-16
1241.4918044449187,3.2149647050297514e-16,3.3058313643894887e-16
1241.545106246294,3.072184283777239e-16,3.549829340022622e-16
1241.598407731293,2.5439563103480446e-16,2.8616244363182405e-16
1241.6517088999217,1.6508632473285362e-16,2.5514583503382037e-16
1241.705009752186,1.7428429871011353e-16,2.571061044097524e-16
1241.7583102880908,2.5802935008609415e-16,2.7016348086913056e-16
1241.8116105076424,2.723732600158683e-16,3.0293412466339357e-16
1241.864910410846,1.4705254744350492e-16,1.9658833738856988e-16
1241.9182099977074,1.7426507379596596e-16,2.5674741089452483e-16
1241.9715092682325,1.4641308801631272e-16,2.2114987669161134e-16
1242.0248082224266,1.6941150763555456e-16,2.3791521066576927e-16
1242.0781068602953,3.404009673842796e-16,3.312443992285376e-16
1242.1314051818442,4.606334612697681e-16,3.940161280935189e-16
1242.184703187079,1.2651177901418208e-16,1.9646554635643805e-16
1242.2380008760058,1.568686369934634e-16,2.415449295629848e-16
1242.2912982486293,2.043756675500647e-16,2.5963583718678265e-16
1242.3445953049563,2.932443785555816e-16,3.330609354577034e-16
1242.3978920449913,2.3677974581677127e-16,2.974254827411873e-16
1242.4511884687404,1.0701104840346258e-16,1.7850347787862294e-16
1242.5044845762095,2.0371472783441702e-16,2.3781204489749245e-16
1242.557780367404,1.68869184023885e-16,2.4400836816391233e-16
1242.6110758423295,7.25872121003791e-17,1.6433636401058762e-16
1242.6643710009912,1.9034763159024575e-16,2.634858648853822e-16
1242.7176658433957,2.4287236534867106e-16,3.265457772973625e-16
1242.7709603695478,1.5378981152920666e-16,2.316200651066892e-16
1242.8242545794535,8.458551682266006e-17,1.754532476251894e-16
1242.8775484731184,8.277806325182842e-17,1.7301258394087153e-16
1242.9308420505483,5.892606692864678e-17,1.5809263424359124e-16
1242.9841353117483,1.6555979802592113e-16,2.298350800960473e-16
1243.0374282567243,1.0519196053817765e-17,9.214996577847718e-17
1243.0907208854821,2.0107806532077435e-16,2.5525813852463735e-16
1243.1440131980273,8.138375363449823e-17,1.7709230219831123e-16
1243.1973051943653,7.936651207489741e-17,1.8026082070164175e-16
1243.250596874502,8.03244599068743e-17,1.7628453964934553e-16
1243.3038882384428,1.1143376327997858e-16,1.9713198673215178e-16
1243.3571792861933,1.6441069905046338e-16,2.2793088509066406e-16
1243.4104700177593,1.7031423473175337e-16,2.4120039050902604e-16
1243.4637604331465,2.6357428207860266e-16,2.9102136515066395e-16
1243.5170505323606,1.2150171258528285e-16,1.7461950410171174e-16
1243.5703403154066,1.316561803623225e-16,1.8613565298189646e-16
1243.6236297822907,1.6782375665925756e-16,2.1082991757749282e-16
1243.6769189330187,1.1475759911567127e-16,1.962332016089428e-16
1243.7302077675956,1.765385287122091e-16,2.6228755114367655e-16
1243.7834962860272,1.5931410170144766e-16,2.16529552422465e-16
1243.8367844883196,3.664069789684832e-17,1.265067106620448e-16
1243.8900723744778,3.9790908161272414e-17,1.2869037205304983e-16
1243.943359944508,-2.46895166462678e-17,7.934822790535251e-17
1243.9966471984153,3.616500352806967e-17,1.2064737265376147e-16
1244.0499341362056,-5.908488133838907e-18,1.0455400939937691e-16
1244.1032207578846,-8.411021355401458e-18,9.380425525486521e-17
1244.1565070634579,4.806322627095162e-17,1.3294075233034228e-16
1244.209793052931,-2.942255069561273e-17,6.336371146026803e-17
1244.2630787263095,1.148967813638435e-16,1.9676263315512478e-16
1244.316364083599,9.493845424260767e-17,1.8632843078505334e-16
1244.3696491248054,9.130677429626521e-17,2.0601274301250384e-16
1244.4229338499342,6.656314468856211e-17,1.753482320036944e-16
1244.4762182589907,5.174653637230218e-17,1.549282432681804e-16
1244.5295023519811,1.6425038809907945e-17,1.3392369995051664e-16
1244.5827861289106,4.972325125641151e-17,1.4721815674024837e-16
1244.636069589785,3.810829277277944e-17,1.2728633582475007e-16
1244.6893527346094,3.477662349992414e-17,1.3218183800748186e-16
1244.7426355633906,2.5339020051302293e-17,1.369929566711479e-16
1244.7959180761331,6.982951829419346e-17,1.7557495811140135e-16
1244.849200272843,3.7453811240177275e-18,1.1985139368379797e-16
1244.9024821535259,2.490298199742846e-17,1.3504027329794602e-16
1244.9557637181874,7.303145991524114e-17,1.8710096870120264e-16
1245.009044966833,-2.424817461613305e-19,1.122729376650825e-16
1245.0623258994688,3.453310465751015e-17,1.3119213771893834e-16
1245.1156065160997,6.789070649653758e-17,1.589693383063847e-16
1245.1688868167319,1.699422676168904e-16,2.3262510500531474e-16
1245.2221668013703,1.667202244781291e-17,1.2745825362277922e-16
1245.2754464700217,8.243814177497381e-17,1.7628431405037732e-16
1245.3287258226908,-7.902702442465109e-18,1.0654887562831174e-16
1245.3820048593834,5.78461679218695e-17,1.6747782893744053e-16
1245.435283580105,1.323700726929245e-16,2.2912663377793017e-16
1245.4885619848617,1.0387080867891194e-16,2.147205320408968e-16
1245.541840073659,-8.683928160049739e-18,1.100313077947026e-16
1245.5951178465018,-4.5905054735630505e-17,7.878270156518652e-17
1245.6483953033967,-1.9718904179283924e-17,1.018950449089965e-16
1245.7016724443486,4.156493751035639e-17,1.4566631798789312e-16
1245.7549492693636,4.9914143037522074e-17,1.6181470151303823e-16
1245.8082257784472,8.976315038167082e-17,2.047224130272734e-16
1245.8615019716049,9.906689869714725e-17,2.1858112683427615e-16
1245.9147778488423,7.468256387703543e-17,1.8897437436673968e-16
1245.9680534101653,-2.756976236157134e-18,1.321971324656998e-16
1246.021328655579,-8.359937279345036e-17,5.994051524304005e-17
1246.0746035850896,-1.179821633878657e-16,2.5508537874309947e-17
1246.1278781987023,-7.46683689921848e-17,6.480333584363253e-17
1246.1811524964228,-1.38796387135076e-17,1.3030990887135255e-16
1246.234426478257,-9.454465715257693e-17,5.659953044517108e-17
1246.2877001442102,-6.176082997634114e-17,8.739921157064672e-17
1246.3409734942882,-6.307130638245183e-18,1.2399763705849708e-16
1246.3942465284965,-1.204039820689065e-18,1.4157198364283508e-16
1246.447519246841,-2.0946160201431128e-17,1.2640496189047206e-16
1246.5007916493266,-4.379441790634378e-17,1.0408458010160692e-16
1246.55406373596,5.509167992843461e-18,1.5064625844303933e-16
1246.6073355067458,-7.083003609768812e-17,9.313205255714727e-17
1246.66060696169,2.7393171261333172e-17,1.7273281659899146e-16
1246.7138781007984,1.7729583504229335e-16,2.831139502389447e-16
1246.7671489240768,1.112999463569555e-16,2.3690024092891194e-16
1246.82041943153,-5.918898527294763e-17,9.45614887513902e-17
1246.8736896231642,-6.603169834111102e-17,9.742963905045314e-17
1246.926959498985,-6.748165026134355e-17,9.286576127121408e-17
1246.9802290589982,-1.4529090676293005e-17,1.4858347824806973e-16
1247.0334983032087,3.682523068165486e-17,1.9337336536928865e-16
1247.086767231623,1.1066007511155391e-17,1.8184880748637147e-16
1247.1400358442459,-8.346938464766518e-17,9.705795438268387e-17
1247.1933041410837,-2.892579724873765e-17,1.47086767308877e-16
1247.2465721221415,-7.51898510388796e-17,1.1142584132354272e-16
1247.2998397874253,-1.2575145156559537e-17,1.4065917829774296e-16
1247.3531071369407,3.368693935228654e-17,1.5442446312158262e-16
1247.406374170693,-6.928551916863571e-17,1.1294003304735731e-16
1247.459640888688,-1.27671996759032e-16,6.803502262851609e-17
1247.5129072909313,-2.0259507098410435e-17,1.6741356241790568e-16
1247.5661733774286,7.970731571238557e-17,2.1437720841854262e-16
1247.6194391481852,5.0458474281956964e-17,1.981977639558091e-16
1247.6727046032072,5.359075499900508e-17,2.0530547176864395e-16
1247.7259697424997,-7.830953167802297e-17,1.3018438185964911e-16
1247.779234566069,-9.10055166329325e-17,1.157533615301012e-16
1247.8324990739197,-4.632009242170744e-17,1.5387180904714573e-16
1247.8857632660586,1.9716869367475923e-16,3.107880914731596e-16
1247.9390271424904,2.3849633800430004e-16,3.4257663076282396e-16
1247.9922907032212,-4.2252574432103744e-17,1.5991007140726128e-16
1248.0455539482562,-6.692894632744086e-17,1.4850880659259885e-16
