trappist-1/STIS/new_bk_means/TRAPPIST-1_G140M_newbk_mean_2016-12.ecsv
# %ECSV 0.9
# ---
# datatype:
# - name: WAVELENGTH
#   unit: Angstrom
#   datatype: float64
# - name: FLUX
#   unit: erg / (Angstrom cm2 s)
#   datatype: float64
# - name: ERROR
#   unit: erg / (Angstrom cm2 s)
#   datatype: float64
# delimiter: ','
# schema: astropy-2.0
WAVELENGTH,FLUX,ERROR
[from data line 498]
1221.0588901876788,-2.1765382514811946e-16,1.149338026348209e-15
1221.1123085121894,-1.7824376177522293e-16,1.1307184466091236e-15
1221.1657265183103,-1.2887925334280478e-15,5.329604848738782e-16
1221.2191442060473,8.613698772902329e-17,1.1868482763642634e-15
1221.2725615754061,-1.9455189854794544e-16,1.1103438813714417e-15
1221.3259786263927,-1.5967548801133862e-16,1.0839918950432133e-15
1221.3793953590123,1.0578642459123567e-15,1.4376769062937694e-15
1221.4328117732707,-1.510505132112543e-15,2.6311588234647655e-16
1221.4862278691742,3.957998267008282e-16,1.0763523037717803e-15
1221.5396436467274,5.989406504144495e-16,1.299715601341396e-15
1221.5930591059368,1.8496815553031982e-16,1.235265516675622e-15
1221.646474246808,-4.0544542949249038e-16,1.0722621004829553e-15
1221.6998890693465,-1.4301907287952387e-17,9.998209891345424e-16
1221.753303573558,-4.3689473612268275e-16,7.679908355952784e-16
1221.806717759448,-3.880879564608723e-16,1.0194226971373638e-15
1221.860131627023,-1.3784839775458815e-16,1.0821778745023638e-15
1221.9135451762877,-8.402841745209142e-16,6.87027845708558e-16
1221.9669584072483,1.872064281845455e-16,1.04472538588582e-15
1222.02037131991,9.235943763236947e-16,1.229713609000821e-15
1222.0737839142796,-6.493174534221696e-16,6.946042888319695e-16
1222.127196190362,-5.923892316249946e-16,9.05967751135588e-16
1222.1806081481625,-1.3539640610931156e-15,2.916898290705102e-16
1222.2340197876877,1.864779847356344e-15,1.347267909960792e-15
1222.2874311089427,-7.3154197255793295e-16,8.325277408049072e-16
1222.3408421119334,-2.6535013269435314e-17,8.653350880864983e-16
1222.3942527966651,-5.480268174150521e-17,1.0753385627830036e-15
1222.4476631631442,-8.140389005444886e-16,6.461549571243155e-16
1222.501073211376,-1.0697995872544513e-15,5.199108832991745e-16
1222.554482941366,3.512413265798798e-15,1.9881099034608593e-15
1222.6078923531202,7.883369089500723e-16,1.317674480033117e-15
1222.661301446644,-9.865956765542622e-16,6.43730657184567e-16
1222.7147102219437,-1.0329529979643827e-15,3.732736796242845e-16
1222.7681186790244,-7.568648363455644e-16,4.592953763829374e-16
1222.8215268178917,-1.027178439185106e-15,5.122008413699627e-16
1222.8749346385518,-1.659439698820831e-15,3.0106185821936484e-16
1222.9283421410098,-1.0708696974855379e-15,5.1963505442361395e-16
1222.9817493252717,-3.8084245328640404e-16,7.918027677145926e-16
1223.0351561913437,3.971073906709987e-16,1.002717968086946e-15
1223.0885627392306,-1.027712442943315e-15,3.9203695821290816e-16
1223.1419689689387,7.302780553501525e-17,1.0759494684770353e-15
1223.195374880473,2.731808089197755e-16,1.0726619178677885e-15
1223.2487804738403,-1.182435062898812e-15,2.884467252599881e-16
1223.302185749045,9.837669585713003e-16,1.3692969117577124e-15
1223.3555907060938,-3.9468626944348924e-16,7.449648552075043e-16
1223.4089953449918,2.6194149750495035e-16,1.1505798209898809e-15
1223.462399665745,-2.5124727997134496e-16,9.307921442872538e-16
1223.5158036683588,1.0421332987719802e-16,1.0591300798359448e-15
1223.5692073528394,-8.534066857475137e-16,3.984315189951996e-16
1223.622610719192,1.3168749489394528e-15,1.4207612428369264e-15
1223.676013767422,2.372574103805382e-16,1.0855782745130499e-15
1223.729416497536,-6.243309708027434e-16,6.155919259355025e-16
1223.782818909539,-1.3728795223787965e-15,8.58570882644478e-18
1223.836221003437,1.7534097256542083e-16,1.0743720099793117e-15
1223.8896227792354,-2.718480952584531e-16,8.986708692459974e-16
1223.9430242369403,1.974567855948759e-16,1.0723811949567545e-15
1223.9964253765568,-1.4634551972246278e-16,7.638982105169082e-16
1224.0498261980913,2.869408326198882e-15,1.7698414176789538e-15
1224.103226701549,1.2472675062636385e-15,1.1469924861244243e-15
1224.1566268869353,-1.9145982058708374e-17,8.183352818799271e-16
1224.210026754257,7.083069543087735e-17,1.0030739317947866e-15
1224.2634263035181,-1.0248213371915287e-15,2.7150779343353726e-16
1224.316825534726,4.8535198251986305e-16,1.1228205664189551e-15
1224.3702244478854,1.0417104672975414e-15,1.3328652462242133e-15
1224.423623043002,1.0441336378001712e-16,7.841761542166594e-16
1224.477021320082,-7.433131483264221e-16,5.2679181916588e-16
1224.530419279131,7.38862355643932e-16,9.689268331626654e-16
1224.5838169201536,-4.661099093604598e-18,7.977172168801966e-16
1224.637214243157,-9.8759718990482e-16,2.539611111502463e-16
1224.6906112481458,4.648933665035942e-16,1.1478008405026037e-15
1224.7440079351263,-3.6329199381252237e-16,8.501300469718835e-16
1224.7974043041042,-4.56956872454097e-16,6.149541858931757e-16
1224.8508003550846,-1.8929769033026427e-16,7.218436447666965e-16
1224.9041960880738,9.66300174716883e-16,1.2899713165405762e-15
1224.957591503077,7.174864689407181e-17,7.956488498533259e-16
1225.0109866001003,-1.598296515961861e-16,5.129806065299075e-16
1225.0643813791492,9.133355382171254e-16,1.1447811334276371e-15
1225.1177758402293,1.016796869354254e-15,1.2628163725796566e-15
1225.1711699833465,-1.6112655009803275e-16,6.479113894071889e-16
1225.224563808506,5.259868488693464e-16,1.1513178337105214e-15
1225.2779573157138,-1.034105237968052e-15,1.636252775220771e-16
1225.3313505049757,-3.752015547439724e-16,6.123911716848477e-16
1225.3847433762974,-6.10591685692154e-16,5.112443439111707e-16
1225.4381359296844,9.285181584232423e-17,8.14995275092438e-16
1225.4915281651422,-4.857475903702295e-17,8.692906154494091e-16
1225.544920082677,1.2065674239121092e-15,1.0977854771670832e-15
1225.598311682294,-7.762191356038241e-16,2.9930840050376916e-16
1225.651702963999,-8.3784733755019185e-16,2.4753791995681165e-16
1225.7050939277979,-8.276861015621361e-16,2.4896421697618747e-16
1225.7584845736965,-5.296392413239407e-17,5.080691492705516e-16
1225.8118749016994,1.6949955152668308e-16,7.519584533114157e-16
1225.8652649118137,-6.599997585545897e-16,4.50247957829366e-16
1225.9186546040441,-2.332338815433233e-16,7.340242288209886e-16
1225.972043978397,-2.2257632381979692e-17,5.1114205396478975e-16
1226.0254330348776,2.059941439057212e-16,9.203346808718659e-16
1226.0788217734919,-7.655060403136362e-16,2.5909082871755034e-16
1226.1322101942449,4.5849754195320846e-17,8.367164690889135e-16
1226.1855982971429,-1.8206106886426702e-16,5.682754005449812e-16
1226.2389860821916,-7.470635505225471e-16,2.4826962521463156e-16
1226.2923735493962,2.6481782336707817e-16,9.653624734199202e-16
1226.3457606987627,-3.2479217763242386e-16,4.965954481322467e-16
1226.399147530297,4.401902509703599e-17,6.959748180578628e-16
1226.4525340440046,-1.5915429169753255e-16,6.275932508485258e-16
1226.5059202398904,2.967828161188474e-17,6.750099833061917e-16
1226.5593061179616,2.1400569630554055e-16,5.316523461129949e-16
1226.6126916782225,-4.512821833180508e-16,3.4763354579462017e-16
1226.6660769206796,-1.319095965915449e-16,6.071887153296043e-16
1226.7194618453384,-6.781652307461704e-16,2.486870111676793e-16
1226.7728464522042,-5.322264044126812e-16,4.317348947178177e-16
1226.8262307412833,-2.0310877582843402e-16,5.886195597672543e-16
1226.8796147125806,1.0091936170657507e-15,1.1688899491973149e-15
1226.9329983661025,3.955149788782954e-17,7.365652408193549e-16
1226.9863817018543,-3.9578784480441053e-16,3.5055861658771473e-16
1227.0397647198417,8.164631375518743e-16,1.1137890626719786e-15
1227.0931474200706,5.939311967488926e-16,1.0365420361490342e-15
1227.1465298025466,8.828297052477535e-16,1.082143281547558e-15
1227.199911867275,-8.504507866880967e-16,7.291857959853996e-18
1227.2532936142618,3.333202627209653e-16,8.850995117390274e-16
1227.3066750435125,-3.434830959060324e-16,4.911178150353374e-16
1227.3600561550331,6.297062370598941e-16,1.009439016699384e-15
1227.413436948829,-2.9409890735989213e-16,4.36955555366099e-16
1227.4668174249061,3.9439126092231774e-16,9.08227214265937e-16
1227.5201975832697,7.69240628737336e-16,9.730293624701009e-16
1227.5735774239258,5.273412732427538e-16,9.672338090919628e-16
1227.62695694688,1.8621744571987077e-16,6.74501956086642e-16
1227.680336152138,-3.130672996588944e-16,4.750737294136899e-16
1227.7337150397054,-2.876420241035977e-16,4.921393702982941e-16
1227.7870936095876,6.572126790686165e-16,1.0149706963102097e-15
1227.840471861791,9.117097591067279e-16,1.0661028486045739e-15
1227.8938497963204,2.2162376456758158e-16,6.994896826214357e-16
1227.947227413182,6.898804968182592e-16,9.623786328778708e-16
1228.0006047123813,-7.525197590838069e-16,2.64742416001273e-16
1228.0539816939242,7.491267624540532e-17,4.96316986111886e-16
1228.1073583578163,2.878637769668029e-17,6.047086997622042e-16
1228.160734704063,-2.3236159672884636e-16,4.940970712028308e-16
1228.2141107326702,-2.227361368375238e-16,4.952939972004012e-16
1228.2674864436435,3.1051981509835025e-17,4.3044016851205087e-16
1228.3208618369888,-1.943049087974647e-16,3.621962472904232e-16
1228.3742369127112,2.994323707754703e-16,6.722042704534145e-16
1228.4276116708172,-1.8030754292798646e-16,4.98570769816425e-16
1228.4809861113115,2.9950703630112977e-16,7.249541862760742e-16
1228.5343602342007,2.9536757687026264e-16,4.967146257096159e-16
1228.5877340394898,2.821625159634032e-17,5.768292053848942e-16
1228.6411075271849,5.288701710271733e-16,9.009116658518646e-16
1228.694480697291,2.828216127232464e-16,6.762576640294594e-16
1228.7478535498149,-1.6525174135765603e-16,4.862138154994879e-16
1228.8012260847613,-3.718935462116018e-16,3.209076155735517e-16
1228.854598302136,1.3110398599636313e-15,1.1884625226400671e-15
1228.9079702019453,-5.687868061363674e-16,1.0226477928692023e-16
1228.9613417841942,8.514510123695922e-16,8.417996949007257e-16
1229.0147130488888,-3.7025601491717745e-16,2.470720486024253e-16
1229.0680839960341,7.58975873188723e-17,3.939173019281088e-16
1229.1214546256365,-3.303944731874299e-16,2.6314951315179853e-16
1229.1748249377017,-5.968713917763647e-16,1.4603429019609889e-19
1229.2281949322346,-1.337946742567401e-16,3.1954370364960245e-16
1229.2815646092415,-2.7078154530843096e-17,4.716911919666888e-16
1229.334933968728,3.4630392242175137e-16,6.276410188688961e-16
1229.3883030106995,5.709564802635781e-16,7.340892269439696e-16
1229.441671735162,4.492474379915883e-16,6.94195927699708e-16
1229.4950401421208,4.1717596098454347e-16,6.875357209810209e-16
1229.5484082315818,3.767450727877815e-16,6.765136492138754e-16
1229.6017760035509,-5.443817254986714e-17,3.453917699173224e-16
1229.6551434580333,1.7460883169742702e-16,5.694020969731337e-16
1229.7085105950348,5.895454196930005e-16,7.308085407878524e-16
1229.7618774145615,1.0337366721301249e-16,5.248565175477731e-16
1229.815243916618,2.0741703786212883e-16,5.867964663131873e-16
1229.8686101012113,1.2135633772039939e-16,5.356425145185203e-16
1229.9219759683463,4.2646856587283714e-16,7.929111698738775e-16
1229.975341518029,-2.283761279634848e-17,3.3659049224097883e-16
1230.0287067502643,6.205024539853998e-16,8.612958917324816e-16
1230.0820716650587,-1.9529037174987024e-17,4.633514517179051e-16
1230.1354362624177,4.853085155862047e-16,8.285884522784104e-16
1230.1888005423466,9.454434172446124e-16,9.403198199309894e-16
1230.2421645048514,1.173946470023722e-15,8.834968128979732e-16
1230.295528149938,-2.0270396771118267e-16,3.066473998383802e-16
1230.3488914776115,8.381181075539347e-16,7.83009152656773e-16
1230.4022544878776,9.334523831108534e-16,7.912914852921392e-16
1230.4556171807428,7.04390581670319e-16,5.122763434459208e-16
1230.5089795562117,1.4720528296075429e-15,1.132954925498473e-15
1230.5623416142903,5.426671386297931e-16,6.676652357984919e-16
1230.6157033549846,-1.0017093874915822e-16,2.7135725697270795e-16
1230.6690647783,5.24422956869722e-17,4.712480991788363e-16
1230.7224258842423,5.052892225736732e-16,4.5736575340555e-16
1230.7757866728166,6.00557065883319e-17,3.28684841234149e-16
1230.8291471440295,-1.6238855705197348e-16,2.389517494153302e-16
1230.882507297886,5.142721162538091e-16,7.709538695438233e-16
1230.9358671343919,7.885337723768646e-16,8.800244408032746e-16
1230.9892266535533,-1.258095637042835e-16,2.570170182647514e-16
1231.0425858553747,-1.5080573560238418e-16,2.258982682650118e-16
1231.0959447398632,8.187668118856731e-17,3.202294012168603e-16
1231.1493033070233,8.064702735412998e-16,7.398246201247494e-16
1231.2026615568614,3.2280796538474835e-16,5.465718118238968e-16
1231.2560194893829,-3.4717577821996453e-16,6.162945904353524e-18
1231.3093771045935,-3.4443789567993003e-16,1.561851001701769e-18
1231.362734402499,5.827449610357332e-16,6.537716397981303e-16
1231.4160913831047,6.554367012955085e-16,8.189640080316845e-16
1231.4694480464166,5.978822770517694e-16,6.577436424820374e-16
1231.52280439244,2.541307715178676e-16,6.299403636310148e-16
1231.576160421181,1.4509337716613313e-16,3.303270592075759e-16
1231.6295161326448,-2.994043510349678e-16,9.758719684146873e-18
1231.6828715268375,3.1382676055073807e-16,5.21478457221558e-16
1231.7362266037644,-6.538302143143136e-17,2.375997690095966e-16
1231.7895813634314,1.797587988787697e-15,1.1305387337573986e-15
1231.842935805844,-5.4213283888782454e-17,2.3643131343875383e-16
1231.8962899310081,-5.893602792061318e-17,2.2712989183488097e-16
1231.9496437389291,-2.786679983676324e-16,2.2627217446079786e-18
1232.0029972296127,9.131936935572524e-16,6.667963933954481e-16
1232.0563504030647,-3.812410648500029e-16,1.5273060852061452e-16
1232.1097032592904,5.452799342990489e-16,5.647476132832734e-16
1232.163055798296,-1.166855387153289e-16,1.8624220702697784e-16
1232.216408020087,2.1270311411142017e-16,4.682820397854339e-16
1232.2697599246687,1.227709067138267e-16,4.1674202456442456e-16
1232.3231115120473,-9.435572860097734e-18,2.339288036073653e-16
1232.3764627822277,5.467819028636676e-16,5.886683421731364e-16
1232.4298137352164,5.299809816660659e-16,7.289968347565361e-16
1232.4831643710186,4.881152106767128e-16,5.786351409860191e-16
1232.53651468964,2.224739114815495e-15,1.2052833605369478e-15
1232.5898646910864,1.133807461100538e-15,7.792937365910616e-16
1232.6432143753632,4.714955390068953e-16,6.862186739309095e-16
1232.6965637424764,3.7298616654679434e-16,4.916466561640287e-16
1232.7499127924311,8.704317923141104e-16,6.477104271633188e-16
1232.8032615252337,7.217078108806089e-16,6.312281907928885e-16
1232.856609940889,3.7917766794575985e-17,2.330411705464083e-16
1232.9099580394036,1.0076494442591495e-16,3.509510157391056e-16
1232.9633058207824,4.1003699988783926e-17,2.291231818476928e-16
1233.0166532850312,4.971208452652976e-16,5.455253378308213e-16
1233.0700004321566,5.033535341064242e-16,5.487134695460085e-16
1233.1233472621625,9.047255533294066e-16,8.376201727169003e-16
1233.176693775056,1.5034003648234362e-15,1.0581867255014563e-15
1233.2300399708422,9.163637492833446e-17,2.529959501639436e-16
1233.2833858495267,6.416630055018594e-17,2.2324199846417266e-16
1233.3367314111151,5.001652160361778e-16,3.899463777496846e-16
1233.3900766556137,2.5692757393946e-16,3.0036961594594817e-16
1233.4434215830274,3.1137258199229597e-16,4.565803676553404e-16
1233.4967661933622,5.392194993047734e-16,5.489503530762848e-16
1233.5501104866237,4.953558016318809e-16,5.174194438515917e-16
1233.6034544628176,-1.26163390303811e-16,5.756212463676565e-18
1233.6567981219494,9.912690907942281e-17,2.299465312975547e-16
1233.710141464025,1.6575391971696202e-16,3.390142531328572e-16
1233.7634844890497,1.0452724096037105e-15,9.146179188215061e-16
1233.8168271970294,5.634718225774652e-16,5.450947557827188e-16
1233.8701695879697,1.24370223529339e-16,2.3781001577039915e-16
1233.9235116618763,1.2412240566878988e-16,2.323692461651056e-16
1233.976853418755,-1.0597951624739439e-16,1.4157360760898882e-19
1234.030194858611,-9.75578184109755e-17,9.294276835721763e-19
1234.0835359814503,5.310995719657764e-17,1.8141787206822212e-16
1234.1368767872784,1.310800003558402e-16,2.208012143371478e-16
1234.1902172761013,1.2276483190436078e-15,7.60781923547712e-16
1234.243557447924,3.734595865078504e-16,4.581024159093202e-16
1234.2968973027525,3.622378872732363e-16,4.431635396625772e-16
1234.350236840593,5.852884953290976e-16,5.323837788218822e-16
1234.4035760614502,5.933956632936016e-16,5.35986620116032e-16
