trappist-1/STIS/new_bk_means/TRAPPIST-1_G140M_newbk_mean_2017-09.ecsv
# %ECSV 0.9
# ---
# datatype:
# - name: WAVELENGTH
#   unit: Angstrom
#   datatype: float64
# - name: FLUX
#   unit: erg / (Angstrom cm2 s)
#   datatype: float64
# - name: ERROR
#   unit: erg / (Angstrom cm2 s)
#   datatype: float64
# delimiter: ','
# schema: astropy-2.0
WAVELENGTH,FLUX,ERROR
[from data line 500]
1221.2675878213172,-2.6640065394221955e-16,9.628368944219447e-16
1221.3210099364023,-1.8371905348906062e-16,9.976142370444244e-16
1221.374431732964,-5.566066081956939e-16,8.362009968971418e-16
1221.4278532110084,7.869561240101369e-17,9.700956226428256e-16
1221.4812743705409,2.686286742424519e-16,1.0928777985390917e-15
1221.5346952115672,1.4082667414196373e-16,1.1208201068715377e-15
1221.5881157340932,-1.704451205773062e-16,1.0046008968614079e-15
1221.641535938124,-1.3784911250446902e-16,1.0363658970603606e-15
1221.6949558236663,-1.640514660418095e-16,9.94173105859437e-16
1221.7483753907252,-1.3292813874892134e-16,9.855877928240194e-16
1221.8017946393063,1.1565518137767555e-15,1.3080944714102716e-15
1221.8552135694156,1.934037017731612e-15,1.3967790366276999e-15
1221.9086321810587,1.1127950809939286e-16,1.0811174975830426e-15
1221.9620504742409,-6.285468051186862e-17,9.898657892193671e-16
1222.0154684489687,3.392688479467305e-16,1.1320633019562594e-15
1222.068886105247,2.8000509975927744e-15,1.6621594880735812e-15
1222.1223034430818,2.6924988845787645e-15,1.6393011002002543e-15
1222.1757204624791,2.272951865553654e-17,1.0081353497521266e-15
1222.2291371634442,-9.573918102426779e-17,9.388293533605988e-16
1222.282553545983,6.124147326797225e-16,1.1700401771282155e-15
1222.335969610101,3.5169317478907607e-16,1.1186854681625494e-15
1222.3893853558038,-5.071492235281106e-16,8.1323497479784e-16
1222.4428007830977,-3.9616264657917566e-16,8.587408683780039e-16
1222.496215891988,-1.0954454199163498e-16,9.63942572903133e-16
1222.5496306824803,-1.8109577334601824e-16,9.263282127376372e-16
1222.60304515458,-6.150164215453908e-17,9.140405314960225e-16
1222.6564593082937,1.4220887298946384e-15,1.3047886938217847e-15
1222.7098731436265,1.079643138626289e-15,1.2526843429848987e-15
1222.7632866605838,1.6085413533332794e-16,1.0709253750071771e-15
1222.816699859172,1.4727183562170336e-16,1.028481377414863e-15
1222.8701127393963,-2.6864852287253863e-16,8.763245758903048e-16
1222.9235253012628,-1.164340665976928e-16,8.746424670383396e-16
1222.9769375447765,3.1300016050718834e-16,1.0383342965876124e-15
1223.0303494699438,2.28114122319496e-15,1.44524373724508e-15
1223.08376107677,1.135245748797102e-15,1.2561371360520263e-15
1223.137172365261,1.548292313060447e-16,1.0006315174096385e-15
1223.1905833354224,-1.9011547811194077e-16,8.629195408186876e-16
1223.24399398726,-2.2022040852999254e-16,8.107634881033602e-16
1223.2974043207792,4.129868334968309e-17,9.095387043036204e-16
1223.350814335986,3.07371856070283e-16,1.050264549173497e-15
1223.4042240328858,7.479288504656691e-16,1.1152170167166909e-15
1223.4576334114847,2.461838425811208e-16,9.926687532916245e-16
1223.511042471788,-3.8334705842995205e-17,8.976248649852606e-16
1223.5644512138017,-3.7941846060304017e-16,8.341833808620977e-16
1223.6178596375312,-2.1613875198068227e-16,8.621712554888615e-16
1223.6712677429823,4.618778955416817e-16,1.018197009659368e-15
1223.7246755301605,1.9074163762693226e-15,1.2874199885916363e-15
1223.778082999072,1.7239433900748431e-15,1.2383625642432824e-15
1223.8314901497224,-3.9174856076417764e-18,8.818122679814546e-16
1223.8848969821165,-2.2833953457484253e-17,8.680216999909706e-16
1223.9383034962611,3.4391218258635095e-17,8.989674584517518e-16
1223.9917096921615,6.468581587900613e-16,1.099837744569071e-15
1224.0451155698233,4.236209259986584e-16,1.0693691899089698e-15
1224.0985211292523,1.321003008542429e-16,9.605600963384526e-16
1224.151926370454,-3.926209258938848e-17,8.875124443744499e-16
1224.2053312934343,-2.984048144765004e-17,8.661544450460415e-16
1224.258735898199,-1.7016840456794086e-16,8.298459037946234e-16
1224.3121401847532,-2.3196907699142163e-17,8.425241356354906e-16
1224.3655441531032,-4.363670705015639e-16,7.376083868047408e-16
1224.4189478032545,-1.501256733629502e-16,9.039226888679316e-16
1224.4723511352126,-7.313022443943443e-17,9.023298801119924e-16
1224.5257541489834,-6.378784739925557e-17,8.404335709779762e-16
1224.5791568445723,-2.399185270781947e-16,8.126834315768017e-16
1224.6325592219857,-8.959084321215468e-18,8.762350192104209e-16
1224.6859612812284,-1.3676205504447497e-16,7.849288463204232e-16
1224.7393630223066,-3.204736610261138e-16,7.589479520746441e-16
1224.792764445226,-2.293567425331052e-17,8.590770588684644e-16
1224.846165549992,6.999330951915986e-16,1.0498232210770598e-15
1224.8995663366106,9.831873437085964e-16,1.1237756822159758e-15
1224.9529668050873,4.268190332773569e-17,8.774343916393048e-16
1225.006366955428,1.2371762410561002e-16,9.410767345632916e-16
1225.0597667876377,-3.777985331906888e-17,8.127719852084517e-16
1225.113166301723,-4.358291037134145e-16,6.76375577387525e-16
1225.1665654976894,-1.2387670439807337e-16,7.611849394128729e-16
1225.2199643755418,-1.7034707702525972e-16,7.761852820574689e-16
1225.273362935287,-2.234213031119406e-16,7.68186460257947e-16
1225.3267611769297,-1.6860438727880436e-16,8.188611117620602e-16
1225.3801591004762,-1.3580075254221182e-16,7.668077592306803e-16
1225.433556705932,1.6355617745803564e-16,8.497941547720844e-16
1225.4869539933027,-7.748498959125949e-17,8.067890955115069e-16
1225.540350962594,-1.191597433913473e-16,7.931088935408619e-16
1225.593747613812,-1.502488752436193e-17,7.722090374675029e-16
1225.647143946962,-2.6435690516114144e-16,7.010078528364151e-16
1225.7005399620493,1.2944634043528849e-17,8.111304378656193e-16
1225.7539356590805,1.328766533755667e-15,1.0354125477011961e-15
1225.8073310380605,6.41410930118576e-15,1.858755238061074e-15
1225.8607260989954,6.981916968904938e-15,1.907753995089572e-15
1225.9141208418907,5.206192833652997e-16,8.744608032579847e-16
1225.9675152667521,1.840135353067706e-16,8.549264692603168e-16
1226.0209093735855,-3.101945553401925e-16,6.800493804635819e-16
1226.074303162396,-1.5237077345560247e-16,7.57275197875692e-16
1226.1276966331905,1.150426174682003e-16,8.109917027256667e-16
1226.1810897859732,1.573645108240171e-16,9.156587545972465e-16
1226.2344826207504,3.57252152771033e-16,8.861330137085926e-16
1226.2878751375283,1.2128051345665588e-15,1.0397019958462428e-15
1226.3412673363118,2.1024640047075178e-16,8.138076380347806e-16
1226.3946592171071,-2.8200906752637994e-16,6.928843831067614e-16
1226.4480507799194,-9.404111053188318e-17,7.629447028135727e-16
1226.5014420247549,-2.5935230772182255e-16,6.804823613042707e-16
1226.554832951619,3.63153263737029e-17,8.01179321906189e-16
1226.6082235605172,2.68310458624971e-16,8.802729542445466e-16
1226.6616138514557,4.0690810740220984e-17,8.025185202032919e-16
1226.7150038244397,-9.151494325769427e-18,7.264791335363043e-16
1226.7683934794752,-4.984012739907952e-17,7.273846483250048e-16
1226.821782816568,-3.8074518247804487e-16,6.08574003412653e-16
1226.8751718357232,-1.9069092197186813e-16,6.330728958339004e-16
1226.9285605369469,2.465650095791044e-16,7.975603336799431e-16
1226.9819489202443,1.594597734052619e-16,7.858561735182549e-16
1227.035336985622,5.1375972273875425e-17,7.398276943459688e-16
1227.088724733085,2.272113018923885e-16,8.385927651121647e-16
1227.142112162639,-1.994486186031349e-17,7.547073900213983e-16
1227.19549927429,1.7167908516277e-16,7.72198242421994e-16
1227.2488860680432,6.843004112990623e-16,9.02858520617498e-16
1227.3022725439048,5.969857840415061e-16,9.136270462801277e-16
1227.3556587018802,1.0662229088108964e-15,1.0331985674197083e-15
1227.409044541975,1.9345456128855438e-15,1.2366567569509562e-15
1227.462430064195,2.6140143219268828e-15,1.394685086986597e-15
1227.515815268546,9.613921852660868e-16,1.0300504900760674e-15
1227.5692001550337,2.8604265864603807e-16,7.92585161987175e-16
1227.6225847236635,7.92006427008515e-16,9.502583212069344e-16
1227.6759689744413,6.604218017105991e-16,9.30669522646911e-16
1227.7293529073725,7.071258156128757e-17,7.306647646718919e-16
1227.7827365224628,-1.760868203055746e-16,6.141408865145811e-16
1227.8361198197183,1.754098842793382e-16,7.392050025792275e-16
1227.8895027991446,-6.9123652068671695e-18,6.703131942717628e-16
1227.9428854607468,-3.435661711865823e-16,5.611894464104345e-16
1227.9962678045313,-2.9441585463869635e-16,5.412510642830672e-16
1228.049649830503,-1.4186323937267235e-16,6.093255165620437e-16
1228.1030315386683,-1.2552940539564034e-17,7.720856038233877e-16
1228.1564129290327,7.455527799949631e-17,7.966972059996847e-16
1228.209794001602,1.7393947754009124e-16,7.69647110173514e-16
1228.2631747563812,-1.2891237265017737e-16,6.680495300738217e-16
1228.3165551933766,8.337626305892858e-17,6.745960235875203e-16
1228.3699353125935,-2.662165974885541e-17,6.383306897463746e-16
1228.4233151140381,9.394530122211633e-17,7.015821837214383e-16
1228.4766945977156,1.0612879221466229e-16,6.962254182290239e-16
1228.530073763632,9.716322958920679e-17,7.037269834581078e-16
1228.5834526117924,3.0462521733728504e-17,6.886459832384312e-16
1228.6368311422032,-2.099801033241268e-17,6.5428804270743875e-16
1228.6902093548697,2.537857280998e-16,7.363412710062974e-16
1228.7435872497977,1.7655246705761765e-16,7.132063005568453e-16
1228.7969648269927,1.156926653625656e-17,6.511731200186754e-16
1228.8503420864604,1.4330666822151601e-18,6.464518660366945e-16
1228.9037190282068,-2.6793139320169402e-17,6.311775314812827e-16
1228.957095652237,-3.593848049691074e-17,6.320880835420759e-16
1229.0104719585572,-2.1396883914642703e-16,5.38691246858908e-16
1229.063847947173,-3.0497738250677287e-16,4.984348421296837e-16
1229.1172236180896,-8.010805789650395e-17,6.1919821552979495e-16
1229.1705989713132,-6.202833480867902e-17,6.161285232099594e-16
1229.2239740068492,-9.157605278902837e-17,5.544649136702821e-16
1229.2773487247034,-3.803092913975943e-17,6.199321959199328e-16
1229.3307231248814,6.570593804549288e-17,6.528739931756377e-16
1229.384097207389,1.8431514740399522e-16,7.197978488705311e-16
1229.4374709722317,1.2610025746444093e-16,6.71250665923725e-16
1229.4908444194152,-1.7544930851186964e-16,5.60514256846441e-16
1229.5442175489454,-2.0251273098785594e-16,5.109691893708898e-16
1229.5975903608278,3.8657144626886903e-16,7.33786590589364e-16
1229.6509628550677,1.5167226980385082e-15,9.867364302742721e-16
1229.7043350316715,1.937175661082289e-15,1.0299124890774853e-15
1229.7577068906444,4.353452581454612e-16,7.0510446808619e-16
1229.811078431992,-1.452013516888227e-17,5.950657567274065e-16
1229.8644496557204,8.435032813365581e-17,6.494158480524737e-16
1229.917820561835,1.284208165371475e-16,6.498989982745991e-16
1229.9711911503412,7.060998785529486e-17,6.274881567628824e-16
1230.0245614212454,3.5124667800264886e-17,5.975903975695644e-16
1230.0779313745525,4.982318675500234e-17,5.886118794847512e-16
1230.1313010102685,7.33403231015071e-17,6.084992426380583e-16
1230.184670328399,4.620422339095769e-16,7.162912075015014e-16
1230.23803932895,6.394464937752476e-16,7.730942479110129e-16
1230.291408011927,4.0088588080153075e-16,7.158304679695209e-16
1230.3447763773354,5.410105248470999e-16,7.777577591098308e-16
1230.3981444251808,7.687288610414746e-17,6.276220085078378e-16
1230.4515121554693,-8.728477194642768e-17,5.583242940839377e-16
1230.5048795682064,1.3910773324288103e-16,6.414057033227359e-16
1230.5582466633978,1.46516240626148e-16,6.007950741083275e-16
1230.6116134410493,5.286081782061649e-16,7.712554982702754e-16
1230.664979901166,2.4442500077830986e-16,6.103427786038272e-16
1230.718346043754,-4.127860363908624e-18,6.015673771631697e-16
1230.7717118688192,-4.2187800279206695e-17,5.279773049739667e-16
1230.8250773763668,2.0030313022247207e-17,5.5122425934745e-16
1230.8784425664026,1.4857749101899069e-16,5.757182437514781e-16
1230.9318074389325,1.3615455732233388e-16,6.000075111490808e-16
1230.9851719939616,4.2450413014501026e-18,5.526501200982508e-16
1231.0385362314964,9.324814520784698e-17,5.850237858799979e-16
1231.091900151542,-6.676047569659136e-18,5.164100801421001e-16
1231.1452637541042,4.815644546720285e-16,7.136962337498948e-16
1231.1986270391888,1.607332931286634e-16,5.898723620242485e-16
1231.251990006801,1.3384610027326702e-16,6.28182437249354e-16
1231.3053526569468,-7.264884715662392e-17,5.536677768734266e-16
1231.358714989632,4.575274664245124e-17,5.467186731878454e-16
1231.412077004862,8.357416986575824e-17,5.502614278025958e-16
1231.4654387026428,2.6256232084533176e-16,6.537220928472983e-16
1231.5188000829799,3.596320409142881e-16,6.939688917335786e-16
1231.5721611458787,3.99284729560047e-16,7.086386348827448e-16
1231.625521891345,4.883582134753518e-16,6.85485959940613e-16
1231.6788823193847,2.7711515089473116e-16,6.12862801618543e-16
1231.7322424300035,1.644407357515961e-17,4.976778132344032e-16
1231.7856022232063,3.0205881966592533e-16,6.283983218096955e-16
1231.838961699,8.120767610438319e-16,7.895023565568501e-16
1231.8923208573894,6.535339292616658e-16,7.300275443499998e-16
1231.9456796983802,2.238240861028312e-16,5.805007026659858e-16
1231.9990382219783,-6.528238003043123e-17,4.469821484660867e-16
1232.0523964281895,4.111793800017227e-17,5.063999699930959e-16
1232.105754317019,5.811347594483016e-17,5.426153523636872e-16
1232.1591118884728,-3.7232692059972486e-17,5.205932367691134e-16
1232.2124691425563,5.325477682100827e-16,7.348427834311161e-16
1232.2658260792757,3.6226005112853227e-16,6.228160550975537e-16
1232.319182698636,1.5433099214970957e-16,5.400171503395666e-16
1232.3725390006437,8.447340486946992e-17,5.425478353751773e-16
1232.4258949853036,6.993720487015873e-17,4.913649761099046e-16
1232.4792506526214,2.577611060787192e-16,5.828116406480551e-16
1232.5326060026034,2.5970493656076057e-16,5.934574424380159e-16
1232.585961035255,1.8868701505501724e-16,5.412371088140164e-16
1232.6393157505815,4.3007230404687847e-16,5.959846200863206e-16
1232.6926701485893,4.487052233767747e-16,6.421466084157336e-16
1232.7460242292832,9.110500945618016e-17,5.41612668242607e-16
1232.7993779926692,2.582274734978598e-16,6.024190156101045e-16
1232.8527314387534,3.1279638899442464e-16,5.956366700108754e-16
1232.9060845675406,2.32535935417029e-16,5.184367924290023e-16
1232.9594373790376,1.297012692637654e-16,5.079546372935862e-16
1233.0127898732492,1.0114473356886272e-16,4.458050285383211e-16
1233.066142050181,1.5176057528744787e-16,4.618893865841718e-16
1233.119493909839,1.8787535360465589e-16,5.629374289217916e-16
1233.1728454522288,3.712919823724928e-16,6.295982801452707e-16
1233.226196677356,9.516045452697177e-16,8.063348408387303e-16
1233.2795475852267,1.1093858424134768e-15,8.317835515618664e-16
1233.3328981758461,4.003001465187839e-16,6.261650578200314e-16
1233.3862484492195,4.768049864549863e-16,6.166302180999981e-16
1233.4395984053533,6.784971123420766e-16,6.856586568841842e-16
1233.492948044253,4.943303917864208e-16,6.471027431786453e-16
1233.546297365924,4.493231386822154e-16,6.823677470421801e-16
1233.599646370372,2.9148858420375175e-16,5.89815342931097e-16
1233.6529950576028,3.4530394080453625e-16,6.101331624101043e-16
1233.706343427622,4.922085824955419e-16,6.09534456974193e-16
1233.759691480435,1.4396990187613285e-16,4.525290787831232e-16
1233.813039216048,2.988375489653131e-16,5.457387477853878e-16
1233.8663866344664,1.6921252697835922e-16,4.745521867982182e-16
1233.9197337356954,3.076857091709147e-16,5.029862232401886e-16
1233.9730805197414,2.763481839653305e-16,5.15712396252025e-16
1234.02642698661,2.1434047312044062e-16,4.793934550687971e-16
1234.0797731363061,1.7383241465568747e-16,4.703116968127977e-16
1234.133118968836,2.2601144463523376e-16,4.633034603304627e-16
1234.1864644842055,3.3175775803522773e-16,5.507260891446889e-16
1234.2398096824197,2.929193924663875e-16,5.367864818293579e-16
1234.2931545634844,1.794147320354521e-16,4.658281870910391e-16
1234.3464991274057,9.82405416409176e-17,4.3652285586894973e-16
1234.3998433741885,1.8625032430800163e-16,4.994753604566104e-16
1234.4531873038395,2.971328873844463e-16,4.934100623060229e-16
1234.506530916363,3.77312409472773e-16,5.543198336325584e-16
1234.559874211766,6.293914266942761e-17,3.851789621232822e-16
1234.6132171900535,9.418088175887404e-17,4.4269100070336655e-16
1234.6665598512309,4.557989851093367e-16,5.723514907368209e-16
