trappist-1/STIS/new_bk_means/TRAPPIST-1_G140M_newbk_mean_2016-12.ecsv
# %ECSV 0.9
# ---
# datatype:
# - name: WAVELENGTH
#   unit: Angstrom
#   datatype: float64
# - name: FLUX
#   unit: erg / (Angstrom cm2 s)
#   datatype: float64
# - name: ERROR
#   unit: erg / (Angstrom cm2 s)
#   datatype: float64
# delimiter: ','
# schema: astropy-2.0
WAVELENGTH,FLUX,ERROR
1194.4168860239156,-1.9455070428949926e-16,-1.135927341696593e-17
1194.4704636173246,7.337786973277999e-16,9.165930142987388e-16
1194.5240408894879,7.569063773309212e-16,6.6773671335697725e-16
1194.5776178404108,1.0498641992873355e-15,1.0027367484924838e-15
1194.6311944700994,-1.4005810905974663e-16,9.319861501454996e-16
1194.6847707785594,1.3552702716679842e-15,1.088637749961364e-15
1194.7383467657965,6.56719362942616e-16,5.580462088773808e-16
1194.7919224318166,1.3555034533602327e-15,1.5788873734242886e-15
1194.8454977766257,9.896147392599844e-16,1.1047879174953044e-15
1194.899072800229,1.7408353870602956e-15,1.3914851640358336e-15
1194.952647502633,2.8781262113284144e-16,1.7392080906203906e-15
1195.006221883843,2.3850401981249303e-16,1.434193542373386e-15
1195.0597959438646,-1.5818164542524217e-15,4.826981156307521e-16
1195.1133696827037,-1.3841363142983987e-15,5.6897406234610735e-16
1195.1669431003668,-6.627936801099267e-16,1.1323695138172007e-15
1195.2205161968584,-1.1989803514267886e-15,6.715929055351209e-16
1195.2740889721856,-1.7147248043697689e-15,4.552451044492747e-16
1195.327661426353,-7.218544382462913e-16,1.1621769249544143e-15
1195.3812335593675,-8.465857746343792e-16,7.928049293822507e-16
1195.4348053712338,-1.3455179681932139e-15,6.371463916954293e-16
1195.4883768619584,-9.22400182443006e-16,1.3444464632255414e-15
1195.5419480315466,1.3362159959914982e-16,1.7761949133726374e-15
1195.5955188800046,2.4005652826421205e-17,1.615879523433927e-15
1195.6490894073381,-9.105825246248833e-16,8.036860909182164e-16
1195.7026596135524,-5.101959566854204e-16,1.2569943851328739e-15
1195.756229498654,1.2161528450556915e-15,1.7906131083673044e-15
1195.8097990626482,-6.320110154205772e-16,1.516489214437473e-15
1195.8633683055407,-2.1037006468885777e-16,1.4021270186469206e-15
1195.9169372273377,-1.0402145565884844e-15,1.1037411442075654e-15
1195.9705058280445,-1.9503724764716024e-16,1.003513945877743e-15
1196.0240741076675,-2.0478804409405557e-15,4.516493471088039e-16
1196.077642066212,-7.165791951760153e-16,1.530935031128695e-15
1196.1312097036837,-1.1867088757185074e-15,1.0891202605748189e-15
1196.1847770200884,-2.448258642112937e-15,2.2402805329651243e-16
1196.2383440154322,2.1241473139957103e-16,1.6999227782581868e-15
1196.2919106897207,-5.291304899548916e-16,1.2499713854040388e-15
1196.3454770429596,5.397285158467934e-16,2.003189857333907e-15
1196.3990430751546,-5.626707702490581e-16,9.373121128905533e-16
1196.4526087863119,-1.7681446360475319e-15,6.401061737580513e-16
1196.5061741764366,-1.2772630915056708e-16,1.7047130396852931e-15
1196.5597392455352,-5.728444852717125e-17,1.8777775550557965e-15
1196.6133039936128,-6.102671138431008e-16,1.6602321355613605e-15
1196.6668684206757,-3.794108267424484e-16,1.392268215350279e-15
1196.7204325267294,-1.65658112825364e-16,1.806350697764391e-15
1196.7739963117795,-1.1984764644504643e-15,1.105997898459124e-15
1196.8275597758322,-1.7458200265589996e-15,6.671683977335584e-16
1196.881122918893,-1.4855846179979096e-15,1.0786229525404646e-15
1196.9346857409678,1.062084537482909e-15,1.8374630397498754e-15
1196.9882482420624,-1.4105905472454113e-15,1.1174054868739205e-15
1197.0418104221822,-7.204784374004135e-16,1.6019756124193357e-15
1197.0953722813338,-1.4573702394841769e-15,9.964033977312843e-16
1197.1489338195217,-4.734427706997462e-16,1.7370697422825796e-15
1197.202495036753,-1.1241274829986832e-15,9.092582839206906e-16
1197.2560559330325,-8.54578446124429e-16,1.599215718676038e-15
1197.3096165083662,-7.0052189689676e-16,1.595547042919913e-15
1197.3631767627603,-4.2648804864999424e-16,1.0470822645294727e-15
1197.4167366962201,-8.30852610784513e-16,1.287652452270763e-15
1197.4702963087518,-3.937039757320069e-16,1.4566862551353783e-15
1197.5238556003605,9.850768020257615e-16,2.2643261829752873e-15
1197.5774145710527,-9.87204732779998e-17,1.7912553197852716e-15
1197.630973220834,-5.895728686537623e-16,1.698666997677906e-15
1197.6845315497096,-9.176083427157511e-16,1.6085935187381686e-15
1197.738089557686,-1.8695475940389195e-16,1.939175729811318e-15
1197.7916472447685,1.0491738139923276e-15,1.7879895327346228e-15
1197.8452046109628,-5.357930958558926e-16,1.4984443341443535e-15
1197.8987616562752,3.0269195623522195e-15,2.7409452121691006e-15
1197.952318380711,-1.398183477571503e-15,1.1970499240751071e-15
1198.005874784276,-1.2850476077877192e-16,1.734436862289786e-15
1198.0594308669763,5.270801171882149e-16,2.0831109358683586e-15
1198.1129866288175,5.827745903230222e-16,2.1720534016612622e-15
1198.166542069805,8.359071643916955e-16,2.0898883449689374e-15
1198.2200971899451,-3.7487513477740093e-16,1.5604465291314677e-15
1198.2736519892433,5.818514151579158e-16,1.7559597896674932e-15
1198.3272064677055,1.1036249255524603e-15,2.2510942833951395e-15
1198.3807606253376,8.27429782739522e-16,2.136855505259982e-15
1198.4343144621448,1.0351663958258518e-15,2.227724677779164e-15
1198.4878679781332,-8.303554307058856e-16,1.4253469467843716e-15
1198.5414211733087,1.7608861031742775e-15,2.312476968562903e-15
1198.594974047677,-1.2642372650008734e-15,1.299270125936303e-15
1198.6485266012437,1.0332762065749426e-15,2.1887670856673925e-15
1198.7020788340146,-1.6298564889847177e-15,1.2218402376147719e-15
1198.7556307459959,-5.849349211428662e-16,1.767663428006276e-15
1198.8091823371926,-1.3566760082425768e-15,1.2526704361218602e-15
1198.8627336076113,-1.0941015645231518e-15,1.6385808856375273e-15
1198.9162845572569,6.475472149773495e-16,2.13288243567296e-15
1198.969835186136,5.647779606432728e-16,2.17891549929919e-15
1199.0233854942535,3.2735088787933814e-16,2.11297930692168e-15
1199.076935481616,2.2670943794982836e-15,2.510475133695346e-15
1199.1304851482284,-7.318240543666503e-16,1.4811793445433245e-15
1199.1840344940977,1.2962435847204933e-17,2.063033840036282e-15
1199.2375835192286,7.333281995577345e-16,2.1686494616517627e-15
1199.2911322236268,-5.039783103106923e-16,1.851618013338307e-15
1199.3446806072989,-1.036609653283111e-15,1.6937346702926218e-15
1199.39822867025,6.055548020338455e-16,2.2160526478158927e-15
1199.4517764124862,1.0704963910944832e-16,2.083434252722048e-15
1199.505323834013,-1.9683100832144285e-15,1.3352675952179518e-15
1199.5588709348365,-1.3263892275217416e-15,1.4635912984424314e-15
1199.6124177149622,5.500832025209732e-17,1.8546667908621354e-15
1199.6659641743959,1.0274641884218873e-15,2.176564810116821e-15
1199.7195103131432,2.0421813669724762e-15,2.5378097014895183e-15
1199.7730561312103,2.3088947949764437e-15,2.4834627464023764e-15
1199.8266016286025,-4.771947373805918e-16,1.5177368474642059e-15
1199.8801468053257,1.7579583203475896e-15,2.5586768599729714e-15
1199.9336916613859,4.01929470136205e-16,2.171988138723109e-15
1199.9872361967887,1.667330647934291e-16,2.026113200501848e-15
1200.0407804115398,1.3090898965933264e-15,2.448777923301483e-15
1200.094324305645,1.8184939730156036e-15,2.5911274703048668e-15
1200.1478678791104,9.577961048748246e-16,2.2018593654913925e-15
1200.201411131941,1.8324968624525574e-15,2.6238890001678545e-15
1200.2549540641428,-1.1606169746712634e-15,1.660582364060333e-15
1200.3084966757222,-4.601574631526744e-16,2.0243313189065473e-15
1200.3620389666844,-1.0055100361827909e-15,1.424938749842796e-15
1200.4155809370352,6.117345813122553e-16,2.1146770619917953e-15
1200.4691225867803,-1.1627766758314298e-15,1.4165373823813544e-15
1200.522663915926,1.756570745073263e-16,1.8499362935716464e-15
1200.5762049244772,1.4043390940716728e-15,2.4007616177209115e-15
1200.6297456124405,-3.767439666713639e-16,1.9755849172773392e-15
1200.683285979821,-4.741501363794204e-16,1.4752024430065346e-15
1200.7368260266248,9.691789034558546e-16,1.9797125637839756e-15
1200.7903657528575,-6.603872400956723e-16,1.776989256152761e-15
1200.843905158525,3.2845902047883194e-15,2.849860483549387e-15
1200.8974442436331,9.603548694446165e-16,2.181127531693112e-15
1200.9509830081874,-1.6920495890984531e-15,1.552929847706487e-15
1201.0045214521936,-5.463553098744846e-16,1.8856794130496546e-15
1201.0580595756576,8.317553411626405e-16,2.2944112380719572e-15
1201.111597378585,3.601028574148193e-16,2.0755885349619376e-15
1201.1651348609819,2.6682536440431825e-16,2.170263973935167e-15
1201.218672022854,1.102506029806973e-15,2.1886325931500835e-15
1201.2722088642065,-6.843277668247013e-16,1.4569030615793553e-15
1201.325745385046,3.984010479014793e-16,2.044689422148523e-15
1201.3792815853774,7.037774126701102e-16,2.2523866677544582e-15
1201.4328174652069,2.1565202885121895e-15,2.5042570021757458e-15
1201.4863530245404,-2.629322532437054e-15,9.554267843633691e-16
1201.5398882633835,-1.5108925390211782e-15,1.590667914326574e-15
1201.593423181742,7.840488755059322e-17,2.0350406496509514e-15
1201.6469577796213,3.9515807253113407e-16,2.186511440369362e-15
1201.7004920570278,1.0647981922251567e-15,2.452329560112118e-15
1201.7540260139665,3.7051839404469126e-16,1.9958601501383745e-15
1201.8075596504439,6.219358965731609e-16,2.1835873856590244e-15
1201.8610929664653,3.1402021258845865e-15,2.289902933544938e-15
1201.9146259620368,2.6528223752143417e-15,2.7153411921473656e-15
1201.9681586371635,-1.3116826551174911e-15,2.601612043812134e-15
1202.0216909918515,-5.158974587003576e-16,1.8851622079567442e-15
1202.075223026107,1.3670487473865985e-15,2.3917839110804575e-15
1202.1287547399352,-1.1771740020986201e-15,1.420137046536015e-15
1202.1822861333421,-1.528940673342449e-15,1.563518304220205e-15
1202.2358172063334,1.4052956754349219e-15,2.349664753655666e-15
1202.2893479589147,-2.9301255803135662e-16,1.932684276982637e-15
1202.3428783910924,-1.1848737405404082e-15,1.7642158266861333e-15
1202.3964085028713,2.087010076769903e-15,2.616844825850263e-15
1202.4499382942577,-1.1757493714991808e-17,2.0533673240646143e-15
1202.5034677652573,-2.987258032363017e-16,1.9629762887521326e-15
1202.5569969158757,1.1444730856422597e-15,2.2255374162043724e-15
1202.6105257461188,1.1070289270850408e-15,2.2334834555044907e-15
1202.6640542559921,7.819792530204693e-16,2.1857129757847324e-15
1202.717582445502,-1.206342632973265e-15,1.6384854411027821e-15
1202.7711103146535,1.1516940656172677e-15,2.3155540184298284e-15
1202.8246378634528,-1.3135331870851807e-16,1.9944826303320496e-15
1202.8781650919057,3.783449153532287e-16,2.0509089747370236e-15
1202.9316920000174,-7.681991263571991e-16,1.6807047854529377e-15
1202.9852185877942,2.036870051504307e-15,2.1206322549622277e-15
1203.0387448552417,3.4634044404481076e-17,2.081566873303085e-15
1203.0922708023656,-5.140178656079505e-16,1.8350444244773827e-15
1203.1457964291715,-1.5147772343633301e-15,1.3407954898333997e-15
1203.1993217356658,1.2021097734919977e-15,2.4240888940504964e-15
1203.2528467218535,8.247901379926797e-16,2.0612599153199086e-15
1203.3063713877407,6.042901354096643e-16,2.1716979662471727e-15
1203.359895733333,3.027396493463387e-16,1.7675148685607165e-15
1203.413419758636,1.1870723647847518e-15,2.363677820426391e-15
1203.4669434636562,2.756642994544649e-15,2.6181607709509724e-15
1203.5204668483984,1.3000039324909079e-15,2.3426451635070673e-15
1203.5739899128691,-5.464938700908038e-16,1.8997505686773694e-15
1203.6275126570733,-7.750637479731996e-16,1.7910324726362447e-15
1203.6810350810176,-8.054280661051884e-18,2.038824233644945e-15
1203.7345571847072,1.3128924233586476e-15,2.3192844740040533e-15
1203.788078968148,-5.751654815837096e-16,1.9300721452913246e-15
1203.8416004313453,-2.1085924272409016e-15,2.0020171561475542e-15
1203.895121574306,-9.639105335007482e-16,1.909546379129877e-15
1203.9486423970345,6.747310035918598e-15,3.226814225941e-15
1204.0021628995378,-4.929842125998717e-16,1.898410654720321e-15
1204.0556830818205,-3.4635942789543706e-16,1.982119354929291e-15
1204.1092029438887,4.520667117660369e-16,2.1961111589285363e-15
1204.1627224857489,8.752863224848187e-16,2.26248882535021e-15
1204.216241707406,7.0639759386905e-17,1.7271589932408303e-15
1204.2697606088657,1.3229341022320043e-15,2.2567254783625475e-15
1204.3232791901344,6.816678342181195e-16,2.1560511506347473e-15
1204.3767974512175,4.314819491013459e-16,2.0969357960303128e-15
1204.4303153921205,3.6196306342461056e-16,2.0489417436328664e-15
1204.4838330128498,-2.883995608380275e-16,1.8891003934112683e-15
1204.5373503134103,-7.1057737084748e-16,1.849591267182602e-15
1204.5908672938083,9.185739335506118e-16,1.8594723046676413e-15
1204.6443839540498,-6.6162071306401e-16,1.855699143557169e-15
1204.6979002941398,-1.5750961923793723e-15,1.3419810622078455e-15
1204.7514163140843,-2.8899700346095925e-16,1.975800210503054e-15
1204.8049320138896,-9.48646208963044e-16,1.3694286861257853e-15
1204.8584473935607,7.501244773541648e-16,2.2091431905203426e-15
1204.9119624531038,1.4115146403392462e-15,2.017401091404477e-15
1204.9654771925245,3.967022528878199e-15,2.7698422396673232e-15
1205.0189916118286,-4.241024486382271e-16,1.9135656559808452e-15
1205.0725057110214,-1.3021409310139382e-15,1.6732760912315753e-15
1205.1260194901095,-8.401402839163622e-16,1.3566639857114422e-15
1205.179532949098,2.949857266983188e-16,2.1100494728401144e-15
1205.2330460879928,-1.6893976929492052e-15,1.4881503218694253e-15
1205.2865589067997,1.3343300933757578e-15,2.2685119758156442e-15
1205.3400714055244,1.3165763449307337e-15,2.225764704961169e-15
1205.3935835841726,-1.35005712520549e-16,2.021694275894997e-15
1205.4470954427502,-8.024115431151091e-16,1.803331533224321e-15
1205.5006069812628,1.665738504615881e-15,2.2577220999068256e-15
1205.554118199716,-2.470149613852226e-15,1.2592474694989987e-15
1205.607629098116,-1.7484134216243124e-15,1.2594992251227432e-15
1205.6611396764683,1.8604737697578297e-15,2.0483594230625487e-15
1205.7146499347784,-2.15402944066358e-15,1.123181402293158e-15
1205.7681598730524,1.739505034405959e-15,2.3500011065926965e-15
1205.8216694912958,-1.2229578494278367e-15,1.6779132932504797e-15
1205.8751787895144,-1.1622933161303416e-15,1.5510570252597498e-15
1205.9286877677146,3.3077382371647676e-16,2.157979276428254e-15
1205.9821964259008,-1.0531849519408136e-15,1.7395955442909733e-15
1206.0357047640796,-1.3846138489441059e-15,1.6477626775923676e-15
1206.0892127822567,1.2377056759449867e-15,2.2212038340485884e-15
1206.142720480438,7.660952132924437e-16,2.2069892304068177e-15
1206.1962278586286,-2.1344607001112076e-16,1.9482183486709932e-15
1206.2497349168345,7.023563647547736e-16,2.163095567701035e-15
1206.303241655062,-7.415775650912619e-16,1.789361607326507e-15
1206.356748073316,7.94552271038138e-16,1.865193517513968e-15
1206.4102541716031,-1.3191732342405905e-15,1.5737790826530434e-15
1206.4637599499283,-4.185356021356525e-16,1.894610566512769e-15
1206.5172654082976,-7.981179442413413e-16,1.4572337256629087e-15
1206.570770546717,-1.3508738708477475e-15,1.3080431411117834e-15
1206.6242753651918,-1.4376066629025195e-15,1.3181990266730493e-15
1206.6777798637281,2.2807305824288244e-15,2.4218804581034255e-15
1206.7312840423313,-1.6339230623397718e-16,1.889797082485425e-15
1206.7847879010076,2.3164897053302717e-16,1.9960098288306386e-15
1206.838291439762,-4.461581748742088e-16,1.6988894316958287e-15
1206.8917946586014,-1.7201183950770208e-15,1.1420541333044337e-15
1206.9452975575302,1.1077145262117272e-15,2.2131430295853946e-15
1206.9988001365552,8.756983946249816e-16,2.1403286872003804e-15
1207.0523023956814,-1.1727871324953189e-15,1.7723606952492366e-15
1207.1058043349153,5.449909191142951e-16,2.285864359814242e-15
1207.1593059542618,1.1385202666492914e-15,2.042113646225843e-15
1207.212807253727,-3.7196317030359727e-16,1.820984927292968e-15
1207.266308233317,2.5894242727181486e-16,1.7119131716978356e-15
1207.319808893037,1.7680748324588491e-15,2.1406261808598345e-15
1207.373309232893,1.008765615278898e-15,2.278610982385266e-15
1207.4268092528907,-1.025103566540081e-15,1.3948147560408988e-15
1207.4803089530355,1.2300036631755156e-15,2.2501108309841403e-15
1207.5338083333338,8.358511708447967e-16,2.0902839745869996e-15
1207.5873073937912,2.1173020561471477e-15,2.484388690137697e-15
1207.640806134413,5.329588068623829e-16,1.929476497313038e-15
