trappist-1/STIS/new_bk_means/TRAPPIST-1_G140M_newbk_mean_2018-08.ecsv
# %ECSV 0.9
# ---
# datatype:
# - name: WAVELENGTH
#   unit: Angstrom
#   datatype: float64
# - name: FLUX
#   unit: erg / (Angstrom cm2 s)
#   datatype: float64
# - name: ERROR
#   unit: erg / (Angstrom cm2 s)
#   datatype: float64
# delimiter: ','
# schema: astropy-2.0
WAVELENGTH,FLUX,ERROR
1194.682859017652,1.927759428772151e-15,1.9094523615089756e-15
1194.73642877602,9.275020994190063e-16,1.1080618283655352e-15
1194.7899982494203,6.696277125750132e-16,8.522327097038681e-16
1194.8435674378582,6.003632979478858e-16,6.788100307320663e-16
1194.8971363413377,2.331135190658764e-16,4.554399507454828e-16
1194.9507049598635,1.1456045049935022e-15,8.629709069011143e-16
1195.0042732934405,5.844364585224905e-16,6.062355918571841e-16
1195.0578413420728,-5.091118457274411e-16,2.3356560349291346e-16
1195.111409105765,-7.478860244562123e-16,1.1204726327061057e-16
1195.164976584522,-7.39217249082812e-16,3.1322710567055523e-16
1195.218543778348,-4.959465133439293e-16,4.901049174080627e-16
1195.2721106872477,-3.9788490028844987e-16,5.363520291897972e-16
1195.3256773112255,9.986874214007219e-17,7.760257780577188e-16
1195.379243650286,-1.7708958641788815e-16,6.173141257190609e-16
1195.432809704434,-4.851135194411999e-16,5.676782740864966e-16
1195.486375473674,-4.942182829104902e-16,5.13089346370703e-16
1195.5399409580102,-2.221198059925361e-16,7.46395024921354e-16
1195.5935061574473,9.155590756726037e-16,1.2360222113132808e-15
1195.6470710719898,-1.3014154686012484e-16,6.15931217236515e-16
1195.7006357016423,3.963653908896377e-16,9.131940596252929e-16
1195.7542000464098,-8.606102777915049e-17,7.378493590507765e-16
1195.8077641062962,-1.5066726694065338e-16,6.591373814419305e-16
1195.861327881306,1.515201338377319e-16,1.0178731519840376e-15
1195.9148913714441,-6.810290123435349e-16,4.616709249046442e-16
1195.968454576715,-8.333790299619694e-16,3.830661813344908e-16
1196.0220174971234,-8.378873341774167e-16,3.8824937177841435e-16
1196.0755801326734,-6.537960898602585e-16,4.686145052375848e-16
1196.1291424833696,-4.702491740929067e-16,5.999863341755618e-16
1196.1827045492173,8.836610810301613e-16,1.508489274636957e-15
1196.2362663302201,2.035561278649378e-16,1.094358791176356e-15
1196.289827826383,-1.9947609446371343e-16,8.759462651043863e-16
1196.3433890377105,-1.8889807146549885e-16,7.828622173359954e-16
1196.3969499642071,-3.711208281531695e-16,6.678838520520549e-16
1196.4505106058775,-1.9392684724854923e-16,7.929064764119614e-16
1196.5040709627258,4.783651012294153e-16,1.0913901034867975e-15
1196.5576310347572,5.69240416189971e-16,1.1917757483285862e-15
1196.6111908219757,9.287874016079178e-16,1.2923185653626148e-15
1196.6647503243857,-3.0311484686033924e-16,6.420662416779713e-16
1196.7183095419925,-1.8611864468256518e-16,7.547284036071087e-16
1196.7718684748002,7.576826724291944e-16,1.3321367048901556e-15
1196.825427122813,-3.91155347334798e-16,7.890286789373086e-16
1196.878985486036,7.004635318773588e-17,1.0083889681889233e-15
1196.932543564474,-2.494410551813504e-16,7.953684567297203e-16
1196.9861013581303,-1.8982386324942944e-16,9.601731854973908e-16
1197.0396588670108,1.2936020581237523e-16,9.058115132570451e-16
1197.0932160911195,7.142452089850338e-16,1.141767600723284e-15
1197.1467730304605,2.9745792769197663e-16,8.75256455435021e-16
1197.200329685039,2.6630358055106584e-16,1.1963966897585156e-15
1197.2538860548593,-1.5066811863001109e-16,1.024275381630115e-15
1197.307442139926,-4.370738963102699e-16,8.188391923334093e-16
1197.3609979402434,-3.1563699558880005e-16,9.111780740387571e-16
1197.4145534558163,-7.075400510954476e-16,6.458899510496559e-16
1197.4681086866492,-1.0270371070955504e-15,4.586749595840144e-16
1197.5216636327466,-8.264366817502027e-17,9.496924525089912e-16
1197.575218294113,5.356901247444292e-16,1.078111562238914e-15
1197.6287726707533,4.492136227207409e-16,1.1866994856683733e-15
1197.6823267626714,-4.914880050075017e-16,6.185220758103979e-16
1197.7358805698723,-2.5579031145925966e-17,1.031021849094633e-15
1197.7894340923604,1.1153251815612173e-15,1.55417214207261e-15
1197.8429873301402,5.484395934785405e-16,1.0475694623068092e-15
1197.8965402832164,8.877318293087842e-16,1.5966588750677935e-15
1197.9500929515932,1.1944890190249665e-15,1.7037500237927382e-15
1198.003645335276,9.535395949159267e-16,1.444611267656227e-15
1198.057197434268,-6.828991914971563e-16,6.853512984961871e-16
1198.1107492485746,-1.5671247248693388e-16,1.0361778941474224e-15
1198.1643007782004,-4.995691837979368e-16,7.41003262079489e-16
1198.2178520231498,-7.027028476890391e-16,6.780656184236425e-16
1198.2714029834272,-2.3539873106978933e-16,9.044747081094264e-16
1198.3249536590372,4.736481443043515e-16,1.006627060702485e-15
1198.3785040499843,1.2739133406335658e-15,1.7265418898798948e-15
1198.4320541562731,2.5365375150112737e-16,1.0245141803781693e-15
1198.485603977908,-3.1142526372545383e-16,8.424886776819962e-16
1198.539153514894,-4.963640534760736e-16,6.336614797868887e-16
1198.592702767235,-5.123381540024561e-16,8.240145519799405e-16
1198.6462517349362,1.0941453803634547e-16,1.1828268253875588e-15
1198.6998004180016,1.1709052961541027e-15,1.5607363683372771e-15
1198.7533488164358,-7.847713749368882e-16,5.91324813838189e-16
1198.8068969302437,-5.340892883200295e-16,7.858882886710835e-16
1198.8604447594298,2.7051223474126854e-17,8.576825508981829e-16
1198.913992303998,1.2006020549519689e-15,1.3547198387547824e-15
1198.9675395639536,-9.437504186762866e-18,8.939335540409582e-16
1199.0210865393008,1.4321673510353788e-16,1.1919622914123656e-15
1199.074633230044,-1.3196556166364017e-16,9.387366817444976e-16
1199.128179636188,6.918670752370613e-17,9.080773848963078e-16
1199.181725757737,-1.0989509261425976e-16,9.739216865732154e-16
1199.235271594696,-4.835677149445669e-16,7.267491079645875e-16
1199.2888171470695,1.1341672070484698e-15,1.1778332465743974e-15
1199.3423624148613,9.69987233780016e-16,1.3613946586532296e-15
1199.3959073980773,5.773242274704725e-16,1.3255485270411919e-15
1199.4494520967205,6.64429546067392e-16,1.387024704364416e-15
1199.5029965107965,2.9104665874644655e-16,1.130416622243447e-15
1199.5565406403095,-1.1604858172570577e-16,1.042537206606699e-15
1199.610084485264,3.2667180331255573e-16,1.2602846890601146e-15
1199.6636280456646,1.6552160011241567e-16,1.2083601511015943e-15
1199.7171713215157,-3.1687716948301187e-16,7.174279470465471e-16
1199.770714312822,1.4235950319648855e-16,1.1039088483129366e-15
1199.824257019588,-6.242945459801664e-16,8.10726789656628e-16
1199.877799441818,-7.930485842491731e-17,9.261294603759362e-16
1199.9313415795173,-4.1620468716190125e-17,1.1086794350341048e-15
1199.9848834326897,-2.0195897969758213e-16,8.806930903311476e-16
1200.0384250013396,3.951229750916999e-16,1.065736978711361e-15
1200.0919662854722,-3.592381425245288e-17,9.450584335147878e-16
1200.1455072850915,-3.47842561500028e-16,7.204539654616628e-16
1200.1990480002023,9.873320859856108e-17,1.0972536208673403e-15
1200.2525884308093,-1.3488665021465602e-16,1.1238015464120886e-15
1200.3061285769165,-2.531863682165161e-16,1.1021310426906405e-15
1200.3596684385288,1.8201414892385204e-16,1.2022697858767358e-15
1200.4132080156508,2.0333716501280643e-16,1.0220441774463409e-15
1200.4667473082868,2.2886918825880946e-15,1.9329276363212735e-15
1200.5202863164416,1.5318061021809568e-16,1.023110530737934e-15
1200.5738250401196,5.946958860255856e-16,1.2618600849176318e-15
1200.627363479325,-1.522773530254189e-16,8.760032557391492e-16
1200.6809016340626,1.9610023341334035e-16,1.2014425341826673e-15
1200.7344395043372,8.499004692657964e-17,1.0057991767448894e-15
1200.7879770901532,4.806930958616846e-16,1.416132045328307e-15
1200.8415143915151,8.431273918169825e-18,9.091548432613913e-16
1200.8950514084274,-4.790822513764109e-17,9.788351158407059e-16
1200.9485881408943,1.0625527490295352e-15,1.5578128136498557e-15
1201.002124588921,4.0783500730417115e-16,1.2578182347961086e-15
1201.0556607525116,3.4390691746078066e-16,9.848588085071681e-16
1201.1091966316706,1.8774509143061605e-16,1.0646048346933225e-15
1201.1627322264028,-6.242646105020694e-16,6.895010099648595e-16
1201.2162675367124,-1.995749704831842e-16,9.46411762217924e-16
1201.2698025626044,1.8546099784410854e-15,1.476318462615569e-15
1201.3233373040828,1.2121025565358789e-15,1.4115846737062369e-15
1201.3768717611524,5.027755035811068e-16,1.209454980337338e-15
1201.4304059338178,4.339159879011275e-16,1.0226567895754107e-15
1201.4839398220836,7.941332767243868e-16,1.3655764339546432e-15
1201.537473425954,1.7694899491861232e-15,1.8992766531286454e-15
1201.5910067454338,6.413794311336094e-16,1.5386940144889844e-15
1201.6445397805276,6.837038160720944e-17,9.979389193230485e-16
1201.6980725312394,1.807926840145484e-15,1.8953319306561986e-15
1201.7516049975743,1.2645287117031557e-15,1.5277507139147953e-15
1201.8051371795368,3.6071707143617177e-16,1.272030955017644e-15
1201.8586690771313,-7.838244033984263e-16,6.737996989025137e-16
1201.9122006903617,-3.8382583238664846e-16,1.0357457502623133e-15
1201.9657320192339,6.949455239711172e-17,1.1503473206216371e-15
1202.0192630637512,4.607518207123656e-16,1.2462431839786895e-15
1202.072793823919,8.06505608339654e-16,1.4014265710190787e-15
1202.1263242997413,-6.608311257583002e-16,1.3467420543068452e-15
1202.1798544912224,-8.521971353192092e-16,1.1301639763755867e-15
1202.2333843983677,-4.838100529547143e-16,8.570570948891253e-16
1202.286914021181,-2.3863252130546484e-16,1.080567409490153e-15
1202.3404433596672,1.2393895645585419e-15,1.44619849592104e-15
1202.3939724138302,1.188063955933164e-15,1.6095604248616156e-15
1202.4475011836755,-6.802028865026809e-16,7.221645781865801e-16
1202.5010296692071,-7.226192973639126e-16,8.216489097730252e-16
1202.5545578704296,-5.237058154874628e-16,9.066135443403499e-16
1202.6080857873476,-4.710947450840812e-16,8.150203251180843e-16
1202.661613419965,-4.1890734962933686e-16,1.0232902766552316e-15
1202.7151407682877,-5.1409954001383386e-17,1.1313487288499632e-15
1202.768667832319,7.232497889911645e-16,1.4947975147770616e-15
1202.8221946120636,1.4005936199866701e-15,1.5343225619425254e-15
1202.8757211075263,1.1063534443217785e-15,1.6241437612226927e-15
1202.9292473187118,-2.78703627412088e-17,1.1405090250531458e-15
1202.9827732456245,8.316315867695977e-16,1.3297308519651287e-15
1203.0362988882687,8.994574433525933e-16,1.2579457259522273e-15
1203.089824246649,3.887718592951293e-16,1.3210420475197348e-15
1203.1433493207703,5.580869065591758e-15,2.4497134867522173e-15
1203.1968741106366,8.236167699728616e-15,2.340147829200864e-15
1203.2503986162526,-1.8255511428494694e-16,8.992649481210105e-16
1203.3039228376228,9.631503011038967e-16,1.4185366356649054e-15
1203.3574467747524,1.4072893505929922e-15,1.2637495478900998e-15
1203.410970427645,1.5069554112269232e-15,1.7178682486931864e-15
1203.4644937963053,4.597748481360612e-16,1.2417390143293684e-15
1203.5180168807383,1.4898412379925032e-16,1.3880990706778049e-15
1203.5715396809483,5.8496941045024e-16,1.2709408716452534e-15
1203.6250621969396,8.033699556620989e-16,1.3677699270879678e-15
1203.6785844287165,-3.962758984461433e-16,7.155278363225813e-16
1203.7321063762845,1.2899055676759752e-16,1.1332591934058491e-15
1203.7856280396472,1.3063601988266228e-15,1.432241814146504e-15
1203.8391494188095,3.8577853246913295e-16,1.175931897043737e-15
1203.8926705137762,2.29822506472568e-16,1.3550284918967736e-15
1203.9461913245514,-1.3178400649949882e-16,1.1050655331928268e-15
1203.9997118511396,-3.311618977108264e-16,1.4022169364303055e-15
1204.0532320935454,-1.8612886441791791e-16,1.2781687042394017e-15
1204.1067520517736,-3.2634583255882134e-16,8.895083448173994e-16
1204.1602717258286,3.8789426855663086e-17,9.25429237331215e-16
1204.2137911157147,4.461013349852649e-16,1.2915607304941104e-15
1204.2673102214367,1.2956714128765373e-15,1.3507739769379906e-15
1204.320829042999,1.1065897433315933e-15,1.5588694856153235e-15
1204.374347580406,2.0162036097974554e-16,1.0084111728916717e-15
1204.4278658336625,1.6961725538121352e-16,1.328471234437391e-15
1204.4813838027728,2.860729128546582e-16,1.1890162572767339e-15
1204.5349014877418,4.1688987940451674e-16,1.1837661912940628e-15
1204.5884188885734,5.080036123195062e-16,1.2543978932260469e-15
1204.6419360052728,2.626791963297008e-16,1.1703441424306817e-15
1204.695452837844,1.35295153083633e-16,1.163841590654507e-15
1204.7489693862917,1.8598235052426292e-16,9.938331880755746e-16
1204.8024856506204,-3.721652185509941e-16,8.320786337926959e-16
1204.856001630835,-1.4445327042113065e-16,1.1368420425813785e-15
1204.909517326939,1.4834232528567226e-16,1.175896587012228e-15
1204.9630327389384,-3.6017794196719934e-16,8.581284026381822e-16
1205.0165478668366,6.010433277054326e-16,1.4889407332256116e-15
1205.0700627106385,5.97281062641005e-16,1.055628031184537e-15
1205.1235772703483,1.4542322085962327e-16,1.093742654202102e-15
1205.177091545971,1.3096834948358255e-16,1.17968134021054e-15
1205.2306055375113,4.084421616230548e-16,1.0607155403538874e-15
1205.284119244973,1.4498480790381707e-15,1.7132560215584504e-15
1205.3376326683613,1.7573999361640135e-15,1.6037371787519826e-15
1205.3911458076802,1.3553949628022517e-15,1.4082693718478594e-15
1205.4446586629344,1.535798018878594e-15,1.5525704530105825e-15
1205.4981712341284,1.6121752883631629e-15,1.517564653871369e-15
1205.5516835212668,4.518646202954868e-16,1.196005131079465e-15
1205.6051955243545,3.447954254796975e-17,1.2514888809154914e-15
1205.6587072433952,2.6348018674494584e-16,1.2216316325666136e-15
1205.712218678394,1.4344878949494365e-15,1.1673418081121478e-15
1205.7657298293552,1.2496504491824427e-15,1.16996881664539e-15
1205.8192406962835,2.518799225800099e-16,1.000558659139173e-15
1205.8727512791834,1.104341944597353e-15,1.3699084134149052e-15
1205.9262615780592,8.409020588055673e-17,9.91431696190935e-16
1205.9797715929155,9.346192447838337e-18,1.0761340395981166e-15
1206.033281323757,1.0234357144446077e-15,1.6092036611500657e-15
1206.0867907705883,6.66748219569952e-16,1.2943382699467785e-15
1206.1402999334136,-3.7039453248145103e-16,8.363296352221752e-16
1206.1938088122374,7.421201617206661e-16,1.0458584869440756e-15
1206.2473174070647,1.530330286353743e-15,1.4508019795980384e-15
1206.3008257178994,6.34882538401444e-16,1.3091833710844643e-15
1206.3543337447463,-5.557765129329878e-16,9.155334487762565e-16
1206.4078414876103,5.596938564098936e-17,1.2736731237193008e-15
1206.4613489464955,8.256489911905722e-16,1.5139335059536047e-15
1206.5148561214062,2.1961356028968701e-16,1.0242549991754517e-15
1206.5683630123474,2.6801987573557225e-16,9.737533315351465e-16
1206.6218696193232,1.0332319950461317e-15,1.3525774025868051e-15
1206.6753759423386,9.905677300891194e-16,1.3448020513957534e-15
1206.728881981398,6.665010878072689e-16,1.303148039257334e-15
1206.7823877365056,-1.6174697684345465e-16,9.40557801901369e-16
1206.835893207666,4.690567888759557e-16,1.142690102143582e-15
1206.889398394884,1.4081430963639749e-15,1.4655762844004297e-15
1206.942903298164,3.371297783759217e-16,1.0057496936915692e-15
1206.9964079175104,3.552848552349527e-16,1.0121065222667285e-15
1207.0499122529277,7.002166200804881e-16,1.3029716125625977e-15
1207.1034163044205,1.8472350467959037e-16,1.300284994914024e-15
1207.1569200719937,5.685242543384541e-16,1.2074739468937686e-15
1207.210423555651,1.0499487383802363e-15,1.1856819820044897e-15
1207.2639267553977,1.6916376294458264e-15,1.6216988162990596e-15
1207.317429671238,-1.3378173503451903e-16,9.165655720222542e-16
1207.3709323031762,6.420373226543292e-16,1.3058457963783456e-15
1207.424434651217,5.142396168057274e-17,9.402856259051273e-16
1207.4779367153653,9.520901763389746e-17,1.1461242460366046e-15
1207.5314384956248,1.033770580670497e-16,1.1202303288808624e-15
1207.5849399920012,1.6841329237889337e-15,1.5610251644985076e-15
1207.6384412044977,1.2022450298261917e-16,1.0749005128090673e-15
1207.6919421331195,-3.4821110752725415e-16,9.974844115701379e-16
1207.7454427778712,7.038441941385978e-16,1.3105214446503873e-15
1207.798943138757,1.5714215303488784e-15,1.4296558571650447e-15
1207.8524432157817,3.933990954452975e-16,8.360332842740106e-16
1207.9059430089499,-7.777192021395173e-16,5.920943089215176e-16
1207.9594425182656,-8.725932916092763e-16,8.099225948878958e-16
1208.0129417437338,7.483917923058438e-16,1.2107490482426068e-15
