trappist-1/STIS/new_bk_means/TRAPPIST-1_G140M_newbk_mean_2018-08.ecsv
# %ECSV 0.9
# ---
# datatype:
# - name: WAVELENGTH
#   unit: Angstrom
#   datatype: float64
# - name: FLUX
#   unit: erg / (Angstrom cm2 s)
#   datatype: float64
# - name: ERROR
#   unit: erg / (Angstrom cm2 s)
#   datatype: float64
# delimiter: ','
# schema: astropy-2.0
WAVELENGTH,FLUX,ERROR
[from data line 251]
1208.1199393431452,6.120093770711334e-16,1.1535529343066116e-15
1208.1734377170976,2.879431350345084e-15,1.926110328456421e-15
1208.2269358072201,1.548911581402336e-15,1.276464815424808e-15
1208.280433613518,3.4722553605675673e-16,1.001196962390624e-15
1208.3339311359948,6.94623267229234e-16,1.3178555048430905e-15
1208.387428374656,-5.960332359826532e-16,7.3598671540694825e-16
1208.4409253295055,3.8283442064830156e-17,9.042493194887828e-16
1208.4944220005482,3.6892956456930595e-16,1.1482402712388353e-15
1208.547918387788,3.0229658707773166e-16,1.0899970412521845e-15
1208.6014144912301,-2.4650265698494263e-16,8.968902188214797e-16
1208.6549103108787,-2.414172756215847e-16,9.640199139759837e-16
1208.7084058467383,-4.362572465779712e-16,9.614078390226281e-16
1208.7619010988137,-3.822113327439223e-16,7.544675733894579e-16
1208.8153960671088,4.520949927937484e-16,1.202529340541831e-15
1208.868890751629,8.782552429515291e-16,1.276518683543591e-15
1208.9223851523782,-2.628432081933418e-17,9.99007226777153e-16
1208.9758792693608,5.589987491152551e-17,1.124411760590856e-15
1209.0293731025818,1.0381747480419801e-16,1.087258247227143e-15
1209.0828666520454,8.171611466487619e-16,1.4146104389063195e-15
1209.136359917756,5.90531794951913e-16,1.2590858185893215e-15
1209.1898528997185,6.351928315647818e-16,1.2172562926282683e-15
1209.2433455979372,7.559742943091584e-16,1.2873613057845459e-15
1209.2968380124166,-9.691945626333647e-16,4.7908756033261305e-16
1209.3503301431613,-4.939455537627516e-16,8.2164796754414e-16
1209.4038219901759,-1.5379298361173784e-16,8.574882362963932e-16
1209.4573135534645,9.837783770654687e-16,1.324967288092034e-15
1209.510804833032,4.3850230669217996e-16,1.1653406607712194e-15
1209.5642958288831,-1.9002762778429717e-16,8.537672228122422e-16
1209.6177865410216,3.6409017341864384e-16,1.1049409191830154e-15
1209.6712769694525,4.2711208919741885e-16,1.3290748414399723e-15
1209.7247671141804,8.290914362027154e-16,1.2611330358623254e-15
1209.7782569752096,1.5464364940119075e-15,1.3618446680972811e-15
1209.8317465525447,6.435037773229271e-16,1.199259927851396e-15
1209.8852358461902,-2.6160020018791324e-16,9.420998799064232e-16
1209.9387248561507,-4.2425821240489635e-16,8.114984523539646e-16
1209.9922135824306,4.235371357536001e-16,1.119289310088318e-15
1210.0457020250344,6.309523082355043e-16,1.4062091113440642e-15
1210.0991901839666,6.519957423973453e-16,1.2577339325670312e-15
1210.1526780592317,1.808275881498302e-16,1.0338580213831688e-15
1210.2061656508342,2.4040991149066747e-16,1.2986234812386749e-15
1210.259652958779,3.0401858502716474e-16,9.970108400785175e-16
1210.3131399830702,2.749165753971648e-16,1.1232362840408236e-15
1210.3666267237122,-7.904948420265275e-16,6.880427797590694e-16
1210.4201131807101,-8.206371117274472e-16,5.514479573846485e-16
1210.4735993540678,1.1045077014983255e-16,1.0955928902062187e-15
1210.52708524379,-1.8103962609508443e-16,9.798512037504314e-16
1210.5805708498815,1.1090544629641296e-15,1.3062124696602174e-15
1210.6340561723464,1.068334550701651e-15,1.2474380955995908e-15
1210.6875412111892,1.2559395212282572e-15,1.1229808761032634e-15
1210.7410259664148,3.8361057665686806e-15,1.5690558253032826e-15
1210.7945104380276,2.482733510704978e-15,1.5136295116144145e-15
1210.847994626032,6.906082754151468e-16,1.407013472045135e-15
1210.9014785304325,-4.062465455348751e-16,7.904316502315989e-16
1210.9549621512335,-6.434220320794673e-16,8.322530371460586e-16
1211.00844548844,-7.849715078824709e-16,6.044495004540098e-16
1211.0619285420557,-7.616684165172795e-16,6.808614513612804e-16
1211.115411312086,5.965273891576121e-16,1.1931448458044973e-15
1211.1688937985348,2.4994966242628135e-16,9.216922575417696e-16
1211.2223760014067,1.436679909439651e-15,1.374637915646031e-15
1211.2758579207066,3.630883988649004e-16,1.0699152195255095e-15
1211.3293395564385,3.9311529423890653e-16,1.077015234024201e-15
1211.3828209086073,2.3829526525638834e-16,8.786883389322347e-16
1211.4363019772172,9.081981261922548e-16,1.2513544148884615e-15
1211.4897827622729,3.7710457027396757e-16,1.082949999643931e-15
1211.543263263779,-4.0351462227914624e-16,6.989203097749941e-16
1211.5967434817398,-3.6593226511524666e-16,8.949302513414218e-16
1211.6502234161599,-3.9988302664711495e-16,8.923163458218169e-16
1211.7037030670435,-4.482276580680925e-16,7.185500951576312e-16
1211.7571824343956,-4.838882874106152e-16,7.092101720050942e-16
1211.8106615182205,2.324670643958092e-16,1.1874009713222904e-15
1211.864140318523,3.75295611421905e-16,1.1458170601836441e-15
1211.917618835307,5.759044348809721e-16,1.1577706582517755e-15
1211.9710970685776,6.085763650772771e-16,1.3096173551719875e-15
1212.0245750183385,-1.5479990053085886e-16,1.0087265917718681e-15
1212.0780526845954,-8.740553018238151e-16,5.552788751903942e-16
1212.131530067352,-1.6796981360730623e-16,7.445558976036825e-16
1212.1850071666129,3.4477481162876022e-16,9.029255747833112e-16
1212.2384839823826,4.1665978507123733e-16,1.082012323671561e-15
1212.2919605146658,-2.790194871872757e-16,7.377198089252426e-16
1212.345436763467,1.1492287787578158e-16,1.0080913769596375e-15
1212.3989127287905,2.0885706327963815e-16,8.84002864365234e-16
1212.4523884106409,-3.817565133384738e-16,6.988821664118679e-16
1212.5058638090227,-4.993096004305067e-16,6.489957514976426e-16
1212.5593389239405,8.102114796243285e-17,1.0903033231028116e-15
1212.6128137553985,-5.364279583005506e-17,8.539407715236613e-16
1212.6662883034019,-2.9050003522866495e-17,9.977343195478744e-16
1212.7197625679546,1.0971470316832774e-16,9.954394969221629e-16
1212.773236549061,3.319984638875768e-16,1.1675727920500356e-15
1212.8267102467262,-6.652386578917141e-18,1.0532444729965123e-15
1212.8801836609541,-1.7846189720189772e-16,8.779820352389063e-16
1212.9336567917496,-4.5742314034602853e-17,7.952459205509535e-16
1212.9871296391173,-6.685116124970923e-16,5.284020286813338e-16
1213.0406022030616,-5.084192261939604e-16,7.61001465315435e-16
1213.0940744835864,9.409602752782054e-17,1.079073564480903e-15
1213.147546480697,-2.0724467485865924e-16,8.092725500550832e-16
1213.2010181943976,-2.311361784518867e-16,8.986750168661757e-16
1213.2544896246927,-7.323861698926928e-16,5.130285942368718e-16
1213.3079607715867,-5.302894759978665e-16,8.263876590246218e-16
1213.3614316350843,-7.515972007329976e-16,7.27661484176809e-16
1213.41490221519,1.4274325827246819e-16,1.0594292808867142e-15
1213.4683725119082,-2.1687851485605104e-16,8.981806608885033e-16
1213.5218425252438,-6.005363877921248e-16,7.004497307437212e-16
1213.5753122552005,3.672697655869133e-16,1.1599800862956543e-15
1213.6287817017835,1.198618242234331e-16,1.025333451095457e-15
1213.682250864997,-1.2146251153819618e-16,8.597996688582088e-16
1213.7357197448457,-3.251939370172085e-16,7.898545388190846e-16
1213.7891883413336,-7.5894010895685505e-16,6.985629893262079e-16
1213.8426566544663,-1.4925353185871132e-16,8.49194628033685e-16
1213.896124684247,8.814746197060084e-16,1.1777081944374066e-15
1213.949592430681,1.879367636820889e-16,9.268896039558284e-16
1214.0030598937724,6.808119276990081e-16,1.2147087381854186e-15
1214.056527073526,-2.4949793632728804e-17,7.776171897694324e-16
1214.1099939699463,2.8737979268213495e-17,9.40262394273048e-16
1214.163460583038,8.935929571292538e-17,9.88232162227893e-16
1214.2169269128049,-1.5218081217409946e-16,8.592117434072647e-16
1214.270392959252,7.159349636543706e-17,9.352399626948236e-16
1214.3238587223836,-4.771398488033536e-16,7.767877303008906e-16
1214.3773242022046,-5.122406003022851e-16,7.687735551634835e-16
1214.4307893987193,-2.242959013453894e-16,7.206457483168157e-16
1214.4842543119319,6.22543016364678e-16,1.1402912658626446e-15
1214.537718941847,-7.046998314710008e-17,9.774386492046418e-16
1214.5911832884694,-2.9966122608759e-16,9.703514549731722e-16
1214.6446473518038,2.4115299170404924e-16,1.0364944247968955e-15
1214.698111131854,1.7509324777815614e-16,9.446643221757808e-16
1214.7515746286247,4.1314182858834964e-16,9.877166399606992e-16
1214.805037842121,-2.513258469265236e-16,6.581334665491089e-16
1214.8585007723466,1.419329319235551e-16,9.229238309171385e-16
1214.9119634193066,1.956303869398426e-16,8.099017883950336e-16
1214.9654257830052,-1.8684970222490086e-16,8.297698671364025e-16
1215.0188878634467,1.2403611479339942e-16,9.710542995074095e-16
1215.0723496606363,1.2344962611927045e-16,9.899043608393269e-16
1215.1258111745778,1.4641396786581455e-15,1.4136954871395853e-15
1215.1792724052762,1.2377736241764432e-15,1.3797910641275968e-15
1215.2327333527353,6.967083288791781e-16,1.2820657207506948e-15
1215.2861940169605,1.2510337184686414e-15,1.4502155846055513e-15
1215.3396543979559,6.853163488345425e-16,1.5559366840404475e-15
1215.3931144957257,9.755387822982203e-16,1.6911223527764592e-15
1215.4465743102749,1.0397052677363354e-15,1.868488926571643e-15
1215.5000338416075,-7.871577518053373e-16,1.8706844389051426e-15
1215.5534930897286,1.9012117597211507e-16,2.8197848253657023e-15
1215.6069520546423,-1.1277185439914709e-15,4.070860193398494e-15
1215.6604107363532,-6.8319880133864485e-16,5.039193798613783e-15
1215.7138691348657,2.388338471063548e-15,4.7509460364774934e-15
1215.7673272501845,1.0199425239681767e-15,3.3154538451975595e-15
1215.820785082314,-7.879691734826975e-16,2.254169380738987e-15
1215.8742426312585,-2.118063813193952e-15,1.7061071610244212e-15
1215.9276998970229,-1.258029976188571e-15,1.5455203788100552e-15
1215.9811568796113,-4.2687048792069423e-16,1.3783270743169188e-15
1216.0346135790285,-2.0589444218791032e-16,9.997687647933392e-16
1216.0880699952788,-7.992692955639052e-16,6.924418469395995e-16
1216.1415261283669,-3.1518462447292967e-16,1.0662109507639537e-15
1216.1949819782974,8.183587329268217e-16,1.2517878210914541e-15
1216.2484375450742,1.1881302097955791e-15,1.123035607916228e-15
1216.3018928287022,7.557067419336398e-16,9.320230470497323e-16
1216.355347829186,7.796985870675646e-17,7.574151466245514e-16
1216.40880254653,-1.8137512540718943e-17,7.234157239433987e-16
1216.4622569807389,-3.2545456598895977e-16,7.424294017788369e-16
1216.5157111318167,-8.369839659195325e-17,8.067167411042889e-16
1216.5691649997684,1.6254685907275014e-16,8.990241531048997e-16
1216.6226185845983,3.6359116291977e-16,9.652295936487897e-16
1216.6760718863106,1.2779583604494542e-15,1.250122073464727e-15
1216.72952490491,1.4282680456710187e-15,1.1117864348197418e-15
1216.7829776404014,5.250349318991161e-16,8.039206115740993e-16
1216.8364300927888,1.035611290075619e-16,8.71393287023276e-16
1216.889882262077,-1.312948422442567e-16,7.77008780987966e-16
1216.9433341482704,-3.3516636463400675e-16,8.429565696477872e-16
1216.9967857513734,-7.825394943633729e-16,4.546586414204732e-16
1217.0502370713905,-6.330934391410239e-16,4.919238807285109e-16
1217.1036881083264,-5.001514721777653e-16,6.385690348098464e-16
1217.1571388621853,1.2619854526505132e-16,9.227563559193293e-16
1217.210589332972,2.067857481361737e-17,8.287483910418054e-16
1217.2640395206909,-4.467100100399258e-16,6.325775973570572e-16
1217.3174894253461,-6.75475915476033e-16,5.867361863125316e-16
1217.3709390469428,-4.1800004594109595e-16,7.148073811101646e-16
1217.4243883854851,-4.270486139211191e-16,7.152854811113677e-16
1217.4778374409775,-7.696871531921683e-16,3.923954341603486e-16
1217.5312862134244,1.9094411752237885e-17,8.779469463320949e-16
1217.5847347028307,-3.733493343934311e-16,5.75061216383248e-16
1217.6381829092006,-1.7089955370519941e-16,6.750431209441139e-16
1217.6916308325385,-6.525463516597803e-16,3.804966061655507e-16
1217.7450784728494,-8.202008231759595e-16,3.656216317577293e-16
1217.798525830137,-2.29618405994096e-16,7.325572480622804e-16
1217.8519729044062,-1.5386866001089695e-17,8.319000973059705e-16
1217.9054196956617,-2.6094161913866128e-17,8.230647802561226e-16
1217.9588662039077,-1.5635223375142617e-16,8.131440788402831e-16
1218.012312429149,8.153921123586484e-17,9.016765007887977e-16
1218.0657583713896,3.482758780606992e-16,9.211029676306988e-16
1218.1192040306346,-3.8262752634291886e-17,6.994408558921684e-16
1218.1726494068882,1.8789262225411068e-17,7.543992146726582e-16
1218.2260945001547,5.772424369801691e-16,1.00748051786749e-15
1218.2795393104388,6.684778827836828e-16,1.0389152635384831e-15
1218.3329838377454,-3.692472671867196e-16,5.755830755265994e-16
1218.386428082078,5.813055267163927e-16,9.500905776578261e-16
1218.439872043442,4.0869374300481996e-16,9.050000503620494e-16
1218.4933157218413,-2.975437160449746e-17,8.050312060990652e-16
1218.5467591172808,2.0671316021254135e-17,8.225836172555693e-16
1218.600202229765,-2.574930112946175e-16,6.955638703650497e-16
1218.653645059298,1.3784255951572203e-16,9.250033236580934e-16
1218.7070876058847,-1.5756189965436636e-16,8.579522923389871e-16
1218.7605298695294,-3.3155402312510107e-16,7.235237926086834e-16
1218.8139718502368,3.3118409437213835e-17,9.12784792550488e-16
1218.867413548011,-4.58701011880824e-16,6.32871846202557e-16
1218.9208549628568,-2.857149297036874e-16,6.611455906549634e-16
1218.9742960947785,2.3511797715014407e-16,8.571151072056718e-16
1219.0277369437808,-3.4230150132123605e-16,5.042559963937461e-16
1219.0811775098682,-4.80470963977438e-16,3.827855838063195e-16
1219.134617793045,-4.2038408390037093e-16,5.337811270192548e-16
1219.1880577933157,-1.6573103823081543e-16,6.688738459075098e-16
1219.241497510685,1.4632688207148634e-16,7.634907023694506e-16
1219.2949369451571,-3.9287697710693067e-16,5.298854169259541e-16
1219.348376096737,-2.8165992901110296e-17,7.552856636646462e-16
1219.4018149654285,5.327965295363901e-16,9.276362787683102e-16
1219.4552535512364,-2.377575734816027e-16,5.633810709073063e-16
1219.5086918541654,-4.224823794124649e-16,5.469205349458183e-16
1219.5621298742203,-1.958512451092619e-16,7.114291934441588e-16
1219.6155676114045,5.121231546077908e-17,7.08590755002096e-16
1219.6690050657232,-5.659114087938352e-17,5.883736411000024e-16
1219.722442237181,7.825330270418566e-17,7.879314673322248e-16
1219.775879125782,-5.229836282020297e-16,3.8226245728950635e-16
1219.8293157315309,-5.62444838624278e-16,4.005703059279076e-16
1219.8827520544326,-3.5540625525755004e-16,5.167793778354957e-16
1219.9361880944907,-2.0926161764440984e-16,6.668146761603125e-16
1219.9896238517103,1.825171805648818e-16,7.138572476882491e-16
1220.0430593260958,4.662893288949833e-16,9.276630954143847e-16
1220.0964945176518,1.9560168327253874e-16,7.590261405866858e-16
1220.1499294263822,3.931087038372019e-16,7.822408725557637e-16
1220.2033640522923,4.759006599396421e-16,9.680578002023211e-16
1220.256798395386,2.9560390491437876e-16,8.250785302658103e-16
1220.3102324556683,6.25618438852559e-16,9.633492436589537e-16
1220.3636662331432,4.892844771846888e-16,8.521725812139291e-16
1220.4170997278156,1.1294665294835983e-15,8.213035273940645e-16
1220.4705329396893,7.998143282321907e-16,1.0270466396485773e-15
1220.52396586877,1.7808423584483978e-16,8.96438223522875e-16
1220.5773985150608,5.349497467062683e-16,9.541267199361778e-16
1220.6308308785672,1.8742984310776092e-16,7.664249601915013e-16
1220.6842629592934,-1.0526895890023806e-16,6.817494264581111e-16
1220.7376947572434,-2.9230369540096593e-16,5.002005803142087e-16
1220.7911262724224,-1.8218617342045095e-16,5.758654914465335e-16
1220.8445575048347,-7.853271232866121e-17,7.472858889258889e-16
1220.8979884544847,-1.5490842039222058e-16,6.975836171985068e-16
1220.9514191213766,2.714848693380367e-16,8.292936954940582e-16
1221.0048495055157,-2.475112077504353e-17,6.553162777048819e-16
1221.0582796069057,-2.5482691497209696e-16,5.234399858377357e-16
1221.111709425551,-4.016588601576763e-16,5.464845946114246e-16
1221.1651389614567,9.926419922085555e-16,9.53313243756677e-16
1221.218568214627,8.201900568775901e-16,8.815942685885586e-16
1221.2719971850668,4.422926431990097e-16,7.355707642847082e-16
1221.3254258727798,8.3235005480294e-17,5.293943579296135e-16
1221.378854277771,-1.4353162380359668e-16,5.284279403894006e-16
1221.4322824000446,7.008243398528105e-17,5.718548126145559e-16
