trappist-1/STIS/new_bk_means/TRAPPIST-1_G140M_newbk_mean_2017-10.ecsv
# %ECSV 0.9
# ---
# datatype:
# - name: WAVELENGTH
#   unit: Angstrom
#   datatype: float64
# - name: FLUX
#   unit: erg / (Angstrom cm2 s)
#   datatype: float64
# - name: ERROR
#   unit: erg / (Angstrom cm2 s)
#   datatype: float64
# delimiter: ','
# schema: astropy-2.0
WAVELENGTH,FLUX,ERROR
[from data line 751]
1234.6033046343737,1.4001391670475942e-16,3.8526448379328234e-16
1234.6566443159638,6.576231572229719e-16,5.388320066245001e-16
1234.7099836806156,1.0136120231749168e-16,3.3277030021341002e-16
1234.7633227283343,4.100594274956976e-17,3.284750975265206e-16
1234.8166614591257,3.08492610292677e-16,3.508510427416744e-16
1234.8699998729958,-9.250192338293276e-17,2.0319128029606585e-16
1234.9233379699497,3.044970316341992e-16,4.29934622375066e-16
1234.976675749993,1.6726401674443568e-16,3.43748582765285e-16
1235.0300132131322,6.836426847810288e-17,3.1323671882672544e-16
1235.083350359372,-5.56077581934639e-17,2.2547057404640974e-16
1235.1366871887185,1.3647490720518656e-16,3.58773338986429e-16
1235.1900237011773,-7.219960564353619e-17,1.7895367310988888e-16
1235.2433598967539,1.0323323349407729e-16,2.5933624725470466e-16
1235.2966957754545,5.124283663491652e-16,4.515143740364718e-16
1235.350031337284,3.34182720665314e-16,3.8339921892149207e-16
1235.4033665822485,4.670098900110301e-16,4.351609614952496e-16
1235.4567015103535,4.2043415646979854e-16,4.570049298799999e-16
1235.5100361216046,3.802170235902136e-16,4.67730856593774e-16
1235.5633704160073,5.548621085375506e-17,2.4938010950660133e-16
1235.616704393568,3.508246306544883e-16,4.798317258064854e-16
1235.6700380542911,4.915346178717022e-16,5.185843621345797e-16
1235.7233713981834,2.6791887017900815e-16,3.8843318824689814e-16
1235.77670442525,1.5326082901885528e-16,3.35847872927305e-16
1235.8300371354967,2.6904161458812826e-16,4.690444307884374e-16
1235.8833695289288,5.646062576623522e-16,5.484595231804897e-16
1235.9367016055526,1.0424813260765729e-16,2.956271735833521e-16
1235.9900333653734,5.804253990642309e-17,2.442762629986441e-16
1236.0433648083965,6.011738328281745e-16,5.114115426853784e-16
1236.096695934628,5.813793639804992e-16,5.184765540970438e-16
1236.1500267440736,7.287318928266702e-16,5.374999986040871e-16
1236.2033572367388,9.382849960483022e-17,3.098736901109016e-16
1236.256687412629,4.602635594253342e-16,5.217962484679368e-16
1236.3100172717502,4.323560976009133e-16,4.483979096878435e-16
1236.3633468141077,4.319355955423721e-16,4.743494017717623e-16
1236.4166760397072,4.45858571786398e-16,5.02182367169917e-16
1236.4700049485548,4.992868707698278e-16,4.530512739629593e-16
1236.5233335406558,2.9291908101436764e-16,4.154519223503329e-16
1236.5766618160158,1.6003016423344276e-16,3.345607472143582e-16
1236.6299897746408,3.028203448227037e-16,3.882646079588121e-16
1236.6833174165358,2.9485983433643195e-16,2.9968097409368786e-16
1236.7366447417069,3.401240109220688e-16,3.971955010995613e-16
1236.7899717501596,1.118762936656492e-16,2.852253044049361e-16
1236.8432984418996,1.9519888822940406e-16,3.5345811812689625e-16
1236.8966248169324,1.2069791264966304e-16,2.946440425502327e-16
1236.9499508752638,3.0783522424960214e-16,3.757638875176568e-16
1237.0032766169,2.860030079581063e-16,3.6592362657641026e-16
1237.0566020418455,2.2111397077133834e-16,3.629234248435535e-16
1237.1099271501066,4.64798472578852e-16,4.808319763429859e-16
1237.163251941689,5.039403046310443e-16,4.403514910229069e-16
1237.216576416598,2.248583384220104e-16,3.0888563206440646e-16
1237.2699005748393,4.838774772838454e-16,4.831679385775847e-16
1237.323224416419,1.7476337594197443e-16,2.261644365206693e-16
1237.376547941342,2.903542362533959e-16,3.586774260292267e-16
1237.4298711496149,3.0097133354227344e-16,4.0596713369787783e-16
1237.4831940412423,4.2980976972973484e-16,4.0767223696660866e-16
1237.5365166162305,2.1478554337887915e-16,3.1195335623449263e-16
1237.5898388745852,4.0572658525030543e-16,3.6873631087601976e-16
1237.6431608163116,3.828460857562443e-16,4.0718486331796544e-16
1237.6964824414156,2.795820850231447e-16,3.6655787949363247e-16
1237.7498037499029,6.807357897671437e-16,5.021920871692213e-16
1237.8031247417787,1.0520908497876662e-15,5.845087439721711e-16
1237.8564454170494,6.902993225278831e-16,4.973874165328329e-16
1237.90976577572,3.4840092478346116e-16,4.0216168176169853e-16
1237.9630858177964,2.8258355342023874e-16,3.5885115399480015e-16
1238.0164055432838,1.8210248677619038e-16,2.234195952624162e-16
1238.069724952189,4.072261102630894e-16,3.562524907080054e-16
1238.1230440445163,4.3446392874236096e-16,3.689710854929841e-16
1238.176362820272,3.234083300575328e-16,3.685491212585119e-16
1238.2296812794616,2.2146895650362797e-16,3.3228354997899337e-16
1238.282999422091,1.9252850297833012e-16,3.442753602252928e-16
1238.3363172481656,2.80535151360103e-16,3.5597582371076855e-16
1238.3896347576908,2.371336206581463e-16,2.698982666052775e-16
1238.442951950673,3.3914256245664613e-16,3.8602201496918605e-16
1238.4962688271169,2.1907331342949905e-16,3.396591365597236e-16
1238.5495853870289,2.8583784389065476e-16,3.9130565829793575e-16
1238.6029016304142,5.744397987271769e-16,4.270917136518803e-16
1238.6562175572783,7.707584383687404e-16,4.600920851842306e-16
1238.7095331676273,3.1017470534334e-16,3.052680276975492e-16
1238.7628484614668,1.8892019335118798e-16,2.7571645627979875e-16
1238.8161634388018,1.213905446053666e-16,1.8181521978255861e-16
1238.8694780996386,3.283149050623841e-16,3.640102756845316e-16
1238.9227924439829,2.494199113469701e-16,2.8057228016732137e-16
1238.97610647184,2.387182964203006e-16,3.4781953533006974e-16
1239.0294201832153,2.3237708216478073e-16,2.8369587637751745e-16
1239.082733578115,3.9463055869174145e-16,3.4546460476151424e-16
1239.1360466565443,5.970553406292368e-16,4.560729310114698e-16
1239.1893594185092,3.29771111011448e-16,3.8516937159937315e-16
1239.2426718640154,4.6148308759833636e-17,1.4984887881993248e-16
1239.295983993068,1.8714835049825403e-16,2.7221712882379965e-16
1239.3492958056725,1.3600819531137944e-16,1.8133500171827135e-16
1239.4026073018356,3.9496357311211426e-17,1.4098163921958168e-16
1239.455918481562,1.2327046218068756e-16,2.3177913739853084e-16
1239.5092293448577,4.940243883867507e-16,4.1037272664234214e-16
1239.5625398917282,2.892892770166357e-16,2.963216545356601e-16
1239.6158501221792,3.170700730219572e-16,3.3628743694532814e-16
1239.6691600362165,3.366314866321642e-16,3.5031626487690163e-16
1239.7224696338453,3.4861448679841915e-16,3.9221641464038543e-16
1239.7757789150717,1.2261460978101258e-16,2.2272441907696923e-16
1239.8290878799012,3.267509318660291e-16,3.56075995397026e-16
1239.8823965283393,9.94602868948043e-17,1.987823050215908e-16
1239.9357048603915,2.107533345125618e-16,2.5295476765484016e-16
1239.9890128760637,2.771126180049267e-16,3.036698717381847e-16
1240.0423205753616,1.8936674478907765e-16,2.850578374622378e-16
1240.0956279582906,1.9528943910810924e-16,3.3327947096815475e-16
1240.1489350248564,2.535213220948658e-16,4.045052438019608e-16
1240.2022417750647,1.9841281208083554e-16,2.37840930133348e-16
1240.2555482089213,2.4142737212195423e-16,2.650806752996196e-16
1240.3088543264314,3.3603427058127135e-16,2.646828317089298e-16
1240.3621601276009,1.7965783316030674e-16,2.1539829701848408e-16
1240.4154656124354,1.9738966226864623e-16,2.221332384973248e-16
1240.4687707809405,1.6298793527668218e-16,2.087572632445865e-16
1240.5220756331219,1.783671745799277e-16,2.407652425821774e-16
1240.575380168985,1.3432789762900609e-16,1.9496540485419563e-16
1240.628684388536,1.1715302762810368e-16,2.14050759198713e-16
1240.6819882917798,3.8215493940977645e-16,3.5725841559426386e-16
1240.7352918787226,1.0240156841635093e-16,1.7106189514009893e-16
1240.7885951493697,1.3994916551037561e-16,2.2088902052540281e-16
1240.8418981037269,2.914193415336724e-16,2.3509078525526597e-16
1240.8952007417997,3.2864084029863547e-16,2.541572544703734e-16
1240.9485030635938,4.814449329907979e-16,3.762177149453546e-16
1241.0018050691149,3.9139356829954626e-16,3.231944249066148e-16
1241.0551067583685,3.185508757337172e-16,2.693786494886542e-16
1241.1084081313604,3.1569638098162976e-16,2.745395879307411e-16
1241.161709188096,5.00478095764032e-16,3.4640964303930836e-16
1241.2150099285811,1.8723808358469017e-16,2.0737921827906853e-16
1241.2683103528213,7.247578991433974e-17,1.425065294031162e-16
1241.321610460822,2.626956738167423e-16,2.651498512131928e-16
1241.3749102525892,1.7730068241392282e-16,1.7236332589557096e-16
1241.4282097281284,1.2976243477294975e-16,1.9091967999403719e-16
1241.4815088874452,3.644303063702831e-17,1.0894804944276919e-16
1241.534807730545,2.097403972267401e-16,2.5143695544491775e-16
1241.588106257434,3.736378336956219e-16,3.935323848622947e-16
1241.6414044681176,1.4540636973044595e-16,2.259073003923182e-16
1241.6947023626008,1.1643457277076375e-16,1.5279841360082973e-16
1241.74799994089,4.3744265509071903e-16,3.8962880980166015e-16
1241.8012972029903,-1.4497897347775453e-17,3.8122248772605086e-17
1241.854594148908,9.843784466496577e-17,1.3223908251020157e-16
1241.9078907786482,3.7077347048052976e-16,3.7951063653514513e-16
1241.9611870922163,2.663476640677936e-16,2.501061256894988e-16
1242.0144830896186,1.9066153748038825e-16,2.2684491784168786e-16
1242.0677787708603,2.2706138681117024e-16,1.9499573156491637e-16
1242.121074135947,3.529714859561406e-16,3.0457317199882864e-16
1242.1743691848847,2.9672812492988815e-16,3.2047328335542934e-16
1242.2276639176787,-3.383887331182794e-17,3.1337653537914917e-17
1242.2809583343346,1.4121112175929602e-16,1.8481217241712678e-16
1242.3342524348584,1.6845736993032754e-16,2.358238659070954e-16
1242.387546219255,1.4658665212110428e-16,2.2103049916957142e-16
1242.4408396875306,9.580484618882988e-17,1.339754046408334e-16
1242.494132839691,1.1703074784410725e-16,1.485179482685833e-16
1242.5474256757414,1.7646051944517578e-16,2.497108288507409e-16
1242.6007181956875,9.969908373874576e-17,1.5443188611146864e-16
1242.654010399535,1.4046771312122717e-17,7.703575151997069e-17
1242.7073022872892,4.492950795006246e-17,1.1103323042392092e-16
1242.7605938589566,4.543015596656394e-17,9.946334320903641e-17
1242.813885114542,9.394664706903877e-17,1.3528677001666423e-16
1242.867176054051,2.108209268407248e-16,2.1463231354169085e-16
1242.92046667749,-2.3130730827327594e-17,5.588913550679614e-17
1242.9737569848637,9.047483926211654e-17,1.5577722172747147e-16
1243.027046976178,1.6824317518317273e-16,2.022107453323973e-16
1243.0803366514392,7.424254726639467e-17,1.3494352895379017e-16
1243.1336260106523,3.435618948549759e-17,1.0918791697303049e-16
1243.1869150538228,1.5216682138009122e-16,1.88791610389436e-16
1243.2402037809566,9.050908304499143e-17,1.3253389804006563e-16
1243.2934921920591,9.644713507187168e-18,7.584696046500188e-17
1243.3467802871364,2.0082208635357477e-16,2.3287574115693416e-16
1243.4000680661936,1.2612950820784928e-16,1.6367224580449455e-16
1243.453355529237,3.333934067934903e-16,3.2993113671545403e-16
1243.5066426762712,8.111130258091536e-17,1.3975800167537536e-16
1243.5599295073023,1.246032053391045e-16,1.4697683315794486e-16
1243.6132160223362,1.3773640622843226e-18,6.129793986795566e-17
1243.6665022213786,3.9590081013617235e-17,1.2885696972963345e-16
1243.7197881044344,9.316446452429458e-17,1.670896754509803e-16
1243.7730736715098,2.0769506141718258e-17,7.636879847772324e-17
1243.8263589226103,4.122640006512156e-17,1.0834086766248509e-16
1243.8796438577417,-3.763868362610653e-18,6.618567723455956e-17
1243.9329284769092,-6.154946284741265e-17,8.858337859970429e-18
1243.9862127801186,1.319987983672806e-16,2.029068323506631e-16
1244.0394967673758,-4.534863779247221e-17,2.6530417698618692e-17
1244.0927804386858,2.837957858168201e-17,1.015083238328654e-16
1244.146063794055,1.7351064734643382e-17,9.215383299046785e-17
1244.1993468334883,-8.621126222733324e-18,7.674598779077636e-17
1244.252629556992,5.100867869464378e-17,1.378916167541733e-16
1244.305911964571,-1.906361210069489e-17,5.650060304137776e-17
1244.3591940562314,2.526429229239495e-16,2.405445803241978e-16
1244.4124758319788,1.4878952133240193e-16,2.0193369147528902e-16
1244.4657572918188,-2.0624866034174055e-17,5.589938460841092e-17
1244.5190384357568,-1.3575482157613952e-17,6.645229018500056e-17
1244.5723192637986,1.70487144930289e-17,9.643277797310928e-17
1244.62559977595,-6.840992448355076e-19,7.89349476401332e-17
1244.678879972216,-1.615006659758597e-17,8.16831037592837e-17
1244.7321598526028,-2.088731685546978e-17,6.97528633180493e-17
1244.7854394171156,-3.468363934875712e-17,6.035469196125314e-17
1244.8387186657606,5.52016103404159e-19,6.694739825908867e-17
1244.8919975985427,-2.1758215558840774e-17,6.013086227492714e-17
1244.9452762154683,-7.666717182659696e-17,8.920868357931718e-18
1244.9985545165425,3.102828980978389e-17,1.1630430816170622e-16
1245.0518325017708,1.9968791275302798e-16,2.0816284631271784e-16
1245.1051101711591,8.10802629479045e-17,1.5668795557717256e-16
1245.158387524713,3.6269617089134644e-17,1.2609115281569398e-16
1245.2116645624383,4.383507807821028e-17,1.3705517402927624e-16
1245.2649412843402,-2.8275799092520513e-17,6.432398589284485e-17
1245.3182176904243,1.6111469800596688e-17,1.0968969306775814e-16
1245.3714937806967,1.945794636719214e-17,1.266117491229795e-16
1245.4247695551626,6.695431430271093e-19,8.792729837510798e-17
1245.478045013828,6.18587198916384e-17,1.4886022144639144e-16
1245.531320156698,8.198235384345326e-17,1.6652822591954384e-16
1245.5845949837785,7.291756428277627e-17,1.4765927682536882e-16
1245.6378694950752,1.6274432856294892e-16,2.0963923105180617e-16
1245.6911436905934,1.8149748346024533e-16,2.506668638751616e-16
1245.7444175703392,-1.902170144237624e-17,8.608585207904898e-17
1245.797691134318,8.425190942403025e-17,1.6384892591021058e-16
1245.850964382535,-2.4282911635961516e-17,7.851581968768678e-17
1245.9042373149966,-1.0111828238392482e-16,9.028855494872588e-18
1245.9575099317078,-2.4891620693943103e-17,1.3089820099846662e-16
1246.0107822326745,-9.98693303721047e-17,1.9351659647335328e-17
1246.064054217902,-9.6562836394774e-17,1.8854635138573946e-17
1246.1173258873962,-4.461032806855684e-17,9.584914422853895e-17
1246.1705972411628,2.03930296519821e-17,1.1002739683638046e-16
1246.223868279207,2.1595976643868376e-17,1.4170208890113866e-16
1246.277139001535,3.068623396937671e-17,1.3307572318899392e-16
1246.3304094081516,-1.795288952918224e-18,1.1587598812276807e-16
1246.3836794990634,-6.94026189603866e-17,5.689338837881625e-17
1246.436949274275,-1.0655397831833624e-16,2.1189761835503255e-17
1246.4902187337932,1.5237212625996278e-16,2.545380299120858e-16
1246.5434878776225,6.470518594598457e-17,1.9140847569069759e-16
1246.5967567057692,1.0285148136820882e-16,2.1598543970179016e-16
1246.6500252182384,1.3493644574389497e-16,2.0603423063093676e-16
1246.7032934150361,1.658449696426484e-16,2.298214670671166e-16
1246.7565612961675,-3.3572530125056233e-18,1.2947901924190998e-16
1246.809828861639,-7.226792533220147e-17,6.904423091213941e-17
1246.8630961114554,7.325764077166617e-17,2.1481725503306435e-16
1246.9163630456228,-8.868788025662061e-17,5.614539644617188e-17
1246.9696296641464,-3.4347156539777336e-17,1.168905209621471e-16
1247.0228959670321,-6.96585787445323e-17,8.761393175895536e-17
1247.0761619542857,-9.613018250452171e-17,5.488554165728775e-17
1247.1294276259123,-3.2032945829206746e-17,1.249416061163524e-16
1247.1826929819179,2.0490766733099878e-19,1.2891273524957248e-16
1247.2359580223078,-8.620381152187311e-17,6.584417646624134e-17
1247.2892227470882,-8.715156170418803e-18,1.2509742449502304e-16
1247.342487156264,8.47721338632048e-17,1.8397013405460304e-16
1247.3957512498412,-7.613464491087079e-17,7.632999028506098e-17
1247.4490150278252,-1.168190995415946e-17,1.5535748022607786e-16
1247.502278490222,1.0951234472587823e-16,1.9136884328441395e-16
1247.5555416370366,1.085510704684607e-16,1.8846654655429354e-16
1247.6088044682754,5.253322138159366e-17,1.5677166047589107e-16
1247.662066983943,-9.658198071111513e-17,7.008895464446428e-17
1247.7153291840461,-1.12798606224246e-16,6.590777027255569e-17
1247.7685910685896,-3.505693016104973e-17,1.4737115415623e-16
1247.8218526375795,1.7483247123228827e-16,2.7356587529945163e-16
1247.8751138910206,1.7452952824286998e-16,2.863306449026736e-16
