trappist-1/STIS/new_bk_means/TRAPPIST-1_G140M_newbk_mean_2018-08.ecsv
# %ECSV 0.9
# ---
# datatype:
# - name: WAVELENGTH
#   unit: Angstrom
#   datatype: float64
# - name: FLUX
#   unit: erg / (Angstrom cm2 s)
#   datatype: float64
# - name: ERROR
#   unit: erg / (Angstrom cm2 s)
#   datatype: float64
# delimiter: ','
# schema: astropy-2.0
WAVELENGTH,FLUX,ERROR
[from data line 502]
1221.5391377964581,2.7551923107603894e-16,8.236998994267119e-16
1221.5925650706067,4.3568017473606457e-16,7.587495937836202e-16
1221.645992062056,5.724692937704951e-16,7.268793115823984e-16
1221.6994187708099,8.155734578197229e-16,9.751505889369103e-16
1221.7528451968733,1.7545476208522589e-16,6.246826227631989e-16
1221.806271340251,1.5877619786009006e-16,7.158316331642862e-16
1221.8596972009468,1.6337045025434207e-17,5.985426213833617e-16
1221.9131227789658,5.559888087872673e-16,7.886926483312294e-16
1221.9665480743126,3.5934843350677515e-17,5.142309052865795e-16
1222.019973086991,2.0888337288397582e-16,7.556739613697596e-16
1222.073397817006,-2.152182769449775e-16,5.706165741865422e-16
1222.1268222643614,4.1193036318947144e-16,7.999828831714724e-16
1222.180246429063,-2.633370774292553e-16,4.572196209387922e-16
1222.2336703111139,2.399209185159636e-17,6.89021402112809e-16
1222.2870939105194,-6.557072490406886e-17,5.014358124302491e-16
1222.3405172272837,3.550317978984598e-16,7.041420400051685e-16
1222.3939402614114,3.6897606907667253e-16,7.334484463993644e-16
1222.4473630129069,-3.616279669889689e-16,3.225817296048489e-16
1222.5007854817748,-1.4024113264086786e-16,3.649447617990677e-16
1222.5542076680197,-3.2142439885048136e-16,3.116000751292731e-16
1222.6076295716452,-9.441245116100504e-17,4.729916517979163e-16
1222.661051192657,-1.861141683196389e-17,5.484771669459761e-16
1222.714472531059,6.620447900501774e-16,7.284164343623188e-16
1222.767893586856,1.0141435066140817e-15,9.621313444493832e-16
1222.8213143600517,-1.2100652280442717e-16,4.585799622491727e-16
1222.8747348506517,-3.077349876949682e-16,4.958764408095586e-16
1222.9281550586595,-3.7600671615422604e-16,4.44179809917647e-16
1222.98157498408,-6.604414497018014e-16,1.8659593204430344e-16
1223.034994626918,-4.469971884013549e-16,3.6954669153846017e-16
1223.088413987177,1.8297070085240968e-16,6.473148785961283e-16
1223.1418330648626,-9.97906826313191e-17,5.369901925259539e-16
1223.1952518599792,-3.388985716261902e-16,3.949804645560286e-16
1223.2486703725303,-2.8604706421319217e-16,4.472651801830969e-16
1223.3020886025213,8.186679886062191e-17,6.124772602957503e-16
1223.3555065499563,3.735303159231306e-16,7.983844629145744e-16
1223.4089242148398,1.5793133600830223e-16,6.293343395243483e-16
1223.4623415971764,2.2374934428425177e-16,5.429343303781199e-16
1223.5157586969704,6.719656362647431e-16,7.20248794152326e-16
1223.5691755142268,2.8092463583410207e-16,5.454851753415457e-16
1223.6225920489492,-5.23455103452156e-16,1.748989656412104e-16
1223.676008301143,-6.437921509772688e-16,1.2878299685666517e-16
1223.729424270812,-2.3574669411507417e-16,4.4102878800877146e-16
1223.782839957961,7.875988899943771e-16,8.099535959907387e-16
1223.8362553625946,7.657194046041798e-16,7.348887380022187e-16
1223.8896704847168,5.4495034569460726e-17,5.147625893247912e-16
1223.9430853243325,-3.2735133273157233e-16,3.519447805249906e-16
1223.9964998814462,-3.1170085457529855e-16,3.280242863355132e-16
1224.049914156062,4.835027998678768e-16,5.708810293999598e-16
1224.1033281481848,8.656225800942225e-16,7.216083213108683e-16
1224.1567418578193,2.479520674213878e-16,6.431713417242584e-16
1224.2101552849692,-3.4913075055983223e-16,3.9847120035944144e-16
1224.2635684296395,4.723751991340405e-16,8.521454833444926e-16
1224.3169812918343,9.516405503960096e-17,5.341023806848079e-16
1224.3703938715585,2.809121200042536e-16,5.92389778044428e-16
1224.4238061688166,2.5183585276806945e-16,5.474644088289906e-16
1224.4772181836126,6.754080933778077e-16,6.664361974636366e-16
1224.5306299159515,1.4061484962312774e-15,9.887912053658565e-16
1224.5840413658377,7.410557734354241e-16,5.989140861436554e-16
1224.6374525332753,2.4537726891488633e-16,6.334733344587999e-16
1224.6908634182694,3.4571558970346677e-16,7.151134124477759e-16
1224.7442740208235,1.6906935743112677e-16,5.703033360423717e-16
1224.7976843409433,-1.6636142756086476e-17,6.668126854860708e-16
1224.8510943786325,1.872391084404734e-16,7.967453806146948e-16
1224.9045041338954,-2.51642395915585e-16,3.705675408202973e-16
1224.9579136067373,-1.0652654202480647e-16,4.616639524265639e-16
1225.011322797162,-1.8285734675940457e-16,3.7486886012967323e-16
1225.0647317051742,-3.311854718496813e-16,4.0544373834135053e-16
1225.1181403307785,2.2415860996380128e-16,5.746596881517697e-16
1225.1715486739793,2.0091530028089054e-16,6.142245973386294e-16
1225.2249567347806,-6.943069846641854e-17,3.8064387294146915e-16
1225.2783645131876,-2.0929944478525098e-16,3.600375003562749e-16
1225.3317720092048,-1.8823302769158934e-16,5.001180924552531e-16
1225.385179222836,-6.05306745481843e-17,4.923775637205824e-16
1225.4385861540861,6.40188624977901e-16,7.318436487922162e-16
1225.4919928029597,1.6761286725757215e-16,5.101061887699983e-16
1225.545399169461,1.4400960153016143e-16,5.253229476921859e-16
1225.5988052535945,1.689247734571121e-16,6.403490901115005e-16
1225.6522110553651,-1.3166322009305464e-16,4.1946434535564845e-16
1225.7056165747765,-3.194162035545181e-17,4.544091504096937e-16
1225.759021811834,7.783727638832271e-17,5.34004981087502e-16
1225.8124267665414,3.858361462459497e-17,4.7873841818125895e-16
1225.8658314389036,4.456984834255383e-16,5.275164249031594e-16
1225.9192358289254,1.82622820358585e-15,8.300627428154742e-16
1225.9726399366102,1.215911544944588e-15,8.271169658458589e-16
1226.0260437619634,-7.531954092697518e-17,4.3345032087959447e-16
1226.0794473049891,2.11063054333695e-17,4.691328892600711e-16
1226.1328505656918,1.738157425008229e-16,5.920246953758433e-16
1226.1862535440764,2.3988683080601756e-16,6.432415558285951e-16
1226.2396562401468,1.7153965925941914e-16,5.240278548151623e-16
1226.2930586539076,1.308276755473677e-16,5.325276782484314e-16
1226.3464607853634,8.277949471852356e-17,4.2517316301049397e-16
1226.399862634519,1.6502148467690855e-16,5.187122570713737e-16
1226.453264201378,4.1029937051864814e-16,7.006429219789037e-16
1226.5066654859459,4.1472569341453096e-16,6.452070296161636e-16
1226.5600664882265,2.0479210998270712e-16,5.756848444209625e-16
1226.6134672082246,2.470469917154938e-16,6.477136864098653e-16
1226.6668676459442,5.906463768533007e-17,4.512657476005076e-16
1226.7202678013903,-3.083433460788498e-16,2.0900125731616027e-16
1226.7736676745674,1.3082261132250235e-16,5.571597273421271e-16
1226.8270672654796,1.7866391453795149e-16,6.137467952056934e-16
1226.8804665741316,-1.270957189674896e-16,3.269438273097118e-16
1226.9338656005277,-2.528940467406081e-16,2.320057426766456e-16
1226.9872643446727,2.112682188145352e-16,5.643166563726512e-16
1227.0406628065705,-5.848364171398397e-17,4.0205763183354733e-16
1227.0940609862264,4.270573691792901e-16,6.695584425143887e-16
1227.147458883644,8.959595567253145e-17,3.846895681472321e-16
1227.2008564988287,-1.1068787439875893e-16,4.0117022584332463e-16
1227.2542538317841,-1.2316518908144532e-16,2.857464193673188e-16
1227.3076508825152,4.2110681896182023e-16,5.010143972702356e-16
1227.361047651026,5.63517952661639e-16,5.093002129862601e-16
1227.4144441373217,3.181474704376711e-16,5.770957153023771e-16
1227.4678403414064,3.38432078662999e-16,5.158074933152604e-16
1227.5212362632844,7.658848110641866e-16,7.829670000336769e-16
1227.5746319029602,1.2012496221069859e-16,4.578181607765723e-16
1227.6280272604386,9.494340024209907e-17,4.904458765095906e-16
1227.6814223357237,-1.9893367446422994e-16,2.357444502489081e-16
1227.7348171288204,-5.797310869835901e-17,3.504561691356202e-16
1227.7882116397327,-1.3466537065188662e-16,3.105349734973676e-16
1227.8416058684656,-2.0221313221790782e-16,3.199054458415815e-16
1227.8949998150229,-5.826552189272974e-17,4.75399942876572e-16
1227.9483934794096,-1.7608511278296762e-16,2.7442397760730224e-16
1228.00178686163,-2.192961309320882e-16,2.5176985298502523e-16
1228.0551799616883,2.711578851931816e-16,5.14033322519562e-16
1228.1085727795898,1.4879954737032444e-16,4.875148919782344e-16
1228.1619653153382,-4.300444314980966e-16,1.5877927302520828e-16
1228.2153575689383,-2.222949469582666e-17,5.591973543237457e-16
1228.2687495403943,-3.020793036343884e-16,2.293238055891795e-16
1228.322141229711,-4.247392594123416e-16,7.073640403634387e-17
1228.3755326368926,-3.668748113277229e-16,1.8377006783845867e-16
1228.4289237619437,9.529163840399843e-17,4.513921803113831e-16
1228.4823146048689,-5.746528798791657e-17,2.659805463984773e-16
1228.5357051656724,-2.116393976761987e-17,3.7565095413518966e-16
1228.5890954443591,-1.0417960245259235e-16,3.1480409686404175e-16
1228.642485440933,7.295106567770093e-17,4.646493626843391e-16
1228.6958751553987,3.8258912460859407e-16,4.800205985573327e-16
1228.7492645877608,4.644774609727239e-16,6.60493591736368e-16
1228.8026537380235,-7.139635530420022e-17,2.9682675868357094e-16
1228.8560426061917,5.830051234530783e-16,6.616201417977782e-16
1228.9094311922697,2.295468758352571e-16,3.9927504401316326e-16
1228.962819496262,1.33870328274753e-16,5.027111657275266e-16
1229.016207518173,-1.1958819555320342e-16,3.3250654288402743e-16
1229.0695952580068,5.441087659932974e-16,5.300381537384046e-16
1229.1229827157683,4.111727364489303e-16,5.023859621758454e-16
1229.176369891462,1.0612168469630944e-16,4.744932703737273e-16
1229.2297567850926,-1.2671803800287768e-16,3.436069148857187e-16
1229.283143396664,-8.443141140940667e-18,3.697814944547162e-16
1229.3365297261807,-2.058462464477635e-16,1.9036776427139723e-16
1229.3899157736475,1.0070474006952457e-16,5.282378760760791e-16
1229.4433015390687,-5.426280975709028e-17,2.428713456621415e-16
1229.4966870224491,2.457806013963399e-16,5.23420924104701e-16
1229.5500722237928,-2.204481778545452e-17,3.575696319130246e-16
1229.6034571431044,8.501025315582381e-17,5.0101393129973e-16
1229.656841780388,2.2067918781521772e-16,4.847854554911817e-16
1229.710226135649,2.933420504842223e-16,5.33137344569397e-16
1229.7636102088907,3.5089895116464957e-16,4.729569456992531e-16
1229.8169940001183,6.874436395322031e-18,2.8247955512285097e-16
1229.870377509336,-3.3783531010649195e-17,3.9315599850865993e-16
1229.9237607365487,7.539198043697495e-17,4.2706446143622454e-16
1229.9771436817607,5.7895061844314904e-18,3.588503845539495e-16
1230.030526344976,7.992932409943373e-17,2.658176511271962e-16
1230.0839087261995,2.794841022277926e-16,5.456776195035989e-16
1230.1372908254355,2.73466374043121e-16,4.512546615621603e-16
1230.1906726426885,3.8560517969973523e-16,4.970966355988501e-16
1230.244054177963,3.124198349883558e-16,4.445360878129735e-16
1230.2974354312635,-3.070689729757643e-17,2.736133884944032e-16
1230.3508164025945,2.1765350650401906e-17,3.52839718516077e-16
1230.4041970919602,4.383812186934467e-16,5.780906207821934e-16
1230.4575774993652,2.0740445837410158e-16,4.0840187778856433e-16
1230.5109576248146,5.754156590263271e-17,4.007373392052012e-16
1230.564337468312,-4.392143810128156e-17,3.178587285163737e-16
1230.617717029862,8.766252014913809e-17,4.338961740342158e-16
1230.671096309469,4.732660707036044e-16,6.218648545389904e-16
1230.7244753071382,-5.829258983400841e-17,2.444526786847511e-16
1230.7778540228737,1.6939855045620597e-16,3.5206649222859355e-16
1230.8312324566796,1.0524089981306185e-16,3.413785990240704e-16
1230.8846106085605,9.422442193944094e-17,4.216184520226287e-16
1230.937988478521,3.5010512135022244e-16,5.711141245621877e-16
1230.9913660665657,1.3035214676496817e-16,4.696907742247663e-16
1231.0447433726988,2.226513087672702e-16,4.103657010038625e-16
1231.098120396925,5.505338580492851e-16,6.238845895557095e-16
1231.1514971392487,-2.952361288040056e-17,1.9073808326429294e-16
1231.2048735996739,1.972818086656938e-16,4.2941567438687026e-16
1231.258249778206,3.6347182587152666e-17,3.4388862197818395e-16
1231.3116256748485,-2.0346672800203306e-16,8.500754839304727e-17
1231.3650012896064,-2.2495301190501536e-16,9.38305807267396e-17
1231.4183766224844,1.9063562860282486e-16,3.523382100519966e-16
1231.4717516734866,6.789800635929991e-16,6.744336340717546e-16
1231.5251264426172,1.5849869034103934e-16,3.616628694339797e-16
1231.578500929881,4.660100621857719e-16,5.816436135469767e-16
1231.6318751352826,2.934367552913964e-16,4.211182092242431e-16
1231.6852490588265,1.5782821936528894e-16,3.725777921839786e-16
1231.7386227005165,3.326179536291383e-16,4.614677945532229e-16
1231.7919960603579,5.2753379084295514e-17,2.2602166483053613e-16
1231.8453691383547,-5.669177273131258e-17,2.274213010650841e-16
1231.8987419345112,2.959012222246122e-16,3.202029974743177e-16
1231.9521144488326,5.767577235585523e-16,6.099222817421347e-16
1232.0054866813225,2.982588341666414e-16,5.501405247226225e-16
1232.058858631986,1.533042292233934e-16,3.43278348480228e-16
1232.1122303008272,1.61319651655445e-16,3.9884393227624766e-16
1232.1656016878505,-2.32695929106762e-18,2.6295256208109055e-16
1232.2189727930606,1.933315547652633e-16,4.429091199494982e-16
1232.2723436164622,-1.316695730630855e-16,1.7765175597950846e-16
1232.3257141580593,-7.055973258735426e-17,2.2057908175900712e-16
1232.3790844178568,3.6841056010280436e-16,5.029721333890048e-16
1232.4324543958587,5.024628176414859e-16,4.924447098143754e-16
1232.4858240920696,1.6894757878970818e-16,3.3079845259719837e-16
1232.5391935064943,3.128635702772827e-17,2.371688588420351e-16
1232.5925626391368,1.721377685487373e-16,3.96865539383514e-16
1232.6459314900017,-2.0021755744872959e-16,5.661643570834804e-17
1232.6993000590935,-1.3492200914383138e-16,1.0655578582943623e-16
1232.752668346417,-8.326122243984558e-17,1.606854678911473e-16
1232.806036351976,5.620497685966681e-17,3.0424568929945784e-16
1232.8594040757755,3.31040523631936e-16,4.3354508919529193e-16
1232.9127715178197,1.1432277961045096e-16,3.2365837072622177e-16
1232.9661386781129,2.546193105569289e-16,4.297112856837085e-16
1233.0195055566603,3.7420163293356633e-16,4.3743133895193246e-16
1233.0728721534656,9.398266112608218e-17,2.633196727853067e-16
1233.1262384685333,2.305510910714504e-16,3.756005024228742e-16
1233.1796045018684,8.792894378053552e-17,3.1952358043488685e-16
1233.2329702534753,-8.439482348097656e-17,1.481011777651918e-16
1233.2863357233578,2.725478996724776e-16,4.462822502818836e-16
1233.3397009115206,1.0055204227448959e-15,6.908245236775054e-16
1233.3930658179688,5.207344431106294e-16,4.638475636946437e-16
1233.446430442706,1.4068241948524608e-16,2.7598916902828235e-16
1233.4997947857373,3.804920821256165e-16,4.2512705471091443e-16
1233.553158847067,-7.48829063661865e-18,1.758112246175605e-16
1233.6065226266994,3.6779180587083605e-16,4.629764575588835e-16
1233.659886124639,2.6846781806986444e-16,4.0674862738975487e-16
1233.7132493408901,2.914041585059722e-16,4.433411759679969e-16
1233.7666122754574,2.4725451273079166e-16,2.9819882164967244e-16
1233.8199749283456,1.607018557409651e-16,2.9133274510738383e-16
1233.8733372995587,1.0369021929010167e-16,3.040033458109497e-16
1233.9266993891015,1.0384497207397868e-16,2.470640946796606e-16
1233.980061196978,2.0177284723718303e-17,2.0305107453333365e-16
1234.0334227231933,1.411743433714063e-16,2.6893424954135177e-16
1234.0867839677512,2.3280059279347257e-16,4.686861065909074e-16
1234.1401449306568,3.7500160524878596e-16,4.825463053319571e-16
1234.193505611914,1.491351094422204e-16,2.2248999374648355e-16
1234.2468660115276,4.63148650233667e-16,4.0032204276862596e-16
1234.300226129502,2.849103626674029e-16,3.620064868292298e-16
1234.3535859658418,4.089008021310088e-16,3.233324550182514e-16
1234.4069455205508,4.453678576439779e-16,4.644854123818507e-16
1234.4603047936344,7.389585864666457e-17,2.522525525384764e-16
1234.5136637850962,3.090033046723702e-16,3.885474345795861e-16
1234.5670224949413,1.0599937312891895e-17,1.8319151745663225e-16
1234.620380923174,-3.520576935030787e-17,1.3502650022961208e-16
1234.6737390697988,-1.1796833449831254e-17,1.5302852500801755e-16
1234.7270969348197,-7.035984652251669e-18,1.578237833887326e-16
1234.7804545182416,5.182481306809427e-16,5.065709206775196e-16
1234.8338118200686,3.6118479968258747e-16,4.415893827382393e-16
