trappist-1/STIS/new_bk_means/TRAPPIST-1_G140M_newbk_mean_2016-09.ecsv
# %ECSV 0.9
# ---
# datatype:
# - name: WAVELENGTH
#   unit: Angstrom
#   datatype: float64
# - name: FLUX
#   unit: erg / (Angstrom cm2 s)
#   datatype: float64
# - name: ERROR
#   unit: erg / (Angstrom cm2 s)
#   datatype: float64
# delimiter: ','
# schema: astropy-2.0
WAVELENGTH,FLUX,ERROR
[from data line 750]
1234.6553236853226,-8.643574420116387e-17,1.0058880338863093e-19
1234.7086741746461,-8.682408912007094e-17,1.018573537407505e-19
1234.762024377423,1.342872628556524e-16,2.2090262846822245e-16
1234.8153742936581,-8.595747754719747e-17,1.010081090233299e-19
1234.8687239233566,-8.606156038072906e-17,1.0168504469204057e-19
1234.9220732665226,1.4414826721711438e-16,2.2904386562276354e-16
1234.9754223231607,-8.439897550528582e-17,9.932649745115984e-20
1235.0287710932757,-8.42539658635949e-17,9.954914792961093e-20
1235.0821195768726,-4.248214282501258e-17,4.123417422297033e-17
1235.1354677739553,6.121986981769931e-17,1.453616637911407e-16
1235.1888156845287,-8.396178772055453e-17,1.0023519743024551e-19
1235.2421633085971,1.8039320406005921e-16,2.6757324589870657e-16
1235.295510646166,3.433441432717886e-17,1.2948429739941272e-16
1235.348857697239,-8.290338572175169e-17,9.954859726306003e-20
1235.4022044618214,-8.198695211736151e-17,9.818397766850068e-20
1235.4555509399174,-8.199392458766947e-17,9.862070671246742e-20
1235.5088971315322,-8.23872112858429e-17,9.975556050675363e-20
1235.5622430366695,-8.198134133268515e-17,9.942030493576884e-20
1235.6155886553347,-8.112651871820888e-17,9.813060565615706e-20
1235.668933987532,-8.063270541404005e-17,9.761522543395958e-20
1235.7222790332664,-8.06556069504548e-17,9.800056581077057e-20
1235.7756237925423,-4.0059916112732965e-17,4.028244021218829e-17
1235.828968265364,5.233578207797515e-16,4.795579982856845e-16
1235.8823124517364,1.0188739229204536e-16,1.8142805787520074e-16
1235.9356563516644,7.526701071968912e-17,1.6511311333328794e-16
1235.9889999651523,-3.508589190334328e-17,8.030018138942378e-17
1236.0423432922046,-7.829920514982195e-17,9.602909086990285e-20
1236.095686332826,-7.815194342789299e-17,9.611603305791733e-20
1236.1490290870215,-7.811835975042884e-17,9.647434292210925e-20
1236.202371554795,-3.784913281779942e-17,4.034625383170435e-17
1236.2557137361518,6.1166617542529e-17,1.3918258217047685e-16
1236.3090556310963,-3.662086988593535e-17,4.058356506512005e-17
1236.3623972396326,6.197966126523221e-17,1.3970967869843486e-16
1236.415738561766,-7.687644054988739e-17,9.605470748548239e-20
1236.469079597501,-7.744640723680461e-17,9.759925489605857e-20
1236.5224203468417,7.407586522048441e-17,1.5069988906529504e-16
1236.5757608097933,2.3898818955057962e-17,1.0085064620593081e-16
1236.6291009863605,2.74682373484759e-16,3.5068014392561773e-16
1236.682440876547,-7.634213534468762e-17,9.710106066519444e-20
1236.7357804803585,-7.535197663029152e-17,9.551820636985958e-20
1236.7891197977988,1.7011163460424164e-16,2.4577873944240353e-16
1236.842458828873,6.230424265882907e-17,1.3787922686406617e-16
1236.8957975735857,-7.490249145550941e-17,9.584727430989331e-20
1236.9491360319412,-3.3709997094753263e-17,4.207738996278888e-17
1237.0024742039443,6.777479291565772e-17,1.4298798737547515e-16
1237.0558120895996,-7.451228479712763e-17,9.621599890246809e-20
1237.1091496889117,-3.344273260378245e-17,4.115512929056509e-17
1237.1624870018852,6.541486632393077e-17,1.3939096101580816e-16
1237.2158240285248,-3.16039490323458e-17,4.199347818236271e-17
1237.269160768835,2.79789750727827e-16,3.622618769952288e-16
1237.3224972228204,-1.8906694745934504e-17,8.707963536951383e-17
1237.3758333904857,-7.329889698530495e-17,9.602011396445271e-20
1237.4291692718357,-3.025099928355911e-17,4.288875035211605e-17
1237.4825048668745,7.200813431183301e-17,1.4430798167768e-16
1237.5358401756073,-7.232168638004274e-17,9.526118676212539e-20
1237.589175198038,-3.0625370759758476e-17,4.126063090236837e-17
1237.6425099341718,6.635478652325875e-17,1.3835990984679267e-16
1237.695844384013,-7.11703659809531e-17,9.39741862663483e-20
1237.7491785475665,1.2996897858032527e-16,2.061606070735701e-16
1237.802512424837,-4.5729058042914465e-17,4.257978094796777e-17
1237.8558460158285,5.1376161165165396e-17,1.3269443612432653e-16
1237.909179320546,-7.125675747602813e-17,9.561250857340277e-20
1237.9625123389942,-2.8664284740626114e-17,4.2071740068949075e-17
1238.0158450711774,6.960445152727984e-17,1.399654749583641e-16
1238.0691775171006,-7.108677100546933e-17,9.641159765184903e-20
1238.122509676768,5.823016013417377e-17,1.279149992194392e-16
1238.1758415501845,4.9782968135550177e-17,1.1919573049059974e-16
1238.229173137355,6.865541299929586e-17,1.3779333610625715e-16
1238.2825044382832,1.8953868923181263e-16,2.535495893534684e-16
1238.3358354529746,2.2826715097884674e-16,2.7984707035058866e-16
1238.3891661814332,1.0519024143021527e-17,8.013023897422454e-17
1238.4424966236638,-6.94833984435805e-17,9.583375070382634e-20
1238.4958267796715,-6.869615149951899e-17,9.465433286226785e-20
1238.54915664946,-6.84864822726376e-17,9.463562832165895e-20
1238.6024862330346,1.3110192589659603e-16,1.9866565648884973e-16
1238.6558155303997,-2.4990659674878258e-17,4.308190090554357e-17
1238.7091445415597,2.726117925371366e-16,3.39535343440876e-16
1238.76247326652,-6.765850298578714e-17,9.414977340416517e-20
1238.815801705284,-6.718433694556301e-17,9.362748719362165e-20
1238.8691298578572,-6.695366445008074e-17,9.346822225592746e-20
1238.922457724244,-2.440609737164306e-17,4.2969540627230844e-17
1238.9757853044487,7.338173985530116e-17,1.399887151623587e-16
1239.029112598476,-2.6132391701089694e-17,4.0675149607315574e-17
1239.082439606331,3.075614981940191e-16,3.735729009448759e-16
1239.135766328018,1.0608383015600405e-16,1.724080529679843e-16
1239.1890927635416,6.476391448499119e-17,1.302881482274113e-16
1239.2424189129063,-6.54746645178134e-17,9.277414383958332e-20
1239.2957447761164,-6.527066892803149e-17,9.269008974889001e-20
1239.3490703531775,-2.310108901965692e-17,4.2460093040092946e-17
1239.402395644093,1.145889459428841e-16,1.7988651305095307e-16
1239.4557206488682,7.442052262882979e-17,1.3848567777696588e-16
1239.5090453675082,-2.3954129201728448e-17,4.07458895873599e-17
1239.5623698000163,6.735386219571789e-17,1.309944773784871e-16
1239.6156939463983,-6.458980434485132e-17,9.322778019032211e-20
1239.669017806658,-6.433410338984447e-17,9.309545355399348e-20
1239.7223413808008,1.3986836795880024e-16,2.040278004573889e-16
1239.7756646688304,-2.244401157628588e-17,4.180483730640256e-17
1239.828987670752,2.6045556070089784e-16,3.238125969955769e-16
1239.88231038657,-6.419832584989358e-17,9.406352909292225e-20
1239.9356328162892,-6.273641519436675e-17,9.14372659386058e-20
1239.9889549599138,-2.2141605093562877e-17,4.165523656840557e-17
1240.0422768174487,6.788417802114363e-17,1.3245628011390579e-16
1240.0955983888987,-9.926553842672787e-17,3.101168031394541e-18
1240.1489196742682,2.0287801352661919e-16,2.9709838124928956e-16
1240.2022406735614,-1.341581545962627e-16,6.2811947910943545e-18
1240.2555613867835,-6.169675872792496e-17,9.123965781566665e-20
1240.3088818139388,-6.182017764501187e-17,9.178116419107411e-20
1240.3622019550319,-6.114565297429387e-17,9.068297335776743e-20
1240.415521810068,1.3886094006955594e-16,1.9986532542103142e-16
1240.4688413790507,-6.118750696759421e-17,9.140621815354562e-20
1240.5221606619853,-6.04282885753656e-17,9.015276699538095e-20
1240.575479658876,-6.110459007990202e-17,9.176502623381019e-20
1240.628798369728,-6.095060570397087e-17,9.184170425927525e-20
1240.6821167945452,-6.060555125601064e-17,9.132428094955665e-20
1240.7354349333327,-6.117315158197242e-17,9.276594741655606e-20
1240.7887527860946,-1.8712391773876562e-17,4.1557769548440726e-17
1240.8420703528363,2.6446723300649533e-16,3.250333465144276e-16
1240.8953876335618,-5.983662349795022e-17,9.092217540450377e-20
1240.9487046282754,-6.019334899187096e-17,9.19002290490089e-20
1241.0020213369826,-5.954815221881371e-17,9.087290735127228e-20
1241.0553377596873,-5.965091497480276e-17,9.152148411786707e-20
1241.1086538963943,-5.873173131271907e-17,8.982235582671934e-20
1241.1619697471085,-6.001196684717236e-17,9.26271827055859e-20
1241.2152853118341,-5.946672252255942e-17,9.18012511059082e-20
1241.268600590576,-1.433913796520849e-17,4.429995386198894e-17
1241.3219155833383,2.7755917208175095e-16,3.361538318975556e-16
1241.375230290126,-5.903622115846969e-17,9.176444481534429e-20
1241.4285447109437,-1.5191434822603025e-17,4.252178699576349e-17
1241.481858845796,7.253328589647633e-17,1.3068260867563466e-16
1241.5351726946874,-1.7038485875995045e-17,4.1827732497974934e-17
1241.5884862576227,6.966568864603661e-17,1.2820611523859246e-16
1241.6417995346064,-5.754312932701183e-17,8.987354828941973e-20
1241.6951125256428,-1.6053693006459962e-17,4.249145657805751e-17
1241.7484252307372,7.313597556320114e-17,1.2973152296012377e-16
1241.8017376498933,-5.688996731252079e-17,8.935316924434584e-20
1241.8550497831163,1.345063258184953e-16,1.9103005175573018e-16
1241.9083616304106,3.31414872653476e-16,2.748793042051046e-16
1241.9616731917808,1.917456986436434e-17,7.603404822749694e-17
1242.014984467232,6.311924127536218e-17,1.2019383456215706e-16
1242.068295456768,-5.715635194540169e-17,9.098214464928412e-20
1242.1216061603936,-5.637005513150127e-17,8.967506060811157e-20
1242.1749165781139,-5.55505227642988e-17,8.828460649143294e-20
1242.2282267099329,1.3990674820272174e-16,1.9541454222743362e-16
1242.2815365558556,1.408849243846491e-16,1.9694496253454823e-16
1242.3348461158864,-5.568672576682041e-17,8.915103950471086e-20
1242.38815539003,-5.618950202414207e-17,9.038192526573203e-20
1242.441464378291,-1.1455053665566187e-17,4.4759059241493244e-17
1242.4947730806737,7.857995369199452e-17,1.3416483637027862e-16
1242.5480814971831,-5.5226776357757445e-17,8.914451520861619e-20
1242.6013896278241,-5.536183550043696e-17,8.969370859959429e-20
1242.6546974726004,-9.26732735890701e-18,4.5244760891565414e-17
1242.7080050315171,7.977678296780554e-17,1.3490457929753331e-16
1242.7613123045787,-5.4790662886625195e-17,8.91062073702334e-20
1242.8146192917902,-5.5185272383658113e-17,9.017450679035393e-20
1242.8679259931555,-5.3591029922131354e-17,8.711311935472658e-20
1242.9212324086795,-5.440706166576317e-17,8.8927426168363e-20
1242.974538538367,-9.365920727370102e-18,4.427586712725421e-17
1243.0278443822224,1.2105366238276637e-16,1.7519813363848143e-16
1243.0811499402505,1.1989290436610723e-16,1.7346964184866967e-16
1243.1344552124556,1.1450269546047263e-16,1.6825417232429677e-16
1243.1877601988422,7.234838620584062e-17,1.2573838190204754e-16
1243.2410648994155,-5.388710242737813e-17,8.899358563323484e-20
1243.2943693141797,-5.338342577386706e-17,8.818791429488413e-20
1243.3476734431392,1.326895617724613e-16,1.8584559910672234e-16
1243.400977286299,-5.31351555776432e-17,8.814018475448071e-20
1243.4542808436634,-1.0335052607085405e-17,4.2067790155002234e-17
1243.5075841152373,7.008540626845476e-17,1.2288774777801046e-16
1243.560887101025,-5.2099077141577545e-17,8.6578045182693e-20
1243.6141898010314,-5.2789079977502756e-17,8.813258913084034e-20
1243.6674922152606,-5.191512979386621e-17,8.658483415487601e-20
1243.7207943437177,-5.227689445832937e-17,8.745725534101703e-20
1243.774096186407,-5.1960759266441045e-17,8.695092837732884e-20
1243.8273977433332,-5.2896738631230836e-17,8.909943805591931e-20
1243.880699014501,1.8108212301296508e-16,2.3277376265431943e-16
1243.933999999915,9.622785366787139e-17,1.5869328300835636e-16
1243.9873006995795,2.3252622781205575e-17,1.0245613546701639e-16
1244.0406011134992,-5.1846228959011786e-17,8.766268246695929e-20
1244.0939012416789,-5.1316555320656044e-17,8.676191690030386e-20
1244.147201084123,-5.167259607471897e-17,8.761508147472627e-20
1244.200500640836,-8.895434569272494e-18,4.3406221359824705e-17
1244.2537999118233,7.268404270632635e-17,1.2435185768842626e-16
1244.307098897088,-5.2097770271152625e-17,8.886125701745289e-20
1244.3603975966362,1.3889947090158612e-16,1.9998637672113217e-16
1244.4136960104718,7.722427013661121e-18,8.66740737312172e-17
1244.4669941385991,7.117636402071831e-17,1.2134013028280123e-16
1244.5202919810235,-4.999787494373804e-17,8.533322669022864e-20
1244.5735895377488,-5.0956984395907545e-17,8.73623213081655e-20
1244.62688680878,-5.026279291075509e-17,8.613111120269969e-20
1244.6801837941216,-7.069866752449892e-18,4.344817355943726e-17
1244.7334804937782,7.245411510193218e-17,1.2290367702856577e-16
1244.7867769077545,-5.0461842705323896e-17,8.695778761778188e-20
1244.840073036055,2.1165025169356776e-16,2.3658014124869243e-16
1244.8933688786842,1.904043265477902e-16,1.7237164101396205e-16
1244.9466644356469,-3.854899525045828e-17,2.0601040040491776e-17
1244.9999597069475,3.756128190553954e-17,1.2486223199480277e-16
1245.0532546925906,7.375390502510744e-17,1.2242646021750647e-16
1245.1065493925812,4.2082270246721495e-17,6.479259355102182e-17
1245.159843806923,2.0676509560234608e-16,1.8127518733997174e-16
1245.2131379356217,1.4738676859992614e-16,1.9678857577480816e-16
1245.266431778681,-4.191919426131217e-17,1.573966609133503e-17
1245.3197253361059,4.1594149624305584e-16,3.893497467191752e-16
1245.373018607901,1.466478788775779e-16,1.948438154194797e-16
1245.426311594071,4.137526363932794e-16,4.617116203849412e-16
1245.47960429462,-4.8660225805283634e-17,8.495975510580335e-20
1245.5328967095534,-1.999373595827142e-18,4.587048815914137e-17
1245.586188838875,1.1987691762491753e-16,1.686113763821417e-16
1245.6394806825895,6.711652131020159e-17,1.1559018410957953e-16
1245.692772240702,1.40104558374805e-16,1.8886427146828538e-16
1245.7460635132165,-5.8078534248908084e-18,4.3133403023803797e-17
1245.7993545001382,7.078318543471188e-17,1.185433855320075e-16
1245.852645201471,-4.3482800517067924e-18,4.345603051971282e-17
1245.9059356172202,7.110461275140905e-17,1.190887092694827e-16
1245.9592257473896,-4.7154333857896366e-17,8.27568800334889e-20
1246.0125155919848,-4.814580029721503e-17,8.480939374066231e-20
1246.0658051510095,-4.770134300300266e-17,8.407966911741118e-20
1246.1190944244686,3.2506754195811253e-16,2.6364344109895547e-16
1246.1723834123668,-4.712509621330551e-17,8.297816544576597e-20
1246.2256721147085,-4.808149592831615e-17,8.513092544423525e-20
1246.2789605314986,-4.655259677591063e-17,8.203192030026009e-20
1246.3322486627414,-3.795869657932424e-18,4.379150584125224e-17
1246.3855365084414,1.8821477528750764e-16,2.6379935137230523e-16
1246.4388240686035,-4.725776503464361e-17,8.374945877452827e-20
1246.4921113432322,-4.6837025786104514e-17,8.291803222309424e-20
1246.545398332332,-4.7349069439266387e-17,8.404599031434215e-20
1246.5986850359075,3.990944406007265e-20,4.707054952751503e-17
1246.6519714539634,7.920345245611084e-17,1.2636479445038332e-16
1246.705257586504,-4.6803593650624804e-17,8.319643737733445e-20
1246.7585434335342,4.418546048910753e-17,1.3012766366088971e-16
1246.8118289950587,-4.619517855633524e-17,8.206118407140139e-20
1246.8651142710817,-4.624434136017647e-17,8.219503545625102e-20
1246.918399261608,-4.618145350175707e-17,8.218708831766327e-20
1246.971683966642,-1.8243683121541976e-18,4.4056378998731406e-17
1247.0249683861887,7.05167926293381e-17,1.1703531290233443e-16
1247.0782525202524,-4.619045497847645e-17,8.227449366365418e-20
1247.1315363688375,-4.626401743875269e-17,8.250241926443167e-20
1247.184819931949,-4.566755879339766e-17,8.135062461357715e-20
1247.2381032095911,-4.615806573908743e-17,8.238912852449138e-20
1247.291386201769,1.4072445539927594e-16,1.8621191854679155e-16
1247.3446689084865,-4.542231070685635e-17,8.097158715554895e-20
1247.3979513297486,-4.5581710130608557e-17,8.128482140922125e-20
1247.4512334655599,4.79727751401056e-19,4.589541760681711e-17
1247.5045153159251,1.4902146474130387e-16,2.3799926378972822e-16
1247.5577968808484,6.440186663150454e-17,1.1004244973296984e-16
1247.6110781603347,-2.0112742094564905e-17,3.319161296455916e-17
1247.6643591543886,2.1075674214661495e-17,8.655129115319789e-17
1247.7176398630145,-4.5473137956529686e-17,8.136072994153378e-20
1247.770920286217,-4.4879185323767985e-17,8.018046091036535e-20
1247.8242004240008,4.167660708534587e-17,6.164250815279924e-17
1247.8774802763705,1.8103452053227724e-16,1.5987258796216488e-16
1247.9307598433309,1.431209167984535e-16,1.8836103290355043e-16
