trappist-1/STIS/new_bk_means/TRAPPIST-1_G140M_newbk_mean_2016-11.ecsv
# %ECSV 0.9
# ---
# datatype:
# - name: WAVELENGTH
#   unit: Angstrom
#   datatype: float64
# - name: FLUX
#   unit: erg / (Angstrom cm2 s)
#   datatype: float32
# - name: ERROR
#   unit: erg / (Angstrom cm2 s)
#   datatype: float32
# delimiter: ','
# schema: astropy-2.0
WAVELENGTH,FLUX,ERROR
[from data line 341]
1212.3607574116493,-2.9534603e-17,1.8547435e-19
1212.4138775075628,-2.8719095e-17,1.8394435e-19
1212.466997391536,-3.2722372e-17,1.9124294e-19
1212.520117063571,-2.9336013e-17,1.850187e-19
1212.5732365236709,-3.2152355e-17,1.9042234e-19
1212.626355771838,-3.0999073e-17,1.8780212e-19
1212.6794748080747,-3.144458e-17,1.8885752e-19
1212.7325936323834,-2.566172e-17,1.7728462e-19
1212.7857122447674,-3.187565e-17,1.8950065e-19
1212.8388306452282,-2.7292136e-17,1.8037106e-19
1212.8919488337692,-2.9276493e-17,1.8393374e-19
1212.9450668103923,-2.9221694e-17,1.8402564e-19
1212.9981845751006,9.035978e-16,9.358136e-16
1213.051302127896,8.6237134e-16,8.906533e-16
1213.1044194687818,8.853041e-16,9.17337e-16
1213.1575365977599,-2.8180684e-17,1.81699e-19
1213.2106535148332,-2.8481748e-17,1.8217911e-19
1213.2637702200038,-3.1060093e-17,1.8731492e-19
1213.3168867132747,-2.6933467e-17,1.7931037e-19
1213.3700029946483,8.912744e-16,9.217655e-16
1213.4231190641271,-3.0093645e-17,1.8515679e-19
1213.4762349217135,-2.9344864e-17,1.8365714e-19
1213.5293505674103,-2.7329386e-17,1.7973315e-19
1213.5824660012202,-3.0546827e-17,1.8581244e-19
1213.635581223145,-2.695358e-17,1.7885453e-19
1213.6886962331878,-2.7834204e-17,1.8015713e-19
1213.741811031351,-2.9128636e-17,1.8294339e-19
1213.7949256176373,8.890425e-16,9.204332e-16
1213.848039992049,-2.6574297e-17,1.7765794e-19
1213.9011541545888,-3.2288618e-17,1.887561e-19
1213.9542681052592,8.4703115e-16,8.7514364e-16
1214.0073818440626,-3.2438897e-17,1.889986e-19
1214.0604953710015,-2.703023e-17,1.7825585e-19
1214.1136086860788,8.934988e-16,9.259599e-16
1214.1667217892966,-2.6803916e-17,1.7764617e-19
1214.2198346806579,8.795899e-16,9.099245e-16
1214.2729473601646,-2.7996556e-17,1.7969659e-19
1214.3260598278198,-3.3259364e-17,1.9040328e-19
1214.379172083626,8.41929e-16,8.686817e-16
1214.4322841275855,-3.3079277e-17,1.8978364e-19
1214.485395959701,-2.7051987e-17,1.7806972e-19
1214.5385075799747,8.984634e-16,9.304737e-16
1214.5916189884094,-2.843063e-17,1.8063293e-19
1214.6447301850078,-2.898834e-17,1.8170701e-19
1214.6978411697721,-3.070534e-17,1.8491272e-19
1214.7509519427051,-3.070934e-17,1.8508695e-19
1214.804062503809,2.2940379e-17,8.6749774e-16
1214.857172853087,1.8096408e-15,1.281506e-15
1214.910282990541,-1.1519547e-18,1.7747469e-19
1214.9633929161737,-1.6866685e-18,1.7974273e-19
1215.0165026299874,-1.5569277e-18,1.8270082e-19
1215.0696121319852,-8.032236e-19,1.7563274e-19
1215.1227214221692,-9.179093e-16,1.7973293e-19
1215.1758305005421,-2.873613e-17,1.8082583e-19
1215.2289393671065,-2.5342903e-16,1.7585701e-19
1215.2820480218645,2.3655921e-15,1.492378e-15
1215.3351564648194,1.7777774e-16,1.4774856e-15
1215.3882646959732,-1.3291728e-15,1.7322779e-15
1215.4413727153283,-1.2525793e-15,3.4829254e-15
1215.4944805228874,4.470494e-15,4.8732584e-15
1215.5475881186535,2.42658e-15,4.814407e-15
1215.6006955026285,7.845583e-15,4.445279e-15
1215.6538026748153,-7.1632655e-16,2.3808995e-15
1215.706909635216,2.9228083e-15,2.326798e-15
1215.760016383834,6.0388907e-16,1.4789853e-15
1215.8131229206706,-3.099887e-17,1.8421482e-19
1215.8662292457298,9.559274e-16,9.190191e-16
1215.9193353590126,7.676462e-16,7.9089605e-16
1215.9724412605224,8.078711e-16,8.329139e-16
1216.025546950262,8.1201163e-16,8.3648146e-16
1216.0786524282332,8.015725e-16,8.28954e-16
1216.1317576944389,4.5192252e-17,2.4290658e-16
1216.1848627488816,-2.6565691e-17,1.7521662e-19
1216.237967591564,-2.919883e-17,1.8025952e-19
1216.2910722224883,-2.4070865e-17,1.706325e-19
1216.3441766416572,-4.1825776e-18,1.2760195e-16
1216.3972808490735,8.550021e-16,8.818487e-16
1216.4503848447391,-2.3562964e-17,1.6911214e-19
1216.5034886286571,-2.7318065e-17,1.7629373e-19
1216.5565922008298,-2.5188622e-17,1.7242475e-19
1216.60969556126,-2.6497565e-17,1.7480207e-19
1216.6627987099496,-2.3399777e-17,1.6866116e-19
1216.715901646902,-2.5500752e-17,1.729639e-19
1216.7690043721188,8.415398e-16,8.6613275e-16
1216.8221068856033,-2.8053033e-17,1.7776144e-19
1216.8752091873575,-2.409264e-17,1.7008139e-19
1216.9283112773844,-2.411121e-17,1.7020022e-19
1216.9814131556861,1.6744707e-15,1.2016428e-15
1217.0345148222657,8.2520777e-16,8.4809926e-16
1217.0876162771249,-2.5035993e-17,1.7167135e-19
1217.140717520267,-2.5946664e-17,1.7372746e-19
1217.1938185516942,-2.681873e-17,1.7530525e-19
1217.2469193714087,-2.250912e-17,1.6684387e-19
1217.300019979414,-2.5885264e-17,1.7345214e-19
1217.3531203757116,-2.2899274e-17,1.676413e-19
1217.4062205603043,8.6185475e-16,8.886479e-16
1217.4593205331955,-2.1134665e-17,1.6424055e-19
1217.5124202943864,-2.7536474e-17,1.7692371e-19
1217.5655198438803,-2.1828034e-17,1.6570792e-19
1217.6186191816796,-2.5523468e-17,1.7284298e-19
1217.6717183077867,7.612641e-16,7.8288285e-16
1217.7248172222044,-2.5810396e-17,1.73552e-19
1217.777915924935,-2.2224353e-17,1.663465e-19
1217.8310144159811,-2.5108588e-17,1.7214532e-19
1217.8841126953455,-2.1269649e-17,1.645299e-19
1217.9372107630302,-3.0135487e-17,1.8223588e-19
1217.9903086190382,-2.2813317e-17,1.6766478e-19
1218.0434062633717,1.6818139e-15,1.2093274e-15
1218.0965036960333,-2.3549913e-17,1.689881e-19
1218.149600917026,7.812187e-16,8.060154e-16
1218.2026979263514,-2.3176999e-17,1.6807497e-19
1218.255794724013,-2.404159e-17,1.7005514e-19
1218.3088913100125,-2.5035237e-17,1.7162668e-19
1218.3619876843532,-2.4629695e-17,1.711854e-19
1218.415083847037,-2.7311075e-17,1.7633505e-19
1218.4681797980668,-2.2632565e-17,1.6719618e-19
1218.521275537445,-2.3422453e-17,1.6878578e-19
1218.574371065174,7.8787654e-16,8.107231e-16
1218.6274663812567,-2.2055421e-17,1.6601256e-19
1218.6805614856955,-2.3009786e-17,1.6763302e-19
1218.7336563784927,-2.2760232e-17,1.6730865e-19
1218.786751059651,-2.4345108e-17,1.70268e-19
1218.8398455291726,-2.1784812e-17,1.6542768e-19
1218.8929397870606,-2.4476428e-17,1.7070631e-19
1218.9460338333174,-2.2325224e-17,1.6630795e-19
1218.9991276679452,7.990018e-16,8.2305027e-16
1219.052221290947,-2.1517022e-17,1.6471397e-19
1219.105314702325,-2.5612015e-17,1.7311569e-19
1219.1584079020815,-1.9596754e-17,1.6120729e-19
1219.2115008902194,-2.1934307e-17,1.6574058e-19
1219.2645936667413,-2.3970832e-17,1.6942591e-19
1219.3176862316495,8.1102806e-16,8.331753e-16
1219.3707785849465,-2.1344684e-17,1.6436645e-19
1219.4238707266352,-2.539952e-17,1.7237002e-19
1219.4769626567177,-2.2597676e-17,1.6707048e-19
1219.5300543751966,-1.8949897e-17,1.5953308e-19
1219.5831458820749,-2.2269555e-17,1.6620623e-19
1219.6362371773546,-2.0372042e-17,1.6259278e-19
1219.689328261038,-2.3285657e-17,1.6799609e-19
1219.7424191331286,-2.1365865e-17,1.6434344e-19
1219.795509793628,-2.5101361e-17,1.718429e-19
1219.848600242539,-2.2345217e-17,1.6615698e-19
1219.9016904798648,-2.3811478e-17,1.692766e-19
1219.954780505607,7.7678337e-16,7.9594924e-16
1220.0078703197682,-2.3549339e-17,1.6858082e-19
1220.0609599223512,-1.9752266e-17,1.610705e-19
1220.114049313359,-2.1104367e-17,1.6371712e-19
1220.1671384927934,-2.3328469e-17,1.6829884e-19
1220.220227460657,8.073106e-16,8.320455e-16
1220.2733162169527,-1.8581056e-17,1.589432e-19
1220.3264047616829,-2.2374642e-17,1.6635132e-19
1220.3794930948502,-2.2910203e-17,1.6733083e-19
1220.4325812164568,-2.0656827e-17,1.6309361e-19
1220.4856691265052,-2.2019153e-17,1.6550182e-19
1220.5387568249985,-2.3241012e-17,1.679592e-19
1220.591844311939,7.861696e-16,8.0780855e-16
1220.6449315873288,-2.0763625e-17,1.6238324e-19
1220.6980186511712,7.5930273e-16,7.812172e-16
1220.751105503468,-2.1898998e-17,1.6449732e-19
1220.8041921442218,-2.2379236e-17,1.6589324e-19
1220.8572785734357,-2.1019245e-17,1.6343516e-19
1220.9103647911115,-2.1961065e-17,1.6524471e-19
1220.9634507972523,7.478466e-16,7.688884e-16
1221.0165365918604,-2.3404844e-17,1.6824709e-19
1221.0696221749386,7.819909e-16,7.846689e-16
1221.122707546489,-2.3198823e-17,1.678251e-19
1221.1757927065141,7.2609533e-16,7.4518406e-16
1221.228877655017,-2.1978356e-17,1.6507402e-19
1221.2819623919995,-1.713864e-17,1.5571601e-19
1221.3350469174645,7.9126356e-16,8.143379e-16
1221.388131231415,-1.844547e-17,1.5807009e-19
1221.4412153338526,-2.2331026e-17,1.6565355e-19
1221.4942992247804,-1.9235283e-17,1.5924108e-19
1221.547382904201,-2.3296774e-17,1.6731557e-19
1221.6004663721167,7.6990456e-16,7.888339e-16
1221.65354962853,7.6711804e-16,7.904863e-16
1221.7066326734432,-1.8289175e-17,1.573268e-19
1221.7597155068595,-1.968531e-17,1.602458e-19
1221.812798128781,7.4420553e-16,7.6430636e-16
1221.8658805392101,-1.8295136e-17,1.5781e-19
1221.9189627381495,-1.9788188e-17,1.6049633e-19
1221.972044725602,-2.1407155e-17,1.6400537e-19
1222.0251265015697,7.1271724e-16,7.3136287e-16
1222.0782080660551,-2.3154084e-17,1.6723578e-19
1222.1312894190612,7.701104e-16,7.8887747e-16
1222.1843705605902,-2.053932e-17,1.6194833e-19
1222.2374514906446,-1.9077869e-17,1.5939821e-19
1222.2905322092272,7.704198e-16,7.9182763e-16
1222.3436127163397,-1.9225947e-17,1.5940476e-19
1222.396693011986,-2.2253097e-17,1.6565436e-19
1222.4497730961675,-1.8562547e-17,1.5813553e-19
1222.5028529688873,-2.1717523e-17,1.6448198e-19
1222.5559326301477,-1.8549949e-17,1.5790918e-19
1222.6090120799513,-2.0239308e-17,1.6128144e-19
1222.6620913183003,7.8042206e-16,8.0080284e-16
1222.7151703451977,-1.9600008e-17,1.6003125e-19
1222.768249160646,-1.9422047e-17,1.5957606e-19
1222.8213277646473,-1.6390068e-17,1.5364045e-19
1222.8744061572045,-2.0554135e-17,1.6168323e-19
1222.92748433832,-1.8196946e-17,1.5712669e-19
1222.9805623079965,7.1263063e-16,7.307819e-16
1223.0336400662363,-2.1158906e-17,1.6296917e-19
1223.0867176130419,-1.7275745e-17,1.554719e-19
1223.139794948416,-1.5988713e-17,1.5244325e-19
1223.192872072361,-1.909368e-17,1.5875429e-19
1223.2459489848798,-1.5496099e-17,1.5170529e-19
1223.2990256859744,-2.06968e-17,1.6175658e-19
1223.3521021756476,-1.7874925e-17,1.5662679e-19
1223.4051784539017,-1.8560823e-17,1.5777503e-19
1223.4582545207395,-1.7750106e-17,1.5605949e-19
1223.5113303761634,-1.6853775e-17,1.5462631e-19
1223.564406020176,-1.5770107e-17,1.5202401e-19
1223.6174814527797,-2.0766045e-17,1.6216851e-19
1223.670556673977,-1.3963029e-17,1.48542e-19
1223.7236316837707,-1.6379475e-17,1.5320358e-19
1223.776706482163,-1.9749238e-17,1.602126e-19
1223.8297810691568,7.295243e-16,7.463011e-16
1223.8828554447543,-1.556786e-17,1.516642e-19
1223.9359296089578,-1.7902437e-17,1.566402e-19
1223.9890035617707,-1.799114e-17,1.5660843e-19
1224.0420773031944,-1.5097297e-17,1.5084333e-19
1224.0951508332325,-1.804837e-17,1.5673127e-19
1224.1482241518868,-1.7378664e-17,1.5549301e-19
1224.2012972591601,-1.7401021e-17,1.5549703e-19
1224.254370155055,-1.5293362e-17,1.5108844e-19
1224.3074428395737,-1.809372e-17,1.5688359e-19
1224.3605153127191,-1.4949117e-17,1.5036723e-19
1224.4135875744935,-1.7395785e-17,1.5532434e-19
1224.4666596248994,-1.6605748e-17,1.5378681e-19
1224.5197314639397,5.788096e-16,6.5299686e-16
1224.5728030916164,-1.5427238e-17,1.5124482e-19
1224.6258745079324,7.3529284e-16,7.533988e-16
1224.6789457128898,-1.3062046e-17,1.4658491e-19
1224.7320167064915,-2.0458408e-17,1.6125267e-19
1224.7850874887401,6.999249e-16,7.156933e-16
1224.8381580596379,1.5465144e-15,1.1082962e-15
1224.8912284191877,-1.5006575e-17,1.5044152e-19
1224.9442985673916,7.7759107e-16,7.9601033e-16
1224.997368504252,-1.582016e-17,1.5208636e-19
1225.0504382297725,-1.846644e-17,1.5744401e-19
1225.103507743954,-1.5125836e-17,1.5044717e-19
1225.1565770468005,-1.7689765e-17,1.560377e-19
1225.2096461383137,-1.7354727e-17,1.5492642e-19
1225.2627150184967,-1.6239795e-17,1.5281187e-19
1225.315783687351,-1.5967787e-17,1.5233061e-19
1225.3688521448805,-1.4983763e-17,1.5025441e-19
1225.4219203910868,-1.5783542e-17,1.5186191e-19
1225.4749884259727,-1.5066815e-17,1.503992e-19
1225.5280562495407,-1.6739801e-17,1.5380998e-19
1225.5811238617932,7.092854e-16,7.254945e-16
1225.6341912627329,7.031463e-16,7.1894653e-16
1225.6872584523621,-1.617276e-17,1.5270594e-19
1225.7403254306837,-1.4564174e-17,1.4954728e-19
1225.7933921976999,-1.4130582e-17,1.485911e-19
1225.8464587534136,-1.4120243e-17,1.4854119e-19
1225.8995250978267,-1.5266768e-17,1.5090897e-19
1225.952591230942,-1.3074507e-17,1.4649504e-19
1226.0056571527625,5.5394975e-16,7.53968e-16
1226.05872286329,-1.4971191e-16,2.0051113e-17
1226.1117883625275,-1.489476e-17,1.5018135e-19
1226.1648536504772,-1.4186416e-17,1.4871313e-19
1226.217918727142,-1.501774e-17,1.5059277e-19
1226.2709835925243,-1.5931732e-17,1.5235699e-19
1226.3240482466263,-1.5207017e-17,1.5106306e-19
1226.3771126894508,-1.4875833e-17,1.5058155e-19
1226.4301769210003,-1.4517169e-17,1.4967259e-19
1226.4832409412772,1.1799354e-16,3.062572e-16
1226.5363047502844,-1.4805547e-17,1.5016862e-19
1226.5893683480242,7.194946e-16,7.335879e-16
1226.6424317344988,-1.7136054e-17,1.5479108e-19
1226.6954949097112,-1.4420696e-17,1.4951238e-19
1226.7485578736637,-1.32764e-17,1.4688692e-19
1226.801620626359,-1.3604752e-17,1.473707e-19
1226.8546831677993,-1.3753635e-17,1.4786312e-19
1226.907745497987,-1.3859606e-17,1.4780376e-19
1226.9608076169254,-1.6193346e-17,1.5271381e-19
1227.0138695246164,-1.7126114e-17,1.5456238e-19
1227.0669312210625,-1.5544431e-17,1.5129104e-19
1227.1199927062667,-1.4211426e-17,1.4880392e-19
1227.173053980231,-1.4785255e-17,1.4968394e-19
1227.2261150429583,-1.4007424e-17,1.4820344e-19
1227.2791758944506,-1.33885245e-17,1.4686336e-19
1227.3322365347112,6.940407e-16,7.093454e-16
1227.3852969637421,-1.7099502e-17,1.5450914e-19
1227.438357181546,-1.4494524e-17,1.4921984e-19
1227.491417188125,7.087654e-16,7.2320224e-16
1227.5444769834821,-1.5829962e-17,1.5190851e-19
1227.59753656762,-1.4477457e-17,1.4908445e-19
1227.6505959405408,-1.4374913e-17,1.4876105e-19
1227.703655102247,-1.5085948e-17,1.5035989e-19
1227.7567140527412,7.040781e-16,7.1918486e-16
1227.8097727920263,-1.3897531e-17,1.4796613e-19
1227.8628313201043,7.1517607e-16,7.3001926e-16
1227.9158896369781,-1.369102e-17,1.476385e-19
1227.9689477426496,7.204049e-16,7.3470727e-16
1228.0220056371222,-1.4447138e-17,1.4919177e-19
1228.0750633203982,-1.239504e-17,1.4517828e-19
1228.1281207924794,1.4490187e-15,1.0355901e-15
1228.1811780533687,-1.34305015e-17,1.4722994e-19
1228.2342351030695,-1.6516451e-17,1.5343236e-19
1228.2872919415831,-1.3127381e-17,1.4650374e-19
1228.3403485689125,-1.5952656e-17,1.5232493e-19
1228.3934049850604,-1.2495205e-17,1.4516812e-19
1228.446461190029,-1.5978987e-17,1.5200766e-19
1228.4995171838211,6.584975e-16,6.705145e-16
1228.5525729664391,-1.4762737e-17,1.4942095e-19
1228.6056285378854,-1.4358816e-17,1.4844665e-19
1228.6586838981627,-1.2417748e-17,1.4471335e-19
1228.7117390472733,-1.2659543e-17,1.449431e-19
1228.7647939852202,-1.4398888e-17,1.486697e-19
1228.8178487120056,-1.1950916e-17,1.4369372e-19
1228.8709032276317,7.058204e-16,7.209678e-16
1228.9239575321017,-1.2488764e-17,1.4487606e-19
1228.9770116254174,-1.22989275e-17,1.4412909e-19
1229.0300655075819,-1.32975595e-17,1.4627335e-19
1229.0831191785974,-1.2390402e-17,1.4452164e-19
1229.1361726384664,-1.3455281e-17,1.4652215e-19
1229.1892258871917,-1.3207577e-17,1.4632486e-19
1229.242278924776,-1.2659165e-17,1.4501964e-19
1229.2953317512208,6.895763e-16,7.0408317e-16
1229.3483843665301,6.9388505e-16,7.058297e-16
1229.401436770705,-1.34625076e-17,1.4645485e-19
1229.4544889637489,-1.2841144e-17,1.4527098e-19
1229.507540945664,-1.30690045e-17,1.4578705e-19
1229.5605927164531,6.722163e-16,6.8435476e-16
1229.6136442761183,-1.5388684e-17,1.5050227e-19
1229.6666956246622,6.683356e-16,6.809986e-16
1229.7197467620879,-1.36461566e-17,1.4674395e-19
1229.7727976883973,-1.2303136e-17,1.4398345e-19
1229.825848403593,-1.4555308e-17,1.4855639e-19
1229.8788989076777,-1.200929e-17,1.4328667e-19
1229.9319492006537,-1.4114927e-17,1.4753376e-19
1229.9849992825239,1.6880268e-16,3.460498e-16
1230.03804915329,-1.2270987e-17,1.4389612e-19
1230.0910988129556,6.8318554e-16,6.9767e-16
1230.1441482615228,-1.2973686e-17,1.4536738e-19
1230.1971974989938,-1.1541888e-17,1.422467e-19
1230.2502465253713,-1.4542935e-17,1.4838276e-19
1230.3032953406582,6.538596e-16,6.6411867e-16
