trappist-1/STIS/new_bk_means/TRAPPIST-1_G140M_newbk_mean.ecsv
# %ECSV 0.9
# ---
# datatype:
# - name: WAVELENGTH
#   unit: Angstrom
#   datatype: float64
# - name: FLUX
#   unit: erg / (Angstrom cm2 s)
#   datatype: float32
# - name: ERROR
#   unit: erg / (Angstrom cm2 s)
#   datatype: float32
# delimiter: ','
# schema: astropy-2.0
WAVELENGTH,FLUX,ERROR
[from data line 345]
1212.9918544662648,-2.997969e-17,1.2525036e-15
1213.0453263999857,-2.7185618e-16,1.210889e-15
1213.0987980143166,3.83004e-16,1.2839415e-15
1213.1522693092616,-1.7094945e-17,1.1750383e-15
1213.205740284828,-5.8009223e-17,1.1775499e-15
1213.2592109410205,-5.921496e-16,1.1610637e-15
1213.312681277845,1.3583492e-15,1.5326338e-15
1213.3661512953074,5.912797e-16,1.3374389e-15
1213.4196209934137,-2.3727394e-16,1.1675936e-15
1213.473090372169,-3.7087451e-16,1.078072e-15
1213.5265594315792,-4.375763e-16,1.0669095e-15
1213.5800281716504,-4.5867496e-16,1.0368162e-15
1213.6334965923877,-1.9542554e-16,1.1850352e-15
1213.6869646937976,-3.3589687e-17,1.184904e-15
1213.7404324758854,1.0141956e-15,1.385661e-15
1213.7938999386568,1.2670839e-15,1.4134552e-15
1213.8473670821174,-8.588473e-17,1.1608219e-15
1213.900833906273,4.7307392e-17,1.1686553e-15
1213.9543004111295,2.2122849e-16,1.1855617e-15
1214.0077665966926,8.7464794e-17,1.1919474e-15
1214.0612324629678,1.235969e-16,1.2005091e-15
1214.1146980099609,-2.6878492e-16,1.0703034e-15
1214.1681632376776,5.7310335e-17,1.1903937e-15
1214.221628146124,3.0038112e-16,1.2718198e-15
1214.2750927353054,-3.4163285e-16,1.0626956e-15
1214.3285570052274,1.2339884e-16,1.2427918e-15
1214.3820209558962,1.8006942e-16,1.2636803e-15
1214.4354845873172,-4.974089e-17,1.129631e-15
1214.4889478994962,4.470878e-16,1.2832843e-15
1214.542410892439,1.6053863e-16,1.2277236e-15
1214.595873566151,5.607288e-17,1.163406e-15
1214.6493359206384,-1.3043994e-16,1.1294962e-15
1214.7027979559064,1.589548e-16,1.2866736e-15
1214.756259671961,2.8782815e-16,1.2799538e-15
1214.809721068808,1.7876955e-16,1.2516439e-15
1214.8631821464528,1.469449e-16,1.2304165e-15
1214.9166429049014,1.5137937e-16,1.2101342e-15
1214.9701033441597,4.7755305e-16,1.3009477e-15
1215.0235634642331,6.103447e-16,1.3580119e-15
1215.0770232651273,9.87968e-16,1.44032e-15
1215.130482746848,1.1025681e-15,1.4726848e-15
1215.183941909401,2.4661108e-15,1.7659121e-15
1215.2374007527924,3.0529134e-15,1.9010117e-15
1215.290859277027,1.7628925e-16,1.9801794e-15
1215.3443174821116,1.7408484e-15,2.227189e-15
1215.397775368051,-7.184827e-16,2.132091e-15
1215.4512329348518,-3.3436303e-16,2.50682e-15
1215.5046901825185,-1.0997825e-15,2.9397125e-15
1215.558147111058,-9.012261e-16,3.3570112e-15
1215.6116037204752,-8.902093e-16,3.4108403e-15
1215.6650600107766,-1.1688752e-15,3.3952136e-15
1215.7185159819671,-7.889463e-16,3.0360433e-15
1215.771971634053,-7.6433966e-16,2.4885587e-15
1215.8254269670397,-2.4702333e-15,1.887825e-15
1215.878881980933,-5.022468e-16,1.6066199e-15
1215.9323366757387,-3.7554153e-16,1.4254503e-15
1215.9857910514625,-5.3647864e-17,1.4084238e-15
1216.0392451081098,2.909334e-16,1.3893538e-15
1216.0926988456868,6.0701097e-16,1.3455102e-15
1216.1461522641987,3.4925712e-16,1.3169415e-15
1216.199605363652,7.2866687e-16,1.2880707e-15
1216.2530581440515,5.616846e-16,1.2718698e-15
1216.3065106054034,4.9380036e-16,1.2699897e-15
1216.3599627477136,-6.4387454e-17,1.1200425e-15
1216.4134145709872,-2.5967137e-16,1.032172e-15
1216.4668660752304,3.0522144e-17,1.0872647e-15
1216.520317260449,4.2333026e-16,1.1964409e-15
1216.5737681266482,-1.0780363e-17,1.0141144e-15
1216.627218673834,1.0799789e-15,1.3296354e-15
1216.6806689020123,1.261745e-15,1.3297676e-15
1216.7341188111884,1.4966752e-14,2.6875136e-15
1216.7875684013684,1.8063206e-15,1.3941744e-15
1216.8410176725579,-1.7715956e-16,1.0278086e-15
1216.8944666247623,-2.7378328e-16,1.0270108e-15
1216.9479152579877,-2.1559201e-16,1.002229e-15
1217.0013635722398,-2.5266988e-16,9.998562e-16
1217.054811567524,-9.483912e-17,1.091463e-15
1217.1082592438463,4.564917e-16,1.1143949e-15
1217.1617066012122,-3.246939e-16,9.490645e-16
1217.2151536396277,-2.0297628e-16,9.773805e-16
1217.2686003590984,-6.1400137e-16,9.147314e-16
1217.3220467596298,-6.1453823e-16,9.397107e-16
1217.3754928412277,-3.6767612e-16,8.982092e-16
1217.4289386038977,7.7566566e-17,1.0535044e-15
1217.4823840476463,-3.9198308e-16,1.0045776e-15
1217.535829172478,-3.3429945e-16,9.230194e-16
1217.5892739783992,-4.3161043e-16,8.5814925e-16
1217.6427184654156,-1.5202707e-16,9.641246e-16
1217.6961626335328,-2.6393658e-16,9.547686e-16
1217.7496064827562,-3.582791e-17,9.902809e-16
1217.8030500130922,-3.79269e-16,9.218013e-16
1217.856493224546,-2.4552457e-16,9.634447e-16
1217.9099361171236,-6.986097e-17,9.447069e-16
1217.9633786908303,1.8436074e-16,1.0352584e-15
1218.0168209456722,2.5452245e-15,1.3823663e-15
1218.0702628816548,-1.163205e-17,9.677107e-16
1218.1237044987838,4.313869e-16,1.1052819e-15
1218.1771457970651,2.2731913e-16,1.0692176e-15
1218.230586776504,5.739219e-16,1.0944147e-15
1218.2840274371067,5.4512023e-16,1.0992746e-15
1218.3374677788788,2.8178155e-16,1.069252e-15
1218.390907801826,-2.2625637e-16,9.33314e-16
1218.4443475059538,-2.2007652e-16,9.15799e-16
1218.4977868912677,-2.3898852e-16,9.37545e-16
1218.5512259577742,-3.40255e-16,8.8137844e-16
1218.6046647054782,-2.2019797e-16,9.157481e-16
1218.6581031343856,-6.326837e-16,8.7805796e-16
1218.7115412445028,-4.828609e-16,8.669571e-16
1218.7649790358344,4.0035203e-16,1.0432183e-15
1218.818416508387,-1.5916738e-16,9.299353e-16
1218.8718536621657,2.5457737e-17,9.970753e-16
1218.9252904971765,5.739908e-16,1.1289779e-15
1218.9787270134252,-2.13271e-16,8.974115e-16
1219.0321632109171,-3.2589863e-16,8.7742205e-16
1219.0855990896587,-4.247439e-16,8.4193413e-16
1219.1390346496548,-3.207374e-16,8.806731e-16
1219.1924698909115,-2.4621146e-16,8.8945e-16
1219.2459048134344,-2.9621825e-16,8.356384e-16
1219.2993394172292,1.0415155e-17,9.610933e-16
1219.3527737023019,-2.3412674e-16,8.687562e-16
1219.406207668658,-1.5092965e-16,8.928208e-16
1219.4596413163033,-3.9654602e-16,8.431596e-16
1219.513074645243,-5.4591083e-16,7.558148e-16
1219.5665076554837,9.7818826e-17,9.924111e-16
1219.6199403470303,4.1382332e-16,1.0538396e-15
1219.673372719889,-3.882352e-17,8.755017e-16
1219.726804774065,-9.2852165e-18,9.372948e-16
1219.7802365095645,-1.7636808e-16,8.489385e-16
1219.8336679263928,1.3605236e-15,1.1928588e-15
1219.8870990245562,-2.0695179e-16,8.805376e-16
1219.9405298040597,-6.796724e-17,9.200768e-16
1219.9939602649094,5.311486e-16,1.0148998e-15
1220.047390407111,-2.0354956e-16,8.889812e-16
1220.10082023067,1.4440063e-16,9.397176e-16
1220.1542497355924,-9.766071e-17,8.832641e-16
1220.2076789218834,-2.854241e-16,7.9689214e-16
1220.2611077895492,-1.9372982e-16,8.661671e-16
1220.3145363385956,4.8969934e-16,1.0027178e-15
1220.3679645690277,2.8950811e-15,1.399477e-15
1220.4213924808516,2.2732636e-16,9.052045e-16
1220.4748200740728,3.1347255e-16,9.666292e-16
1220.5282473486975,4.8887787e-17,9.654548e-16
1220.5816743047305,1.9750106e-16,9.721501e-16
1220.635100942178,-3.6589854e-16,7.99488e-16
1220.6885272610461,-2.0736634e-16,8.2998006e-16
1220.7419532613403,-1.6027156e-16,8.47929e-16
1220.7953789430655,-1.9618243e-16,8.4265183e-16
1220.8488043062287,-1.05245644e-16,8.3424275e-16
1220.9022293508342,-7.161682e-17,8.4710495e-16
1220.9556540768888,-9.27287e-17,8.444828e-16
1221.0090784843976,-9.629501e-17,8.1663336e-16
1221.0625025733668,-1.5712513e-16,7.9765956e-16
1221.1159263438017,-8.675611e-18,8.2865387e-16
1221.1693497957083,-5.724736e-18,8.778176e-16
1221.2227729290917,-3.0830125e-16,7.4706977e-16
1221.2761957439582,-2.210347e-16,8.095543e-16
1221.3296182403133,-1.3037285e-16,8.399378e-16
1221.3830404181626,-1.9459178e-16,7.88819e-16
1221.436462277512,-3.837276e-17,8.13194e-16
1221.489883818367,1.4417329e-16,8.5148395e-16
1221.5433050407332,2.0750796e-16,9.249131e-16
1221.5967259446168,-9.6416404e-17,7.919537e-16
1221.650146530023,-1.09986295e-16,8.366853e-16
1221.7035667969576,-2.4703623e-16,7.5654537e-16
1221.7569867454267,-2.8666893e-16,8.0264673e-16
1221.8104063754354,7.1127967e-16,1.0154991e-15
1221.8638256869895,1.7632069e-15,1.206807e-15
1221.917244680095,-1.4491646e-16,8.2276683e-16
1221.9706633547578,-1.3148621e-16,7.8667476e-16
1222.0240817109827,-3.112388e-16,7.098857e-16
1222.077499748776,1.6741747e-15,1.2130611e-15
1222.130917468144,2.1827577e-15,1.3039322e-15
1222.1843348690911,-7.44495e-17,8.022416e-16
1222.2377519516235,-2.0526484e-16,7.5867587e-16
1222.2911687157475,2.3791236e-16,8.188308e-16
1222.344585161468,2.2867026e-16,8.46438e-16
1222.398001288791,-4.804319e-16,6.329673e-16
1222.4514170977222,-2.8903083e-16,7.353162e-16
1222.5048325882674,-2.2404355e-16,7.0633553e-16
1222.558247760432,5.2315647e-17,8.1235584e-16
1222.6116626142223,-1.8133737e-16,7.459494e-16
1222.6650771496431,1.5157158e-15,1.1803553e-15
1222.7184913667008,1.11493e-15,1.0836072e-15
1222.7719052654008,-2.6603098e-17,7.599227e-16
1222.8253188457486,-7.382872e-17,7.525203e-16
1222.8787321077502,-2.0149597e-16,6.9933867e-16
1222.9321450514115,-1.4462795e-16,6.9469677e-16
1222.985557676738,-2.296368e-16,7.8496433e-16
1223.038969983735,1.5325972e-15,1.0953584e-15
1223.0923819724085,7.7895733e-16,9.400845e-16
1223.1457936427641,-8.096799e-17,7.9051425e-16
1223.199204994808,-4.445169e-16,5.8026797e-16
1223.2526160285454,-8.4100485e-17,6.992515e-16
1223.3060267439819,1.7791856e-16,7.8895994e-16
1223.3594371411232,-1.6563847e-16,7.09412e-16
1223.4128472199754,7.8641646e-16,9.25215e-16
1223.466256980544,1.3699982e-16,7.935821e-16
1223.5196664228345,-2.793016e-17,7.1619235e-16
1223.5730755468526,-3.2706451e-16,6.6762856e-16
1223.6264843526042,-1.1014575e-16,7.165743e-16
1223.679892840095,-2.5912543e-16,5.912416e-16
1223.7333010093303,1.1009501e-15,9.999779e-16
1223.7867088603164,1.3589566e-15,1.0437055e-15
1223.8401163930587,-1.1254858e-16,6.825624e-16
1223.8935236075624,-1.8079427e-16,6.3780697e-16
1223.946930503834,-1.3872813e-16,6.760824e-16
1224.0003370818788,5.586464e-16,9.02101e-16
1224.0537433417026,4.3341313e-16,8.7228755e-16
1224.1071492833107,1.58923e-16,8.034445e-16
1224.1605549067094,2.5714681e-17,7.011151e-16
1224.2139602119041,1.9594121e-16,7.814386e-16
1224.2673651989003,-1.6741711e-16,6.765208e-16
1224.320769867704,7.9804255e-17,7.5738367e-16
1224.3741742183204,-2.7860346e-16,6.092258e-16
1224.4275782507557,1.2791301e-16,7.869018e-16
1224.4809819650159,2.384675e-16,8.2157294e-16
1224.5343853611057,3.2204271e-18,6.9978e-16
1224.5877884390313,-4.5160743e-17,7.023833e-16
1224.6411911987984,3.8599932e-18,6.993751e-16
1224.694593640413,-8.697669e-17,6.7014674e-16
1224.74799576388,-3.8930473e-16,5.2805273e-16
1224.8013975692058,-8.052246e-17,7.0684825e-16
1224.8547990563957,2.619058e-16,7.618626e-16
1224.9082002254556,6.8119634e-16,8.716927e-16
1224.9616010763912,-9.650968e-17,6.399022e-16
1225.015001609208,1.9761141e-16,8.015893e-16
1225.0684018239117,-2.11795e-17,6.971459e-16
1225.121801720508,-2.3216458e-16,6.3114807e-16
1225.1752012990028,1.3346506e-16,6.8839606e-16
1225.2286005594017,-9.180465e-17,6.326776e-16
1225.28199950171,-1.8141819e-16,5.9792876e-16
1225.3353981259338,-4.4477065e-17,6.7233314e-16
1225.3887964320788,-1.9602314e-16,5.8846444e-16
1225.4421944201504,1.2523537e-16,6.881408e-16
1225.4955920901546,1.8277503e-16,6.8623343e-16
1225.5489894420969,-1.4532066e-16,5.8142777e-16
1225.602386475983,-1.04870765e-16,6.057121e-16
1225.6557831918185,-1.6850946e-16,5.6571647e-16
1225.7091795896092,-1.2241161e-16,5.987517e-16
1225.7625756693608,-1.0692806e-16,5.8065226e-16
1225.8159714310789,4.1257382e-15,1.4252585e-15
1225.8693668747694,5.612355e-15,1.5821074e-15
1225.9227620004376,-9.887622e-17,5.901406e-16
1225.9761568080894,2.485638e-16,7.0861315e-16
1226.029551297731,-1.1375629e-16,6.1239434e-16
1226.0829454693667,-3.785087e-17,6.3531664e-16
1226.1363393230033,5.991253e-17,6.335952e-16
1226.1897328586465,-4.5655122e-17,6.1093024e-16
1226.2431260763015,1.0240095e-16,6.8111545e-16
1226.2965189759743,9.628248e-16,8.654904e-16
1226.3499115576703,5.954919e-17,6.577023e-16
1226.4033038213954,-1.1478723e-16,5.8459646e-16
1226.4566957671552,-1.1051677e-16,5.847616e-16
1226.5100873949557,-6.810232e-17,5.986489e-16
1226.5634787048018,8.663503e-17,6.371798e-16
1226.6168696967,1.500193e-16,6.564517e-16
1226.6702603706556,6.373035e-17,6.7077296e-16
1226.7236507266741,-4.6221258e-17,5.5134825e-16
1226.7770407647618,1.566016e-16,6.7072336e-16
1226.8304304849237,-1.4922996e-16,5.085019e-16
1226.8838198871658,-9.980409e-17,5.607715e-16
1226.9372089714936,1.3399029e-16,6.0643684e-16
1226.9905977379133,1.7353624e-17,5.835571e-16
1227.04398618643,-6.543867e-17,5.852635e-16
1227.0973743170496,1.2167552e-16,6.3090995e-16
1227.1507621297776,-8.516283e-17,5.7863923e-16
1227.2041496246202,2.398126e-17,5.8745584e-16
1227.2575368015825,5.788487e-16,7.300193e-16
1227.3109236606701,2.8304974e-16,6.2675806e-16
1227.3643102018893,6.3307036e-16,7.877576e-16
1227.4176964252456,8.6462693e-16,8.449447e-16
1227.4710823307441,1.8644815e-15,1.0524226e-15
1227.524467918391,5.9499284e-16,7.849608e-16
1227.5778531881922,-9.1311806e-17,5.3465556e-16
1227.6312381401528,5.3349237e-16,7.467437e-16
1227.684622774279,3.406063e-16,6.530191e-16
1227.7380070905758,-9.07773e-18,5.3338014e-16
1227.7913910890497,-3.5815756e-17,5.2784886e-16
1227.8447747697057,1.3287588e-16,6.115028e-16
1227.89815813255,9.0071525e-17,5.7728144e-16
1227.9515411775878,-1.2753974e-16,4.983436e-16
1228.0049239048249,-1.04151846e-16,5.052887e-16
1228.0583063142672,-7.3724835e-17,5.125624e-16
1228.1116884059202,-1.7765375e-16,5.160691e-16
1228.1650701797898,-3.9790557e-17,5.9236624e-16
1228.2184516358814,1.6849677e-16,6.2265334e-16
1228.2718327742007,-1.8378127e-18,5.454555e-16
1228.3252135947532,-1.2865286e-16,4.4975067e-16
1228.3785940975454,2.1849562e-17,5.4319503e-16
1228.431974282582,7.946287e-17,5.326408e-16
1228.485354149869,1.2797178e-16,5.9023305e-16
1228.5387336994122,6.6432026e-17,5.700919e-16
1228.5921129312178,1.2372466e-16,5.6853984e-16
1228.64549184529,1.1718624e-16,5.766884e-16
1228.6988704416358,2.1710418e-16,6.068789e-16
1228.7522487202605,2.6485087e-16,6.090227e-16
1228.8056266811698,7.336376e-17,5.454741e-16
1228.8590043243692,7.639554e-17,5.5315857e-16
1228.912381649864,1.7531782e-17,5.109253e-16
1228.9657586576607,1.1668009e-16,5.6506426e-16
1229.0191353477649,2.8659545e-16,5.713034e-16
1229.0725117201814,-1.1868484e-16,4.450496e-16
1229.125887774917,-5.9743537e-18,5.2054145e-16
1229.1792635119764,-1.7523983e-17,4.762615e-16
1229.232638931366,-4.7162444e-17,4.4888125e-16
1229.2860140330906,-7.410361e-17,4.526725e-16
1229.339388817157,8.845037e-17,5.3864916e-16
1229.3927632835703,1.9160165e-16,5.873965e-16
1229.446137432336,2.5128543e-17,5.061848e-16
1229.4995112634601,-3.9675903e-17,4.7986973e-16
1229.5528847769478,-9.105431e-17,4.3973432e-16
1229.6062579728052,3.1120474e-17,4.9804966e-16
1229.6596308510382,9.797927e-16,7.557316e-16
1229.713003411652,1.8634109e-15,9.163753e-16
1229.7663756546522,3.3229277e-16,5.6518517e-16
1229.8197475800446,-4.2640776e-18,4.960618e-16
1229.873119187835,9.851263e-17,5.193588e-16
1229.9264904780293,1.6102157e-16,5.4568515e-16
1229.9798614506326,1.398178e-16,5.1861657e-16
1230.0332321056512,6.925694e-17,5.053584e-16
1230.08660244309,5.47358e-17,4.730363e-16
1230.139972462955,2.4204364e-17,4.673414e-16
1230.1933421652527,2.7068632e-16,5.4087336e-16
1230.2467115499874,5.403472e-16,6.552955e-16
1230.3000806171656,4.0087428e-16,5.984403e-16
1230.3534493667928,3.621126e-16,5.902641e-16
1230.4068177988745,6.6728482e-18,4.507962e-16
1230.4601859134164,1.3316352e-17,4.65951e-16
1230.5135537104245,1.1794152e-16,5.153847e-16
1230.5669211899042,1.9569831e-16,5.067065e-16
1230.6202883518613,3.5551392e-16,5.842887e-16
1230.673655196301,3.2136626e-16,5.4813747e-16
1230.7270217232299,4.1067794e-17,4.823419e-16
1230.7803879326525,5.8395014e-17,4.59014e-16
1230.8337538245755,5.9142765e-17,4.4175675e-16
1230.887119399004,1.287486e-16,4.8093154e-16
1230.9404846559437,1.5121997e-16,4.654028e-16
1230.9938495954007,1.4131305e-16,4.8413873e-16
1231.0472142173803,1.4511743e-16,4.674866e-16
1231.1005785218879,-5.6067215e-17,4.0415727e-16
1231.1539425089295,2.7174723e-16,5.0053845e-16
1231.2073061785109,9.5083703e-17,4.4358951e-16
1231.2606695306376,1.3034892e-16,4.6840917e-16
1231.3140325653153,-3.2547873e-17,3.9814493e-16
