trappist-1/STIS/new_bk_means/TRAPPIST-1_G140M_newbk_mean_2018-05.ecsv
# %ECSV 0.9
# ---
# datatype:
# - name: WAVELENGTH
#   unit: Angstrom
#   datatype: float64
# - name: FLUX
#   unit: erg / (Angstrom cm2 s)
#   datatype: float64
# - name: ERROR
#   unit: erg / (Angstrom cm2 s)
#   datatype: float64
# delimiter: ','
# schema: astropy-2.0
WAVELENGTH,FLUX,ERROR
[from data line 251]
1208.0746397430391,-3.2270334928271396e-16,1.1067510256822792e-15
1208.1281466155374,4.600009616754786e-16,1.2467549662985923e-15
1208.1816531688407,6.782397437806821e-17,1.2901428398801497e-15
1208.235159402955,4.554548808706453e-16,1.4702806742650496e-15
1208.2886653178864,-4.0240868419686866e-16,1.0585756783283212e-15
1208.34217091364,-6.507561369775508e-16,8.839030674827448e-16
1208.3956761902216,-5.743061938939951e-16,9.319843197883455e-16
1208.449181147637,1.5760178024816222e-17,1.2194834464411947e-15
1208.502685785892,1.674205578531451e-16,1.1986086273387355e-15
1208.5561901049925,5.146597149720585e-16,1.3530875515358123e-15
1208.6096941049439,-1.450993191012439e-16,1.081311151090661e-15
1208.663197785752,-1.7378135984097201e-16,1.0518842552401414e-15
1208.716701147422,-7.704976207083152e-16,8.284647593949008e-16
1208.7702041899606,1.4417665117815611e-16,1.239144057419146e-15
1208.8237069133731,2.3787712897465024e-16,1.195471051521383e-15
1208.877209317665,1.648133030328246e-17,1.2018800703227476e-15
1208.9307114028418,-3.277379966537476e-16,1.044959864338701e-15
1208.98421316891,-2.8439047443599866e-16,1.1821349808540739e-15
1209.0377146158746,1.5624978855460471e-16,1.213919270127739e-15
1209.0912157437417,-5.204616972970537e-16,9.896501454818307e-16
1209.1447165525167,3.080677378032717e-17,1.264505098632389e-15
1209.1982170422057,-8.904406354359131e-16,7.372401156753803e-16
1209.2517172128141,-2.77074261429779e-16,1.0914789404436983e-15
1209.3052170643475,-4.2188539860517463e-16,1.0070396941009425e-15
1209.358716596812,-7.068446248538297e-16,9.263049333535619e-16
1209.412215810213,-1.3122873898383801e-16,1.0402795442780869e-15
1209.4657147045568,9.810276464926831e-16,1.543458615553512e-15
1209.519213279848,-6.268078176636154e-18,1.1924902573069112e-15
1209.5727115360933,-1.742104886631098e-17,9.355342788023108e-16
1209.626209473298,-1.1434771638067115e-15,5.687337032004122e-16
1209.6797070914677,-3.9913936890056493e-16,1.0009140692796712e-15
1209.7332043906085,1.757970261894208e-16,1.2039632342020713e-15
1209.7867013707257,2.637189785527125e-16,1.0709483402078064e-15
1209.8401980318254,-3.551534660329101e-16,1.0554795561896319e-15
1209.893694373913,6.428156781620442e-16,1.3565423053098854e-15
1209.947190396994,-8.393918621270728e-18,1.1027249953087103e-15
1210.0006861010747,-2.1652302369194108e-16,1.1256664957575033e-15
1210.0541814861604,8.888512899575118e-16,1.2705794442180005e-15
1210.107676552257,-5.925012488010599e-16,8.774284025832494e-16
1210.16117129937,-6.424824424889689e-16,8.198882236290542e-16
1210.2146657275055,-4.466578634381025e-16,1.1387017903616827e-15
1210.2681598366687,-3.3464739989968376e-16,1.0352181649742295e-15
1210.3216536268656,-1.2385245567928135e-16,1.0773820913019433e-15
1210.3751470981017,1.544860994840569e-16,1.1416442382133426e-15
1210.428640250383,-7.025538323096918e-16,7.697813832036261e-16
1210.4821330837149,6.517106653593148e-16,1.2717583123864877e-15
1210.5356255981037,1.9601144632570599e-16,1.1571160425855457e-15
1210.5891177935541,-1.1217699031489827e-16,1.1047623562653568e-15
1210.6426096700727,-2.850953209119169e-16,9.92382820213963e-16
1210.6961012276647,7.103800778880391e-16,1.363485117198646e-15
1210.7495924663363,2.955453779543906e-15,1.924203086960386e-15
1210.8030833860926,7.275130753958343e-15,2.7252544242095853e-15
1210.8565739869398,2.7354050920335707e-15,1.8746904143293373e-15
1210.9100642688832,5.049975531577822e-16,1.3431521814270332e-15
1210.9635542319288,-8.128267970030036e-16,6.978699795592443e-16
1211.0170438760822,-5.46031249108565e-16,9.19125560507905e-16
1211.070533201349,-3.558707395815172e-16,9.85020227455066e-16
1211.1240222077347,-9.381610732493425e-17,1.0545576206251071e-15
1211.1775108952459,-2.1375820283203722e-16,1.019176388927324e-15
1211.2309992638875,-3.8170782684543664e-16,8.70012563934221e-16
1211.2844873136653,1.3331584124038432e-15,1.3018293275904826e-15
1211.3379750445852,1.008130941151113e-16,1.1214608255648719e-15
1211.3914624566528,2.836275841603806e-16,1.3459411257954457e-15
1211.4449495498739,8.012622452738927e-16,1.255863036309018e-15
1211.498436324254,9.924964081975671e-16,1.3470756029933637e-15
1211.5519227797988,1.2784884147196057e-16,1.12142987707902e-15
1211.6054089165145,2.069509016673525e-16,1.0817412657088646e-15
1211.6588947344062,-3.0998769549420036e-16,9.956135122663727e-16
1211.7123802334802,-3.0787402131533043e-16,1.0992382472190943e-15
1211.7658654137413,-3.7110522795914347e-16,1.0408146078683274e-15
1211.8193502751958,8.915127904334367e-17,1.1064378222747371e-15
1211.8728348178495,5.439438617864458e-16,1.3694915952660074e-15
1211.926319041708,-3.566494431833651e-16,1.0269532212415786e-15
1211.979802946777,-6.007384668671497e-17,9.589884823420544e-16
1212.0332865330618,-2.9135896899897057e-16,9.74728579954315e-16
1212.0867698005686,2.083754432934678e-17,1.0910174155824152e-15
1212.140252749303,-4.976835151788446e-17,1.0662924874621133e-15
1212.1937353792707,7.927385304597994e-17,9.579099502292925e-16
1212.247217690477,1.24996008745219e-16,1.1278744308628132e-15
1212.300699682928,-2.1656229452398032e-16,1.1378261409092603e-15
1212.3541813566296,5.35259982986895e-17,1.0681120828536417e-15
1212.407662711587,-1.0206810717185893e-15,6.274208188885118e-16
1212.4611437478063,-1.40161777255397e-16,1.0568766753507026e-15
1212.514624465293,-3.020165030101149e-16,1.0372356648898932e-15
1212.5681048640527,-5.391391435692883e-16,9.201374799572566e-16
1212.6215849440914,-2.363813381313453e-16,1.0388447603708219e-15
1212.6750647054146,4.2536768426366236e-16,1.252920987341321e-15
1212.7285441480278,-3.959313225466276e-16,1.0255236299127148e-15
1212.782023271937,2.4001782809025296e-15,1.6235299999336933e-15
1212.835502077148,5.192907013180621e-16,1.1159009382139452e-15
1212.8889805636663,-4.932342437752644e-16,7.991067513488147e-16
1212.9424587314975,-4.690464136665232e-16,8.195705842965026e-16
1212.9959365806474,-2.1318446474585057e-16,9.427533099820475e-16
1213.0494141111217,1.780933450812899e-16,1.0453081050910633e-15
1213.102891322926,4.3418787988293427e-16,1.2458537161031944e-15
1213.1563682160665,-4.922529398685392e-16,8.287724734271256e-16
1213.2098447905482,-3.5260235797665793e-16,9.714007179861478e-16
1213.2633210463773,3.975709637770451e-16,1.1995446299143718e-15
1213.3167969835588,1.3779396109854287e-16,1.1078133329154973e-15
1213.3702726020992,-1.0879746845977896e-15,7.465539366178374e-16
1213.4237479020042,3.0016085824643185e-16,1.2739763035722362e-15
1213.477222883279,1.7416560943247148e-16,1.1411787297971278e-15
1213.5306975459293,-8.093872540727786e-16,7.126749506250001e-16
1213.584171889961,-4.17652373714887e-16,8.131295561033251e-16
1213.6376459153798,3.749161304827175e-16,1.1103850618735111e-15
1213.691119622191,-2.4554871301246465e-16,1.0047303481460424e-15
1213.7445930104013,-8.487998149308432e-16,6.470957309175113e-16
1213.7980660800156,4.0112597170107856e-16,1.1678922892233833e-15
1213.8515388310393,-6.286663063264485e-16,7.818963586527495e-16
1213.905011263479,-1.0816506987352341e-16,9.006664464557416e-16
1213.9584833773397,-5.905900962492377e-17,9.730962831068522e-16
1214.0119551726275,-6.472849045314459e-17,1.0664213437032366e-15
1214.0654266493477,7.029988442123884e-16,1.249069592730282e-15
1214.1188978075063,-1.4478782593003474e-16,8.736187862613961e-16
1214.1723686471087,7.076276160088294e-16,1.231838678154113e-15
1214.2258391681612,-2.1481503213357447e-16,9.928605188676433e-16
1214.2793093706691,-1.4115224969119249e-16,9.962091974596906e-16
1214.3327792546377,2.892719769355887e-16,1.1502998724407948e-15
1214.3862488200732,-4.3288883156066563e-16,9.123130853378063e-16
1214.4397180669814,1.6055500876333799e-16,1.1238442789993845e-15
1214.4931869953678,4.947441903545052e-16,1.3131293439321443e-15
1214.546655605238,3.1250694533585524e-16,1.1392741453559706e-15
1214.6001238965973,6.927502033495213e-16,1.1998611445305309e-15
1214.6535918694522,1.2242201905028773e-15,1.4686743487838185e-15
1214.707059523808,6.386975101086636e-16,1.31513492269975e-15
1214.7605268596706,4.914376985579275e-16,1.2045219332435583e-15
1214.8139938770453,5.37369532319084e-16,1.2983891477920753e-15
1214.867460575938,1.1630657203291417e-15,1.3882063865192587e-15
1214.9209269563544,9.69128791074986e-16,1.4395239297613473e-15
1214.9743930183004,1.166612287010975e-16,1.1101562816531704e-15
1215.0278587617813,1.1078885187355357e-15,1.439628268239006e-15
1215.081324186803,1.1499457303427783e-15,1.4473606971212663e-15
1215.134789293371,2.242449892206379e-15,1.7437343535887989e-15
1215.1882540814916,3.244629686762749e-15,1.944689338469731e-15
1215.2417185511695,1.3264684930051736e-15,1.6597846923637307e-15
1215.2951827024112,1.396586303344575e-15,2.223958481114815e-15
1215.3486465352223,1.859337907905088e-15,2.4255511622174363e-15
1215.402110049608,1.1286567291895064e-15,2.680602653778052e-15
1215.4555732455744,1.6974313511276568e-15,3.279190122309166e-15
1215.509036123127,-1.6665285616727915e-15,3.929686195981529e-15
1215.5624986822716,1.0559151230459118e-15,5.9278559253999564e-15
1215.6159609230142,8.36699524029373e-15,8.224398908469279e-15
1215.66942284536,2.5635438983856153e-14,1.0216414821002532e-14
1215.7228844493145,3.8536209417946494e-15,8.970133146794159e-15
1215.776345734884,-5.535663945112648e-15,6.109262144193869e-15
1215.829806702074,-3.7757590680556865e-15,3.7567541264652604e-15
1215.88326735089,9.010739459247352e-16,3.248494059583007e-15
1215.9367276813377,-1.1725631358503517e-15,2.613300216321738e-15
1215.9901876934232,-5.854473299228884e-16,2.183702366680238e-15
1216.0436473871519,-1.4125060720170858e-15,1.7250186591981558e-15
1216.097106762529,-1.592921084068359e-15,1.6094180239381774e-15
1216.1505658195608,-2.1056710945369895e-16,1.6779973483409967e-15
1216.2040245582532,6.89966951332851e-16,1.7145571072002237e-15
1216.257482978611,-3.0074988740192623e-16,1.3776489841469998e-15
1216.3109410806408,4.416410636090935e-16,1.2913251014262703e-15
1216.3643988643478,8.444970352554374e-16,1.4772286574659618e-15
1216.4178563297376,1.193485028041817e-15,1.3914599665417998e-15
1216.4713134768162,5.168048722702231e-16,1.1633504563568634e-15
1216.524770305589,7.447325776256924e-18,9.506571744179615e-16
1216.5782268160622,6.671272766471087e-16,1.1859271930813055e-15
1216.6316830082408,2.866349474435361e-16,1.128791156255063e-15
1216.685138882131,2.325126295997536e-16,9.78539988729119e-16
1216.7385944377384,8.985957101980615e-16,1.2635930655353661e-15
1216.7920496750685,2.705511215332829e-16,1.0540225213206552e-15
1216.8455045941269,7.176538795272717e-15,2.1137581004995523e-15
1216.8989591949194,2.3770205689311404e-15,1.4045627693333778e-15
1216.952413477452,-1.686496100735943e-16,7.304328085127046e-16
1217.0058674417298,-3.97011833233598e-16,8.208963093631987e-16
1217.059321087759,-4.848435222671828e-17,8.095592285494411e-16
1217.1127744155451,-3.0082548266835256e-16,8.371983330426195e-16
1217.166227425094,-5.38335959369678e-16,7.346487675211726e-16
1217.2196801164107,-6.521427350958717e-16,7.283350465950205e-16
1217.2731324895017,-2.6319735737802983e-16,7.762339708403686e-16
1217.326584544372,-1.191759850499743e-16,9.846415353612086e-16
1217.3800362810277,-5.77487952670057e-16,7.9118286936166e-16
1217.4334876994747,2.891366004980591e-16,1.138933891327315e-15
1217.486938799718,-4.965746549168628e-16,6.657939903952786e-16
1217.540389581764,-9.511192169793748e-16,5.092418903431412e-16
1217.5938400456178,-6.542651677939051e-16,6.790347716545485e-16
1217.6472901912853,-7.644027383578129e-16,4.795775753929547e-16
1217.7007400187724,-5.503114770263379e-16,6.111578825473965e-16
1217.7541895280845,-3.358394495558046e-16,7.40406644599694e-16
1217.8076387192273,8.850410024697745e-18,8.955769938168228e-16
1217.8610875922063,-4.824014082366107e-16,4.804548127804139e-16
1217.914536147028,-1.4534410113761714e-16,8.134289683769084e-16
1217.967984383697,-3.705198113941153e-16,7.863611260144991e-16
1218.02143230222,-1.5073893860960672e-16,7.706898412215936e-16
1218.0748799026017,1.3112214366736059e-17,8.949874187479088e-16
1218.1283271848486,-3.2134351489058294e-16,6.634101368085781e-16
1218.181774148966,-6.947825981195512e-16,4.996602092242062e-16
1218.2352207949596,7.235209478174298e-17,7.962457656163049e-16
1218.2886671228348,2.90855555274771e-16,8.379313813822604e-16
1218.342113132598,5.55265470684623e-16,1.0886825776690303e-15
1218.395558824254,8.172494893163533e-18,8.408187764731899e-16
1218.4490041978092,-1.19924301661422e-16,7.720935273578041e-16
1218.502449253269,-5.403646513152723e-16,6.720368028330505e-16
1218.555893990639,-1.436642351155728e-16,7.940949466700313e-16
1218.6093384099254,2.5199788628908455e-16,8.852842320319671e-16
1218.6627825111332,-3.896119322148409e-16,7.042945039631159e-16
1218.7162262942684,5.516451004016195e-16,1.0370174933895723e-15
1218.7696697593362,-7.353930053684117e-16,6.33494281640933e-16
1218.8231129063433,-8.675260198490187e-16,5.361772952354109e-16
1218.8765557352945,1.2106965328564324e-16,6.464424182246749e-16
1218.9299982461957,3.3058221445616065e-17,8.304449473892135e-16
1218.9834404390526,1.3233468395431736e-16,8.636538899997491e-16
1219.036882313871,4.867036016635522e-16,1.0132022380943733e-15
1219.0903238706564,-7.259047234249908e-17,8.415147176553241e-16
1219.1437651094145,5.818111978897745e-16,1.0770658126915679e-15
1219.1972060301512,-1.510056370756924e-16,8.79735856904097e-16
1219.250646632872,-3.3673429308376093e-16,5.946360908373813e-16
1219.3040869175827,-3.88800557195937e-16,6.585011938507606e-16
1219.3575268842887,-3.5814338784859144e-16,6.28002099936562e-16
1219.4109665329959,-2.0595903864348958e-16,6.501064291563104e-16
1219.46440586371,-5.18461011258528e-16,5.502670738527158e-16
1219.5178448764364,2.4134303008773424e-16,8.79977618864253e-16
1219.5712835711813,-1.8643739291961423e-16,7.315429057640392e-16
1219.6247219479496,-2.3303976834133024e-16,7.32344228045535e-16
1219.678160006748,-1.2203787510905933e-16,6.959596374966681e-16
1219.7315977475812,-1.4477322853463051e-16,7.254919763287457e-16
1219.7850351704553,-5.342916060858652e-16,5.398429148787455e-16
1219.8384722753763,3.7321943457749427e-16,9.099472847017544e-16
1219.8919090623492,-1.3403633467132672e-16,7.175696995155854e-16
1219.94534553138,-5.737401853968023e-16,4.929420323141085e-16
1219.9987816824744,-2.8248608760133983e-16,6.534093875890679e-16
1220.0522175156384,-3.230558066239308e-17,6.884472986373937e-16
1220.105653030877,1.1333506099296053e-16,8.169569133046978e-16
1220.1590882281962,-2.394982242887385e-16,6.53861378099159e-16
1220.2125231076018,-9.017342412591286e-17,7.420984964923115e-16
1220.2659576690994,-3.636234693661865e-16,4.743931847808508e-16
1220.3193919126945,-4.571356259090937e-16,6.341569512524861e-16
1220.372825838393,6.168735485076198e-17,8.286610131240793e-16
1220.4262594462007,1.9659537133202095e-16,7.861000886523151e-16
1220.4796927361226,1.3644360043557423e-15,1.1608408470854015e-15
1220.533125708165,3.115706197681359e-16,8.349180122273454e-16
1220.5865583623336,3.5652822677351874e-16,8.81642766429195e-16
1220.6399906986337,2.271997430198909e-16,8.38713108219294e-16
1220.6934227170711,-2.049478485576385e-16,7.272759777682014e-16
1220.7468544176515,-5.115489447357131e-16,6.305261541996172e-16
1220.8002858003808,-5.96123473051878e-16,5.7257523482298385e-16
1220.8537168652645,4.0654680778486053e-16,9.38900522366827e-16
1220.9071476123079,-3.498273302223938e-16,6.623479069094229e-16
1220.9605780415172,-2.5859787164046844e-16,6.243684371081285e-16
1221.0140081528978,-3.0048818764815114e-16,5.991232894277324e-16
1221.0674379464556,-5.547137809488782e-16,3.5420889609604807e-16
1221.1208674221962,-4.364029106374879e-16,4.1231506594604634e-16
1221.1742965801247,-6.926099473131901e-17,6.989510049821832e-16
1221.2277254202477,-1.0886852811265451e-16,7.353586186149566e-16
1221.2811539425704,-2.3191158852868016e-16,6.597113190023082e-16
1221.3345821470984,-2.5938726037570946e-16,6.131257829797708e-16
