trappist-1/STIS/new_bk_means/TRAPPIST-1_G140M_newbk_mean_2017-09.ecsv
# %ECSV 0.9
# ---
# datatype:
# - name: WAVELENGTH
#   unit: Angstrom
#   datatype: float64
# - name: FLUX
#   unit: erg / (Angstrom cm2 s)
#   datatype: float64
# - name: ERROR
#   unit: erg / (Angstrom cm2 s)
#   datatype: float64
# delimiter: ','
# schema: astropy-2.0
WAVELENGTH,FLUX,ERROR
[from data line 251]
1207.9555522654607,3.862364632939715e-16,1.7758952454504406e-15
1208.009053870601,1.4536815747269e-15,2.0044993103325816e-15
1208.0625551557941,1.4187905825935473e-15,1.938463153124437e-15
1208.1160561210456,7.338018494452056e-17,1.5955520157841128e-15
1208.169556766362,2.85391286856527e-16,1.7201483178033382e-15
1208.223057091748,1.115940105908796e-16,1.6736023287154984e-15
1208.27655709721,1.8700867139784008e-16,1.6839170113682989e-15
1208.3300567827532,2.471706970682769e-16,1.6845059585056036e-15
1208.3835561483836,2.315429903509766e-16,1.6911437959381779e-15
1208.4370551941074,6.8718767340966e-16,1.8249139597312323e-15
1208.4905539199299,6.245596495409846e-16,1.7981751528168902e-15
1208.5440523258567,6.715597250157894e-16,1.8355419078117573e-15
1208.5975504118937,1.179309789400588e-16,1.7117260071809056e-15
1208.651048178047,1.0351725584415e-16,1.6653280268279376e-15
1208.7045456243216,1.0632576534909797e-17,1.6445237320218618e-15
1208.7580427507237,1.3596040652550996e-16,1.732416609064918e-15
1208.811539557259,5.899853798913013e-16,1.7806205560870823e-15
1208.8650360439333,5.016160770217463e-16,1.7548118832196424e-15
1208.9185322107521,4.411524736807094e-16,1.7674849448845896e-15
1208.9720280577214,8.550135400162181e-16,1.8644790552694576e-15
1209.0255235848467,4.464834359124499e-16,1.7389928749077218e-15
1209.079018792134,4.47988230667816e-16,1.6977583700725262e-15
1209.1325136795892,4.364222311212045e-16,1.7519522067815155e-15
1209.1860082472172,2.688842920564904e-17,1.608885513965742e-15
1209.2395024950245,5.040030247090398e-16,1.7679614681009014e-15
1209.2929964230163,4.733519458618199e-16,1.7511185119558915e-15
1209.3464900311988,-3.2246679320129664e-17,1.5448041164922062e-15
1209.3999833195778,3.3051887401979087e-16,1.7169884106707187e-15
1209.4534762881588,3.920088573164412e-16,1.6898876019361453e-15
1209.5069689369475,3.4235800800684364e-16,1.6788083827946706e-15
1209.5604612659495,7.595557547180197e-16,1.7850022193998816e-15
1209.6139532751708,9.755083200280332e-16,1.7526874054414471e-15
1209.6674449646168,1.4265552533157996e-16,1.5870953291850778e-15
1209.720936334294,1.0111517252698207e-16,1.6383479034007327e-15
1209.7744273842072,-2.944866390590934e-16,1.5204270226100432e-15
1209.8279181143628,-2.0231225071186134e-16,1.5883979343875117e-15
1209.8814085247664,1.5412583961636066e-16,1.6646471958790777e-15
1209.9348986154234,2.858985134056075e-16,1.6345671346979972e-15
1209.9883883863397,5.946142917902327e-16,1.6829472046184122e-15
1210.0418778375213,1.1417860396678425e-15,1.7871836606954623e-15
1210.0953669689734,4.047410530303531e-16,1.6313326033421464e-15
1210.1488557807024,6.248926050705434e-16,1.671130610602231e-15
1210.2023442727136,1.819258146620999e-15,1.9639339586701087e-15
1210.2558324450129,7.554865284216224e-16,1.7168032204756183e-15
1210.3093202976056,1.6289156760258849e-16,1.6446308595072275e-15
1210.362807830498,-4.1179133537628235e-17,1.5229002300751429e-15
1210.4162950436958,-2.5124317107466337e-16,1.5428857370772004e-15
1210.4697819372043,4.4895549865032456e-17,1.5642896331173403e-15
1210.5232685110295,-3.3572485294103993e-16,1.5077426983170286e-15
1210.5767547651772,-2.5800726631746617e-16,1.4737274515036342e-15
1210.6302406996529,4.333061204607176e-16,1.68081057208155e-15
1210.683726314463,9.716903910021365e-16,1.877207601060445e-15
1210.7372116096124,3.6753083440430685e-16,1.687332970662875e-15
1210.7906965851068,6.251164769496481e-16,1.735845542456804e-15
1210.8441812409526,3.2613536692141545e-16,1.6275044636173245e-15
1210.8976655771553,-1.4774103643073212e-16,1.5590272025112128e-15
1210.9511495937204,1.1431079598646936e-16,1.602865673664333e-15
1211.0046332906536,5.26063615612693e-16,1.7113519132702e-15
1211.058116667961,4.62781403933499e-16,1.6551457126342754e-15
1211.1115997256481,3.7182010017238714e-16,1.5670961962443682e-15
1211.1650824637209,-5.376451473803411e-16,1.3546330776597705e-15
1211.2185648821846,4.719396565438891e-16,1.6834612241984232e-15
1211.2720469810452,6.698666617843402e-16,1.6672173798050188e-15
1211.3255287603085,1.1467855048304033e-15,1.7844474580647223e-15
1211.3790102199803,5.336788925431457e-16,1.7104446297348145e-15
1211.432491360066,2.7483931227369274e-16,1.5868178110868265e-15
1211.4859721805717,-2.0703240491967391e-16,1.511447389843073e-15
1211.539452681503,-3.824694012982321e-16,1.4297073662790326e-15
1211.5929328628656,6.201729683755196e-16,1.6475496747399551e-15
1211.646412724665,7.865867620505872e-16,1.6690070169185727e-15
1211.6998922669075,1.668006847061416e-15,1.797057607533676e-15
1211.753371489598,2.166824881691315e-15,1.8626618774190718e-15
1211.8068503927432,1.8201257270075502e-16,1.5319910014182939e-15
1211.860328976348,-2.226840472685564e-16,1.447746840167005e-15
1211.9138072404187,-1.2380085481704827e-16,1.4693306216840711e-15
1211.9672851849607,8.180178318216861e-17,1.5332698937193261e-15
1212.0207628099797,9.9261291466927e-16,1.733772856436637e-15
1212.0742401154814,1.046816585956078e-15,1.6924847127172947e-15
1212.1277171014722,3.383210421477541e-16,1.5810533463479064e-15
1212.181193767957,3.5039565333103827e-16,1.6315974443688298e-15
1212.2346701149418,-1.1146312688575472e-17,1.4657633374693973e-15
1212.2881461424322,-2.4558374506614047e-16,1.4005855919071737e-15
1212.3416218504342,4.616881265982966e-16,1.6365071437146734e-15
1212.3950972389534,4.97636458941697e-16,1.5938446990799776e-15
1212.4485723079958,-2.095260254994852e-16,1.4818631591337735e-15
1212.5020470575666,-6.863500572938829e-16,1.3047721945902515e-15
1212.5555214876717,-1.2254654740185714e-16,1.4563393956983336e-15
1212.608995598317,-5.200523312179193e-16,1.344604147962934e-15
1212.6624693895085,-3.435711688184629e-16,1.392440212583962e-15
1212.715942861251,1.132826308136283e-16,1.4532215958871588e-15
1212.7694160135513,-3.594307892132503e-17,1.4278117925167857e-15
1212.8228888464143,-1.6971925352369226e-16,1.4569482662137576e-15
1212.876361359846,2.0532309233825828e-16,1.5267339833341217e-15
1212.9298335538524,1.388748855863079e-16,1.5289265542724999e-15
1212.9833054284386,1.199952646185897e-16,1.5792572956335334e-15
1213.036776983611,-4.477450481468765e-16,1.3731618288352718e-15
1213.0902482193749,1.8342814408104942e-16,1.5058428822437388e-15
1213.1437191357363,-6.797588617930633e-17,1.4191233475352586e-15
1213.1971897327005,-1.5536009171990253e-16,1.4542575613417683e-15
1213.2506600102738,-2.5023820095079007e-16,1.5088196185354474e-15
1213.3041299684617,1.6263479505764815e-15,1.81162021538396e-15
1213.3575996072695,6.766216451744276e-16,1.5915363990332954e-15
1213.4110689267036,-2.979690262540702e-16,1.339398768647628e-15
1213.4645379267693,-9.030670703217164e-16,1.1816087891032652e-15
1213.5180066074722,-5.184848085362937e-16,1.2817753765520857e-15
1213.5714749688182,-8.794749521883679e-16,1.1664642566950651e-15
1213.6249430108135,-4.247251720254454e-16,1.4109109663859185e-15
1213.678410733463,1.8727483489792244e-16,1.4998124866260322e-15
1213.7318781367728,1.400435729715365e-15,1.7364086872804351e-15
1213.785345220749,1.3598576894900168e-15,1.7063561411460736e-15
1213.8388119853967,2.1715821255870825e-16,1.481162555819843e-15
1213.8922784307217,-4.429247474466181e-17,1.3683678202901119e-15
1213.94574455673,5.813244132227766e-16,1.5106907589527991e-15
1213.9992103634272,3.180600557999778e-16,1.5004752787627481e-15
1214.0526758508192,-8.458565000625644e-17,1.3872374266563853e-15
1214.1061410189116,-3.2921105749086794e-16,1.2894865870040364e-15
1214.1596058677098,2.743926670340104e-16,1.4554673394459045e-15
1214.2130703972202,4.060654323882376e-16,1.5067482740784969e-15
1214.2665346074477,-2.5053030432777163e-16,1.3332193422646555e-15
1214.3199984983987,-3.136131327055617e-18,1.4085188583064098e-15
1214.3734620700784,1.325884011074744e-16,1.4513224868906482e-15
1214.426925322493,-1.5032846130370945e-16,1.3544582838511687e-15
1214.480388255648,4.717843763235059e-16,1.5051550160019168e-15
1214.533850869549,5.45667183532152e-17,1.4478484083483934e-15
1214.5873131642018,-3.085377343683218e-16,1.3306751938117444e-15
1214.6407751396123,3.0991864738267614e-17,1.3694562206174778e-15
1214.6942367957859,1.3456197076783852e-17,1.3764795783825625e-15
1214.7476981327286,-1.082468202629227e-16,1.3642993186055255e-15
1214.801159150446,-3.2725914117573607e-16,1.233868828334992e-15
1214.8546198489437,3.548907070579201e-16,1.4460763850094147e-15
1214.9080802282276,-1.0325549291382838e-16,1.2924173399469531e-15
1214.9615402883035,-2.665675509629588e-16,1.2172969186345467e-15
1215.0150000291767,-1.7042971899250957e-16,1.3778275646111497e-15
1215.0684594508537,3.177598483816147e-16,1.4788450552486944e-15
1215.1219185533394,-2.8143170662386865e-16,1.2760558326174464e-15
1215.1753773366397,-1.256363567777457e-17,1.3670343367861425e-15
1215.2288358007606,1.4042358450588607e-16,1.415047118533724e-15
1215.2822939457078,6.592603858941256e-16,1.5611455997693449e-15
1215.3357517714867,1.0902966161161987e-15,1.7290824825631892e-15
1215.3892092781034,-1.9404192552563243e-16,1.6292998408916289e-15
1215.4426664655632,-1.8625791834068507e-16,1.6828208222680235e-15
1215.496123333872,-7.653913363960948e-16,2.0133059024008015e-15
1215.5495798830357,-1.0193433425526744e-16,2.555734617121006e-15
1215.60303611306,-1.1980503718977851e-15,3.144818370877104e-15
1215.65649202395,-4.52933369662725e-16,3.787977373008246e-15
1215.7099476157125,-1.8408708726237444e-16,3.5306572453871818e-15
1215.7634028883522,4.1984894775094764e-17,2.8536852779799e-15
1215.8168578418754,-1.846169999397723e-15,2.0393572504243565e-15
1215.8703124762874,-5.063706118873096e-16,1.7098456896997315e-15
1215.9237667915945,-2.7998851016388424e-16,1.4477988395497018e-15
1215.9772207878018,-5.153517245362042e-16,1.3499473039693643e-15
1216.0306744649154,3.6930751756330084e-16,1.5433439487098553e-15
1216.084127822941,9.350968052245429e-16,1.4781429262702953e-15
1216.137580861884,-2.607266947715843e-16,1.2431201803501842e-15
1216.1910335817506,3.5415991885361483e-17,1.2722813969147638e-15
1216.244485982546,6.949057672462416e-16,1.4750992318374481e-15
1216.2979380642762,3.990660895402244e-16,1.4625398495184155e-15
1216.3513898269468,-1.776074620448449e-16,1.3441775305210994e-15
1216.404841270564,-2.433747866254451e-16,1.2637477330729083e-15
1216.4582923951325,3.80354134692591e-16,1.4263962651310353e-15
1216.511743200659,9.22258051469755e-16,1.5409472388254094e-15
1216.5651936871488,3.4372980780463742e-16,1.314083847320126e-15
1216.6186438546076,1.1719255375093239e-15,1.5163413188514722e-15
1216.6720937030414,7.111431908178096e-15,2.1676636273447375e-15
1216.725543232455,2.011803963000049e-14,3.54966438817165e-15
1216.7789924428553,3.791892103456088e-15,1.9024514659863555e-15
1216.8324413342473,-2.3247095341803434e-20,1.2619486210707035e-15
1216.885889906637,-4.209154653966793e-16,1.2123204412906666e-15
1216.9393381600298,-5.436220043119254e-16,1.108961621353863e-15
1216.992786094432,-4.68550193094259e-16,1.1640137701774845e-15
1217.0462337098486,-5.2478790327365406e-17,1.29560682373279e-15
1217.099681006286,3.0843061836019e-16,1.3212110123694678e-15
1217.1531279837488,-1.471032343348907e-16,1.2367156363999647e-15
1217.2065746422443,-2.227715295431577e-16,1.2311386697865241e-15
1217.260020981777,-7.120913824109414e-16,1.1158441246204264e-15
1217.313467002353,-9.339881256750387e-16,1.055191993216364e-15
1217.366912703978,-2.526565741754573e-16,1.2148833985539561e-15
1217.4203580866579,2.859945576204458e-16,1.3332690234665225e-15
1217.473803150398,-5.620660017029759e-16,1.138926868302413e-15
1217.527247895204,-4.709255595722905e-16,1.085589251801228e-15
1217.5806923210823,-3.6748214678978075e-16,1.0751010572575113e-15
1217.634136428038,2.842477852091223e-16,1.3198486864011655e-15
1217.6875802160769,-2.216786331868918e-16,1.1751071406191466e-15
1217.7410236852047,7.759165438990317e-17,1.256572300094461e-15
1217.7944668354273,-2.735218913927071e-16,1.1439973372040099e-15
1217.8479096667504,-2.644984401942716e-16,1.1903009881384808e-15
1217.9013521791792,-6.553403007877952e-17,1.1656982566043387e-15
1217.95479437272,1.1358998243782966e-15,1.3549155048735093e-15
1218.0082362473784,3.586809907964554e-15,1.7636793599253832e-15
1218.06167780316,7.858669983500432e-16,1.3190345231593436e-15
1218.1151190400703,9.695335918821108e-17,1.2342758249080979e-15
1218.1685599581156,5.898747380040295e-16,1.3937088337847151e-15
1218.222000557301,8.760951486087564e-16,1.3997144470753073e-15
1218.2754408376325,7.640425732629775e-16,1.3598704875623317e-15
1218.3288807991157,5.728096972880295e-17,1.1732888383377496e-15
1218.3823204417565,-1.1698864762621964e-16,1.1770239429790147e-15
1218.4357597655603,-5.337036375283996e-16,9.412812529983212e-16
1218.489198770533,-4.555594503373978e-16,1.0845477184927423e-15
1218.5426374566805,-4.766788357713281e-16,1.0862395268374268e-15
1218.596075824008,-3.5367455244604453e-16,1.0852935951626032e-15
1218.6495138725213,-7.429884541911294e-16,1.0359006523813403e-15
1218.7029516022267,-1.311102879829143e-16,1.2247459470029827e-15
1218.7563890131296,5.651052701963644e-16,1.336914992289481e-15
1218.8098261052355,-1.5289201880192545e-16,1.105379402400889e-15
1218.8632628785501,-4.455197055987517e-18,1.1967252540636388e-15
1218.9166993330794,5.94596737394048e-16,1.3027427916268182e-15
1218.9701354688286,-2.0686078165022647e-16,1.142744053701145e-15
1219.0235712858039,-1.9609967205028093e-16,1.123604957335028e-15
1219.077006784011,-6.209334610541694e-16,9.509382179375156e-16
1219.1304419634553,-5.400184346389498e-16,9.965564077989385e-16
1219.1838768241428,-4.255181491982348e-16,1.0523144046876844e-15
1219.2373113660788,-2.3527231256973417e-16,1.0228961852714693e-15
1219.2907455892691,7.665353521884867e-17,1.1979067780041091e-15
1219.34417949372,-3.7393569407855495e-16,9.81293340460123e-16
1219.3976130794365,-4.214116869397225e-16,1.1026223408767277e-15
1219.4510463464246,-6.508812278933457e-16,1.0022797502809051e-15
1219.50447929469,-3.596711344641878e-16,1.037059707555416e-15
1219.5579119242386,1.709865070617936e-16,1.1990535200934133e-15
1219.6113442350754,2.982577550881012e-16,1.2681896408550062e-15
1219.664776227207,-1.1840092415383147e-17,1.131528714809417e-15
1219.7182079006384,7.315106530545361e-17,1.1837289460507166e-15
1219.771639255376,3.937567488739264e-17,1.0847089404577364e-15
1219.8250702914247,1.5257314962631136e-15,1.4533724133211475e-15
1219.8785010087906,-7.382585646368422e-17,1.0679607669615884e-15
1219.9319314074796,-2.602852138323426e-17,1.112472776143424e-15
1219.9853614874971,4.536797876758448e-16,1.235091558870534e-15
1220.0387912488488,-1.1172298387185736e-16,1.0672202338054421e-15
1220.0922206915404,3.4500801643360335e-16,1.1575764454735992e-15
1220.145649815578,1.2337929489054853e-16,1.1321675614513738e-15
1220.199078620967,-5.275303118067126e-16,9.13792097070524e-16
1220.252507107713,-4.3257587095804783e-16,9.90989982740798e-16
1220.3059352758219,1.756882727586901e-15,1.4226500785235982e-15
1220.359363125299,3.0586307174403136e-15,1.6497449727996117e-15
1220.4127906561507,5.028272287436803e-16,1.112538722382962e-15
1220.4662178683818,-1.386428071014772e-16,1.0264045278549693e-15
1220.519644761999,3.142913212317144e-17,1.1397186978509707e-15
1220.5730713370071,2.436923131486008e-16,1.170741800066705e-15
1220.6264975934125,-3.2337115353297274e-16,1.0437541817961896e-15
1220.6799235312205,-5.021930538161291e-16,9.527879942049128e-16
1220.7333491504369,-1.4585488367823673e-16,1.030327366268916e-15
1220.7867744510677,-1.6212962480901656e-16,1.0508310368939637e-15
1220.8401994331177,-1.634617216566257e-16,1.0470660385489862e-15
1220.8936240965936,-1.0559426281199564e-16,1.008037939496062e-15
1220.9470484415008,-9.459833596553664e-17,1.062289037963351e-15
1221.0004724678445,-5.991050405155837e-17,1.0355894680608862e-15
1221.0538961756313,-1.5969828197648326e-16,9.573019721542234e-16
1221.107319564866,-1.5289449071966495e-16,1.0009441493367308e-15
1221.1607426355547,-1.5891101467071725e-16,1.025558008337528e-15
