trappist-1/STIS/new_bk_means/TRAPPIST-1_G140M_newbk_mean_2018-09.ecsv
# %ECSV 0.9
# ---
# datatype:
# - name: WAVELENGTH
#   unit: Angstrom
#   datatype: float64
# - name: FLUX
#   unit: erg / (Angstrom cm2 s)
#   datatype: float64
# - name: ERROR
#   unit: erg / (Angstrom cm2 s)
#   datatype: float64
# delimiter: ','
# schema: astropy-2.0
WAVELENGTH,FLUX,ERROR
[from data line 752]
1235.124919292848,1.413305128355352e-16,3.37544601497927e-16
1235.178439800301,3.22221668635632e-16,4.780195803700982e-16
1235.2319600650053,2.836925111857176e-16,4.0616495612617746e-16
1235.285480086964,7.002724324103261e-16,6.973308165796747e-16
1235.338999866181,7.16420886353222e-16,6.227630309601535e-16
1235.392519402659,2.1950481319521322e-16,3.6770412659701945e-16
1235.4460386964017,1.8733002665404787e-16,3.5791862308624593e-16
1235.499557747412,3.5368652948595725e-16,4.275314149811584e-16
1235.5530765556937,2.955839250156161e-16,4.046269547554875e-16
1235.6065951212497,2.9667688070670685e-16,3.4810665779392855e-16
1235.6601134440834,2.1285429410613189e-16,2.9456866476439877e-16
1235.713631524198,1.1907939477089173e-16,2.712996437082634e-16
1235.7671493615974,2.0707482962563437e-16,3.037996156064027e-16
1235.8206669562842,2.8417801477746276e-16,3.813985552040634e-16
1235.874184308262,4.967209512017474e-16,4.479611252388327e-16
1235.927701417534,3.6791597743349883e-16,3.5798121047544635e-16
1235.9812182841038,2.844512377070429e-16,3.319081841892758e-16
1236.034734907974,5.831041371494376e-16,5.758155288232023e-16
1236.0882512891485,7.269750899095365e-17,1.991405010065203e-16
1236.1417674276308,9.764725585702102e-17,2.1216724390797207e-16
1236.1952833234234,3.267956329322745e-16,3.433433130759234e-16
1236.2487989765302,2.987330088138952e-16,3.27246168165545e-16
1236.3023143869548,2.9479017457685316e-16,3.2254729941035746e-16
1236.3558295546998,8.068321636645086e-17,1.9495459857851764e-16
1236.4093444797688,1.0895354224491828e-16,2.653610189903336e-16
1236.462859162165,5.880009888177729e-16,5.516156159145697e-16
1236.5163736018917,5.097646420820627e-16,4.731370452522295e-16
1236.5698877989525,1.023578770694874e-16,2.5879259539003747e-16
1236.6234017533504,1.0007809616996492e-18,2.0407182850747775e-16
1236.6769154650888,1.3221926133136493e-16,2.6449470099562167e-16
1236.730428934171,1.6019790169792383e-16,2.698546226457392e-16
1236.7839421606,2.4046861266141883e-16,3.621300695168621e-16
1236.8374551443799,2.4606952336291893e-16,3.471987952530916e-16
1236.890967885513,1.1464947675943017e-16,2.0780907732542948e-16
1236.944480384003,3.7372264237842106e-16,4.1701049589734205e-16
1236.9979926398537,2.9371359688757714e-16,3.661561489904165e-16
1237.051504653068,1.8247788628123415e-16,2.863552473601075e-16
1237.105016423649,1.1473897596631482e-16,2.459637032900303e-16
1237.1585279516,1.6506677447345785e-16,2.835604131748024e-16
1237.2120392369247,3.797538950090934e-16,4.579049652185252e-16
1237.2655502796263,2.2022980339033486e-16,3.227665870401314e-16
1237.3190610797078,2.6530415765072616e-16,3.0322994404321443e-16
1237.3725716371728,4.156444687109352e-16,4.0289353596652947e-16
1237.4260819520243,5.892565141837738e-16,5.127831497172238e-16
1237.4795920242661,4.706875621249619e-16,4.552578818643719e-16
1237.533101853901,4.230069705405565e-16,3.8560165575834795e-16
1237.5866114409325,3.941860480893093e-16,4.3607177338738774e-16
1237.640120785364,4.867493690840718e-16,5.323208971744e-16
1237.6936298871988,4.16534849959293e-16,4.429716354565487e-16
1237.7471387464395,2.9103138338077806e-16,3.4993330557693736e-16
1237.8006473630903,6.600449782665928e-16,4.8963969279136e-16
1237.8541557371543,3.874397877557229e-16,4.129372556170784e-16
1237.9076638686347,2.138900226761664e-16,2.781238375559292e-16
1237.9611717575349,3.0659143854617412e-16,2.539866431806911e-16
1238.0146794038576,3.1598635973968285e-16,3.7801751654020904e-16
1238.068186807607,1.3778445208322546e-16,2.6829446422960086e-16
1238.1216939687858,-7.072419377071613e-17,5.694898950622496e-17
1238.1752008873978,-3.384106892907122e-17,9.102319715654489e-17
1238.2287075634456,1.1013871304563198e-16,2.3334443310454237e-16
1238.282213996933,1.4897433907904878e-17,1.6037912761349454e-16
1238.335720187863,2.1406101256975212e-17,1.8294294962015032e-16
1238.3892261362394,1.7845454838383812e-16,3.3491084321240125e-16
1238.442731842065,3.606156718937715e-16,3.924838641896237e-16
1238.4962373053434,1.6946060448591548e-16,2.3048557207913574e-16
1238.5497425260776,1.6555339846755048e-16,2.429194796986881e-16
1238.6032475042712,2.9878602568899215e-16,3.3490317146805614e-16
1238.656752239927,2.2863121551673565e-16,2.5303044953092843e-16
1238.7102567330494,4.644993230305498e-16,2.8046377466387824e-16
1238.7637609836404,2.295463687518876e-16,2.0209627966518317e-16
1238.8172649917042,6.319425418711501e-17,1.5286598933827055e-16
1238.8707687572432,2.7072309538559183e-16,2.9093983926607653e-16
1238.924272280262,3.5319696715930883e-16,3.5932973441771047e-16
1238.9777755607627,8.068179797722905e-16,5.644144257033787e-16
1239.031278598749,4.589554468167183e-16,4.0950270183401774e-16
1239.0847813942244,2.9020824711081913e-16,3.280021731829147e-16
1239.138283947192,3.8366339393004546e-16,3.92314054795653e-16
1239.1917862576552,-1.503333846511555e-18,6.377871080335059e-17
1239.2452883256174,1.4855606479924687e-16,2.081688597219678e-16
1239.2987901510812,9.158822972387613e-17,1.7742643044117227e-16
1239.352291734051,1.4913385417928533e-16,1.8187399872971247e-16
1239.4057930745294,-2.8572974954295416e-19,6.042081396356746e-17
1239.4592941725195,1.6241122338576614e-16,2.4655458841388835e-16
1239.5127950280255,3.603193687117427e-16,3.1650822509647065e-16
1239.5662956410497,5.977484189791111e-16,4.1653053198913165e-16
1239.619796011596,3.5007364278897545e-16,3.3830911123108354e-16
1239.6732961396676,2.8160423710231605e-16,3.175394828151027e-16
1239.7267960252675,1.2766347443004876e-16,1.9101670669100497e-16
1239.7802956683993,2.7111782031044413e-16,2.8765074453639933e-16
1239.8337950690661,3.4637451110522635e-16,3.3960306232679713e-16
1239.8872942272717,3.478637289286101e-16,2.681388620540454e-16
1239.9407931430185,2.658855197481608e-16,2.9205125149989314e-16
1239.9942918163106,1.2985390887921159e-16,1.999447950736302e-16
1240.047790247151,4.763377138013087e-17,1.3107008662975272e-16
1240.101288435543,1.6603027767267868e-16,2.3781562641492783e-16
1240.1547863814897,5.172481536524966e-16,4.859231967394364e-16
1240.2082840849946,6.693190902157761e-16,5.286643613397952e-16
1240.2617815460612,3.3461278497554533e-16,2.799484387331685e-16
1240.3152787646925,4.438459012829484e-16,3.426261800934193e-16
1240.3687757408918,4.977503499892801e-16,3.808270560180209e-16
1240.4222724746626,2.771927878912304e-16,2.3593853747222984e-16
1240.475768966008,2.4989767661656685e-16,2.9184696433541965e-16
1240.5292652149312,8.041022564061234e-17,1.3920493908617103e-16
1240.582761221436,1.9043740342142695e-16,1.839170458185562e-16
1240.636256985525,1.0966117725668729e-16,1.4851416173164986e-16
1240.6897525072022,2.0138319167092156e-16,1.9115621001862863e-16
1240.7432477864702,1.140196207003695e-16,1.524118876166295e-16
1240.7967428233326,8.696996340423962e-17,1.419404784492081e-16
1240.850237617793,1.0545492663372372e-16,1.858561407846614e-16
1240.9037321698545,3.21312857794881e-16,2.3628775305207153e-16
1240.9572264795202,3.529299114410807e-16,3.087078836239105e-16
1241.0107205467934,3.609856978756689e-16,3.3629877190966416e-16
1241.0642143716777,7.212660741659537e-16,4.632731928919539e-16
1241.1177079541758,3.3220922611265056e-16,2.501997277094772e-16
1241.171201294292,3.533932990965368e-16,3.202803505015752e-16
1241.2246943920286,3.9717401050816114e-16,4.314363451675677e-16
1241.2781872473895,2.652104814064555e-16,3.1248185343158415e-16
1241.3316798603776,4.747272507716598e-16,2.8528481334516195e-16
1241.3851722309967,4.697929243595894e-17,4.656488672703947e-17
1241.4386643592493,4.0590556906353176e-16,3.0824870728022445e-16
1241.4921562451395,2.7727627044329005e-16,3.0463741928558955e-16
1241.5456478886701,9.417788937844462e-17,1.4993104937377986e-16
1241.5991392898447,9.085118448003021e-17,1.3576350892106475e-16
1241.6526304486665,4.819454524676661e-16,4.549937712640114e-16
1241.7061213651386,2.8072627407925605e-16,3.120362289583239e-16
1241.7596120392645,3.4963559212851544e-16,3.2298313702723744e-16
1241.8131024710472,3.893957046776072e-16,4.207258363709045e-16
1241.8665926604906,2.595978123049164e-16,3.0077633916193547e-16
1241.9200826075974,-5.855854214269191e-18,3.5760653545608987e-17
1241.9735723123715,4.912069905217521e-17,1.0462557175566738e-16
1242.0270617748154,8.982186545812251e-17,1.3358458813585384e-16
1242.0805509949328,-2.508666145868145e-17,1.5882777521080318e-17
1242.1340399727274,3.4599571670180434e-16,3.860791918065316e-16
1242.1875287082016,2.7796136002387274e-16,3.1678552223780126e-16
1242.2410172013595,-7.003550664143042e-18,3.238644745245949e-17
1242.2945054522038,4.486654090236991e-16,3.452723609425498e-16
1242.3479934607383,3.1182848673606553e-16,2.9031215425883933e-16
1242.4014812269659,4.0047680713328177e-16,3.476759586018871e-16
1242.4549687508902,1.33646966128233e-16,1.6410739440021177e-16
1242.5084560325142,1.1758134048928002e-16,1.557943701578168e-16
1242.5619430718416,3.637816102160497e-16,3.2615999160596763e-16
1242.6154298688753,1.3228807955035592e-16,1.6417677969567965e-16
1242.6689164236186,1.818507022135687e-16,2.32475472499543e-16
1242.722402736075,2.587521474789918e-16,2.9807096066946233e-16
1242.7758888062478,1.0464140185219172e-16,1.4441777526749134e-16
1242.8293746341403,2.4850467734749286e-16,2.864614753810903e-16
1242.8828602197555,2.384694666787665e-16,2.0156237767061433e-16
1242.936345563097,1.0337256643982874e-16,1.3695951295567305e-16
1242.9898306641678,2.2909747213653227e-16,2.672392171371729e-16
1243.0433155229714,1.054093113352213e-16,1.441976648351336e-16
1243.096800139511,3.7992965235569457e-16,4.187046470542348e-16
1243.1502845137904,3.269340090964796e-16,3.169698729151703e-16
1243.2037686458123,7.112913797247062e-16,6.080579842980292e-16
1243.25725253558,2.4168886017105107e-16,2.8286994647969274e-16
1243.3107361830967,1.9505105232236725e-16,2.392380282587836e-16
1243.3642195883663,1.0477144259371094e-16,1.4514920944733285e-16
1243.4177027513915,3.529462865284576e-16,3.1765002643910563e-16
1243.4711856721758,-3.0652544660176774e-17,7.631950893569293e-18
1243.5246683507228,4.872717153563929e-16,3.5849049023288243e-16
1243.5781507870352,2.899253668883476e-16,3.5823186653946764e-16
1243.6316329811168,9.63636060743281e-17,1.377082407800082e-16
1243.6851149329705,3.962195150334863e-17,1.0461627668914562e-16
1243.7385966425998,-4.065468165010019e-17,6.505287800350282e-19
1243.7920781100079,5.295083380962675e-16,4.93159056061946e-16
1243.845559335198,-4.211378394299649e-17,3.5006151075707543e-19
1243.899040318174,9.173347805971828e-17,1.3400161075896546e-16
1243.9525210589384,5.029026680963216e-16,3.720976081304148e-16
1244.006001557495,4.899095152908958e-16,3.626078226535803e-16
1244.0594818138468,2.219901803100844e-16,1.8873761794380937e-16
1244.1129618279972,-4.243158720823785e-17,2.8416671710922476e-18
1244.1664415999496,8.739114300297878e-17,1.340860386873194e-16
1244.219921129707,-4.8110276950731984e-17,9.628720972249445e-20
1244.273400417273,-4.6180798789374584e-17,2.1764496667858343e-18
1244.3268794626508,-1.2878783155963251e-17,6.998729745973851e-17
1244.3803582658436,8.501373474131658e-17,1.335704050703543e-16
1244.4338368268548,-4.920552983881198e-17,9.249009650835275e-20
1244.4873151456875,-4.33142778508788e-17,6.0912708819978575e-18
1244.5407932223452,1.4817974682222993e-16,2.2475550720887645e-16
1244.5942710568313,3.129209848471481e-16,3.0575445278646244e-16
1244.6477486491485,-4.084542253731163e-17,1.5050553653076474e-17
1244.7012259993007,1.5356171632307644e-16,2.642294859430455e-16
1244.7547031072913,9.419320022860055e-17,1.4930225916613228e-16
1244.8081799731226,-4.6081479252370907e-17,9.044072633580277e-18
1244.8616565967989,7.843280741962063e-17,1.3454997391274345e-16
1244.9151329783233,8.363413301648672e-17,1.4162314879968933e-16
1244.9686091176989,-4.694158411057508e-17,1.1708352422236401e-17
1245.022085014929,9.225301658682797e-17,1.5065101189105135e-16
1245.075560670017,6.853469986351212e-17,1.283058807671597e-16
1245.1290360829662,6.194813495563458e-17,1.2324799255927222e-16
1245.1825112537795,7.212849323954238e-17,1.3530170737382543e-16
1245.2359861824607,6.549509921125925e-17,1.2830990911639365e-16
1245.2894608690126,7.210943406172543e-17,1.381158314120973e-16
1245.342935313439,-6.505978970306146e-17,9.006926998229822e-20
1245.3964095157428,-6.620751081648946e-17,8.981611727191781e-20
1245.4498834759274,-6.813936198670386e-17,9.108350023579446e-20
1245.5033571939964,-6.89827228916074e-17,9.032743469161645e-20
1245.556830669953,-7.069884808328044e-17,9.094684317316189e-20
1245.6103039037998,-5.4240522087392195e-17,1.825408260188214e-17
1245.6637768955409,7.802956239307571e-17,1.51491211722011e-16
1245.7172496451792,5.781918924095437e-17,1.3381803583265933e-16
1245.770722152718,5.4729808521386995e-17,1.3160185893099575e-16
1245.8241944181607,-7.735416636665997e-17,9.018165222611759e-20
1245.8776664415107,-7.989489703588999e-17,9.233673790598365e-20
1245.9311382227709,-6.124289156440559e-17,1.8555680886622688e-17
1245.984609761945,5.793532913367007e-17,1.4384352467579756e-16
1246.0380810590361,9.258521683986112e-17,1.9808917660440706e-16
1246.0915521140475,-8.548437263123054e-17,9.126904096158657e-20
1246.1450229269826,-6.472266385904919e-17,2.2062502064425007e-17
1246.1984934978445,4.623575387625614e-17,1.374487804015685e-16
1246.2519638266365,2.2096313667313907e-17,1.2528151701993358e-16
1246.305433913362,-4.528875018383328e-17,8.520240410191338e-17
1246.3589037580243,-7.094435628273482e-17,2.2724446591697557e-17
1246.4123733606264,3.565296513368942e-17,1.3111841023299733e-16
1246.4658427211718,3.58010128190386e-17,1.334076902085818e-16
1246.5193118396642,9.47290907368124e-18,1.0863718855147734e-16
1246.5727807161063,-7.689511109418524e-17,2.4531874711843273e-17
1246.6262493505017,5.3919611348124786e-17,1.566830663950506e-16
1246.6797177428534,1.3766931663110164e-16,2.425979429055987e-16
1246.7331858931648,1.8388457644516103e-17,1.2818214224922265e-16
1246.7866538014393,-1.516289457855622e-17,1.0831672715567431e-16
1246.8401214676803,-4.293378443651887e-18,1.1102223139727962e-16
1246.8935888918909,-1.0040158269614901e-16,3.476452185389076e-17
1246.9470560740742,-8.368257500802855e-17,2.8920642608170184e-17
1247.0005230142337,4.675340782246222e-17,1.6250024562718436e-16
1247.0539897123729,1.4394596764481917e-16,2.6130436917846667e-16
1247.1074561684945,8.079060686155737e-17,2.0075242401960427e-16
1247.1609223826026,-1.2127316953234794e-16,8.887695134255799e-20
1247.2143883546996,-1.234904984358551e-16,8.908440939000898e-20
1247.2678540847894,-9.257139254362415e-17,3.1427434261156456e-17
1247.3213195728752,1.1484713393295591e-17,1.326011130632671e-16
1247.3747848189603,9.674171219058862e-17,2.439963433667412e-16
1247.4282498230475,-1.8242331175193825e-17,1.1410229776938106e-16
1247.4817145851407,-9.990827386525845e-17,3.361318555012948e-17
1247.5351791052428,-4.352711639654944e-18,1.3252859160458148e-16
1247.5886433833575,-4.2921414997203797e-17,9.586125725945606e-17
1247.6421074194877,-1.0569070587440742e-16,4.2620362765745575e-17
1247.6955712136366,-1.2078737862744474e-17,1.5205704099727136e-16
1247.7490347658081,-5.618382468239386e-17,8.958530813757683e-17
1247.8024980760047,-1.4822132604903761e-16,8.848370060349251e-20
1247.8559611442306,-8.461892044280393e-18,1.0101154187773199e-16
1247.9094239704878,2.1769646447617702e-16,2.621537152116256e-16
1247.9628865547809,-1.1924130622515717e-16,3.754639876301076e-17
1248.0163488971127,3.280772533909068e-17,1.7564440319917667e-16
1248.069810997486,7.954565588581948e-17,2.0116908907432255e-16
1248.1232728559046,-1.2347055163189194e-16,3.8540556209328475e-17
1248.1767344723717,-7.380270066143435e-17,9.121415582237716e-17
1248.2301958468904,-1.6674592716247205e-16,8.543863981713068e-20
1248.2836569794645,-1.7050094955807323e-16,8.760469497402508e-20
1248.3371178700968,-1.733605695611508e-16,8.771615564663935e-20
1248.3905785187906,-1.492476058611493e-16,3.2322116237188155e-17
