trappist-1/STIS/new_trace_centers.ecsv
# %ECSV 0.9
# ---
# datatype:
# - {name: ROOTNAME, datatype: string}
# - {name: XCOL, datatype: float64}
# - {name: A2CENTER, datatype: float64}
# - {name: UNCERTAIN, datatype: float64}
# schema: astropy-2.0
ROOTNAME XCOL A2CENTER UNCERTAIN
oddv01030 395.6604414419345 186.79925253923625 1.0
odhsf1020 394.58705381187974 176.06537623868917 0.0
odhs16030 395.6604414419345 181.96900820399014 0.0
odhsg1040 389.7568094766335 147.6206040422394 0.0
odhs16010 396.73382907198913 181.4323143889627 0.0
odhs30030 393.513666181825 184.11578346409954 0.0
odhs05030 397.27052288701645 178.748845313826 0.0
odhs05010 398.3439105170712 174.99198860863453 0.0
odhs31070 391.3668909217156 183.04239583404478 0.0
odhs30040 393.513666181825 185.18917109415418 0.0
oddv01040 392.44027855177035 173.91860097857978 0.0
odhsf1010 394.0503599968524 178.21215149879856 0.0
odhsc2040 391.9035847367429 173.91860097857978 0.0
odhsc1030 387.6100342165241 173.38190716355246 0.0
odhsc2010 392.44027855177035 173.38190716355246 0.0
odhs08030 394.0503599968524 177.13876386874392 0.0
od3v02010 389.7568094766335 415.96751155591676 0.0
odhsg1010 390.8301971066883 132.5931772214734 0.0
odhsc1020 391.9035847367429 172.84521334852502 0.0
odhsg1030 390.29350329166095 153.52423600754025 0.0
odhs08010 394.0503599968524 175.52868242366185 0.0
odhsf1040 393.513666181825 176.6020700537166 0.0
odhs31040 392.97697236679767 187.872640169291 0.0
odhs07050 389.7568094766335 418.6509806310536 0.0
odhs32040 394.0503599968524 185.18917109415418 0.0
od3v01020 389.7568094766335 415.96751155591676 0.0
odhs08020 392.44027855177035 177.67545768377124 0.0
odhsb1020 388.6834218465789 151.91415456245818 0.0
odhsc1010 390.29350329166095 173.38190716355246 0.0
odhs07020 386.5366465864694 415.96751155591676 0.0
odhs05040 396.73382907198913 177.13876386874392 0.0
odhsb2020 389.2201156616062 192.1661906895098 0.0
odhs33050 390.8301971066883 181.4323143889627 0.0
odhs16020 391.9035847367429 183.5790896490721 0.0
odhs32010 394.0503599968524 185.7258649091816 0.0
oddv01020 390.8301971066883 171.23513190344295 0.0
odhsd1030 387.6100342165241 155.67101126764976 0.0
odhs30060 388.6834218465789 184.11578346409954 0.0
odhs07040 389.7568094766335 417.57759300099883 0.0
odhs33040 391.3668909217156 182.50570201901746 0.0
odhs33010 391.3668909217156 182.50570201901746 0.0
odhsf2020 386.5366465864694 145.47382878213 1.0
odhs29020 391.9035847367429 184.65247727912686 0.0
odhs08040 394.58705381187974 175.52868242366185 0.0
odhs29060 396.1971352569618 185.7258649091816 0.0
odhsb1010 384.9265651413873 149.7673793023488 0.0
odlm41040 377.41285173100437 425.09130641138177 1.0
odhs31030 393.513666181825 185.7258649091816 0.0
odhs30050 393.513666181825 182.50570201901746 0.0
odhs32030 391.3668909217156 186.79925253923625 0.0
odhsb2040 388.14672803155145 192.1661906895098 0.0
odhs31050 390.8301971066883 184.11578346409954 0.0
odhsf2040 383.31648369630534 147.6206040422394 0.0
odhs33030 397.8072167020439 148.1572978572667 1.0
odhsd1020 388.14672803155145 155.13431745262233 0.0
odhs30020 388.14672803155145 183.5790896490721 0.0
odhs29030 389.7568094766335 187.33594635426368 0.0
odhs30010 392.44027855177035 183.5790896490721 0.0
odhsd1010 389.2201156616062 157.28109271273172 0.0
odhsc2020 390.8301971066883 173.91860097857978 0.0
odhs31010 390.8301971066883 185.18917109415418 0.0
odhs32050 392.44027855177035 186.79925253923625 0.0
odhs32020 392.97697236679767 186.26255872420893 0.0
oddv01010 388.6834218465789 173.38190716355246 0.0
odhsb1030 383.31648369630534 530.8199879717707 0.0
odhs29010 390.8301971066883 186.26255872420893 0.0
oddv01050 393.513666181825 174.4552947936071 0.0
odhs05020 392.97697236679767 179.28553912885332 0.0
odhs29050 393.513666181825 184.65247727912686 0.0
odhsf2030 383.85317751133266 147.08391022721207 0.0
odhsb2030 386.5366465864694 194.3129659496193 0.0
odhsg1020 387.0733404014968 152.98754219251293 0.0
odhsb1040 386.5366465864694 150.84076693240354 0.0
odhs16040 392.97697236679767 180.8956205739354 0.0
odhs07030 387.6100342165241 414.8941239258621 0.0
od3v03010 390.29350329166095 174.4552947936071 0.0
odhs32060 391.3668909217156 185.7258649091816 0.0
odhsb2010 390.29350329166095 193.23957831956454 0.0
odhsc2030 389.2201156616062 173.91860097857978 0.0
odhsd1040 388.6834218465789 156.7443988977044 0.0
odlm41030 384.38987132636 132.5931772214734 1.0
odhs33020 393.513666181825 180.8956205739354 0.0
odlm41050 382.2430960662506 404.69694144034236 1.0
odhs29040 392.44027855177035 184.11578346409954 0.0
odhs31060 391.9035847367429 184.11578346409954 0.0
odhsf1030 392.44027855177035 179.28553912885332 0.0
odhs31020 389.7568094766335 184.11578346409954 0.0
odhsc1040 389.2201156616062 172.84521334852502 0.0
odhsf2010 386.5366465864694 148.69399167229415 0.0
odhs07060 388.14672803155145 419.1876744460809 1.0
odhs07010 389.7568094766335 418.11428681602615 0.0
odhs32070 393.513666181825 186.79925253923625 0.0
