trappist-1/STIS/new_trace_centers.ecsv
# %ECSV 0.9
# ---
# datatype:
# - name: ROOTNAME
#   datatype: string
# - name: XCOL
#   datatype: float64
# - name: A2CENTER
#   datatype: float64
# - name: UNCERTAIN
#   datatype: float64
# schema: astropy-2.0
ROOTNAME XCOL A2CENTER UNCERTAIN
oddv01030 397.5643857974539 174.42706993478942 0.0
odhsf1020 394.4548939298936 177.0758834973367 0.0
odhs16030 394.4548939298936 182.98618900332974 0.0
odhs16010 394.4548939298936 181.37428750169533 0.0
odhs30030 391.7683914271695 185.13539100550906 0.0
odhs05030 394.9921944304384 179.225085499516 0.0
odhs05010 395.5294949309832 176.5385829967919 0.0
odhs31070 392.3056919277143 185.13539100550906 0.0
odhs30040 391.2310909266247 186.74729250714347 0.0
oddv01040 388.54458842390056 174.38938099461268 0.0
odhsf1010 391.7683914271695 179.225085499516 0.0
odhsc2040 391.7683914271695 176.0012824962471 0.0
odhsc1030 390.15648992553497 173.31477999352296 0.0
odhsc2010 392.3056919277143 174.38938099461268 0.0
odhs08030 394.9921944304384 177.0758834973367 0.0
od3v02010 391.2310909266247 417.2492072408719 0.0
odhsc1020 391.7683914271695 172.77747949297816 0.0
odhs08010 391.2310909266247 177.0758834973367 0.0
odhsf1040 395.5294949309832 176.0012824962471 0.0
odhs31040 394.4548939298936 186.20999200659867 0.0
odhs07050 390.6937904260798 418.8611087425064 0.0
odhs32040 393.3802929288039 184.06079000441946 0.0
od3v01020 388.54458842390056 416.1746062397823 0.0
odhs08020 393.23607632548396 175.03535795649094 0.0
odhsb1020 387.46998742281085 150.74815897064047 0.0
odhsc1010 389.61918942499017 171.16557799134375 0.0
odhs07020 390.6937904260798 417.2492072408719 0.0
odhs05040 392.3056919277143 178.1504844984264 0.0
odhsb2020 390.15648992553497 192.65759801313652 0.0
odhs33050 390.6937904260798 182.98618900332974 0.0
odhs16020 391.7683914271695 183.52348950387454 0.0
odhs32010 393.3802929288039 185.67269150605387 0.0
oddv01020 391.7683914271695 172.77747949297816 0.0
odhsd1030 388.00728792335576 155.58386347554392 0.0
odhs30060 390.6937904260798 185.67269150605387 0.0
odhs07040 389.08188892444537 415.6373057392375 0.0
odhs33040 391.2310909266247 182.44888850278494 0.0
odhs33010 392.8429924282591 182.44888850278494 0.0
odhs29020 392.8429924282591 184.59809050496426 0.0
odhs08040 394.4548939298936 174.38938099461268 0.0
odhs29060 394.4548939298936 186.20999200659867 0.0
odhsb1010 387.46998742281085 147.52435596737155 0.0
odlm41040 383.7088839189971 0.0 427.4579167512236
odhs31030 395.5294949309832 185.67269150605387 0.0
odhs30050 395.5294949309832 185.67269150605387 0.0
odhs32030 393.9175934293487 185.67269150605387 0.0
odhsb2040 389.61918942499017 192.65759801313652 0.0
odhs31050 390.6937904260798 184.06079000441946 0.0
odhs33030 391.2310909266247 278.62567810030805 0.0
odhsd1020 386.93268692226604 154.5092624744542 0.0
odhs30020 392.8429924282591 184.59809050496426 0.0
odhs29030 391.2310909266247 184.59809050496426 0.0
odhs30010 391.2310909266247 184.59809050496426 0.0
odhsd1010 387.46998742281085 153.9719619739094 0.0
odhsc2020 391.7683914271695 173.85208049406776 0.0
odhs31010 391.7683914271695 184.59809050496426 0.0
odhs32050 392.8429924282591 185.13539100550906 0.0
odhs32020 393.3802929288039 185.67269150605387 0.0
oddv01010 390.15648992553497 170.09097699025403 0.0
odhsb1030 386.93268692226604 149.67355796955087 0.0
odhs29010 392.3056919277143 185.13539100550906 0.0
oddv01050 392.3056919277143 174.38938099461268 0.0
odhs05020 395.5294949309832 178.1504844984264 0.0
odhs29050 393.3802929288039 186.20999200659867 0.0
odhsb2030 389.08188892444537 192.65759801313652 0.0
odhsb1040 387.46998742281085 148.59895696846115 0.0
odhs16040 392.8429924282591 182.44888850278494 0.0
odhs07030 388.54458842390056 416.1746062397823 0.0
od3v03010 391.7683914271695 174.92668149515748 0.0
odhs32060 392.3056919277143 186.74729250714347 0.0
odhsb2010 388.54458842390056 191.04569651150211 0.0
odhsc2030 390.6937904260798 173.85208049406776 0.0
odhsd1040 387.46998742281085 157.19576497717833 0.0
odlm41030 385.85808592117644 130.8680404504821 0.0
odhs33020 393.3802929288039 182.98618900332974 0.0
odlm41050 387.46998742281085 403.8166947272514 0.0
od3v01010 389.61918942499017 416.7119067403271 0.0
odhs29040 393.9175934293487 185.67269150605387 0.0
odhs31060 393.3802929288039 185.67269150605387 0.0
odhsf1030 392.3056919277143 178.6877849989712 0.0
odhs31020 392.3056919277143 182.98618900332974 0.0
odhsc1040 388.00728792335576 172.24017899243336 0.0
odhs07060 388.00728792335576 418.3238082419616 0.0
odhs07010 389.61918942499017 416.1746062397823 0.0
odhs32070 393.9175934293487 186.20999200659867 0.0
