trappist-1/STIS/TRAPPIST-1_G140M_mean.ecsv
# %ECSV 0.9
# ---
# datatype:
# - {name: WAVELENGTH, unit: Angstrom, datatype: float64}
# - {name: FLUX, unit: erg / (Angstrom cm2 s), datatype: float32}
# - {name: ERROR, unit: erg / (Angstrom cm2 s), datatype: float32}
# - {name: DQ, datatype: int16}
# delimiter: ','
# schema: astropy-2.0
WAVELENGTH,FLUX,ERROR,DQ
1194.444823387054,1.3441504e-15,2.0072525e-15,2596
1194.4984045206868,1.2865812e-15,1.9057178e-15,2596
1194.5519853331025,3.6577805e-16,9.075217e-16,2596
1194.6055658243054,6.342591e-16,1.2751119e-15,2596
1194.6591459943022,6.2220806e-16,1.2941904e-15,2596
1194.7127258430985,-3.855766e-16,1.737031e-15,2564
1194.7663053707,1.8494954e-16,1.5489003e-15,2564
1194.8198845771126,7.9499124e-17,1.2141285e-15,2564
1194.8734634623418,-5.912771e-17,1.1422341e-15,2564
1194.9270420263936,1.8696476e-16,1.664598e-15,2564
1194.9806202692735,-7.908678e-16,1.6485544e-15,2564
1195.0341981909876,-1.064368e-15,1.6829177e-15,2564
1195.0877757915416,1.9836891e-16,1.9060209e-15,2564
1195.1413530709412,1.7739752e-16,2.0753919e-15,2564
1195.1949300291924,-8.518254e-16,1.7044398e-15,2564
1195.2485066663005,-8.8595136e-16,1.5848766e-15,2564
1195.3020829822717,-1.0879913e-15,1.6501772e-15,2564
1195.3556589771117,-1.043135e-15,1.5582873e-15,2564
1195.4092346508262,-9.497537e-16,1.602777e-15,2564
1195.462810003421,-6.8575523e-16,1.6149538e-15,2564
1195.5163850349018,-9.544704e-16,1.6697845e-15,3072
1195.5699597452742,-5.2809296e-16,1.4295033e-15,3104
1195.6235341345443,-5.844994e-16,1.3945522e-15,2564
1195.677108202718,-5.6987397e-16,1.5384254e-15,2564
1195.7306819498008,-6.2634667e-16,1.5576664e-15,2564
1195.7842553757985,-5.237836e-16,1.8583325e-15,2564
1195.8378284807168,-9.011417e-16,1.5159329e-15,2564
1195.8914012645619,-6.686231e-16,1.5040501e-15,2564
1195.9449737273387,-7.2187986e-16,1.7707904e-15,2564
1195.998545869054,-5.0734865e-16,1.7661429e-15,2564
1196.052117689713,-5.4883023e-16,1.9841745e-15,2564
1196.1056891893213,-7.0584166e-16,1.6555452e-15,2564
1196.159260367885,-7.2345433e-16,1.5596068e-15,2564
1196.21283122541,-7.9202065e-16,1.9030577e-15,2564
1196.2664017619018,-1.5994648e-16,1.9637114e-15,2564
1196.319971977366,-1.3686042e-16,1.4517018e-15,2564
1196.373541871809,-2.2060465e-16,1.8309744e-15,2564
1196.4271114452363,-3.377924e-16,1.7573134e-15,2564
1196.480680697653,-5.401325e-16,1.8173219e-15,2564
1196.5342496290657,-2.7848024e-16,1.6848708e-15,2564
1196.58781823948,-4.1633525e-16,1.543906e-15,2564
1196.6413865289016,-2.878635e-16,1.6020664e-15,2564
1196.694954497336,-7.1909815e-16,1.6334571e-15,2564
1196.7485221447896,-3.3042083e-16,1.7234707e-15,2564
1196.8020894712674,-2.0888157e-16,1.8124648e-15,2564
1196.8556564767757,-2.604962e-16,1.6273382e-15,2564
1196.90922316132,-3.0729418e-16,1.9238486e-15,2564
1196.9627895249064,1.5056698e-16,1.8803689e-15,3588
1197.0163555675401,1.7318783e-18,1.8951477e-15,3588
1197.0699212892278,-6.3138835e-17,1.8978707e-15,3588
1197.1234866899742,1.1282197e-16,1.8019158e-15,2564
1197.1770517697857,-3.9013213e-16,1.543981e-15,2564
1197.2306165286682,-2.344534e-16,1.7881943e-15,2564
1197.2841809666272,-8.406026e-17,1.5649072e-15,2564
1197.337745083668,-4.05534e-17,2.2039698e-15,2564
1197.3913088797972,-4.2532453e-17,1.8363765e-15,2564
1197.4448723550202,1.511249e-16,1.8405018e-15,2564
1197.4984355093427,6.415246e-17,1.6447991e-15,2564
1197.5519983427705,1.3744962e-16,1.984747e-15,2564
1197.6055608553095,-3.5906118e-16,1.3976884e-15,2564
1197.6591230469655,6.737321e-17,1.9360242e-15,2564
1197.7126849177437,-6.292493e-17,2.1632163e-15,2564
1197.7662464676507,-2.8241045e-16,1.8481946e-15,2564
1197.819807696692,2.2440036e-16,2.4315893e-15,2564
1197.873368604873,-1.04171096e-16,1.7330772e-15,2564
1197.9269291921996,1.7627548e-17,1.7655274e-15,2564
1197.9804894586778,-4.3488509e-16,1.9546077e-15,2564
1198.0340494043132,-5.3033004e-17,2.0950892e-15,2564
1198.0876090291117,2.5122378e-16,2.2737886e-15,2564
1198.1411683330791,-1.4371788e-16,1.6745604e-15,2564
1198.194727316221,-1.9801285e-16,1.8490007e-15,2564
1198.248285978543,1.4500487e-16,1.8366129e-15,2564
1198.301844320051,2.8330383e-15,4.152309e-15,2564
1198.355402340751,2.1166013e-16,1.7694986e-15,2564
1198.4089600406487,9.510794e-17,1.9943924e-15,3072
1198.4625174197497,1.1730729e-15,3.3416293e-15,3072
1198.5160744780596,3.6553138e-16,1.88966e-15,2564
1198.5696312155846,4.608624e-16,2.3385182e-15,2564
1198.6231876323304,1.3843468e-16,1.7926826e-15,2564
1198.6767437283027,4.3838888e-17,1.8731473e-15,2564
1198.7302995035066,2.8188783e-17,2.0796552e-15,2564
1198.783854957949,3.8376448e-16,1.5456417e-15,2564
1198.8374100916349,-5.186285e-16,1.8433834e-15,2564
1198.8909649045702,3.3178234e-17,2.1006504e-15,2564
1198.944519396761,6.8730445e-16,2.412902e-15,2564
1198.9980735682127,-3.4738542e-17,1.8066074e-15,2564
1199.051627418931,-5.772446e-17,1.664265e-15,2564
1199.105180948922,1.4623354e-15,2.8022704e-15,2564
1199.158734158191,8.5453035e-16,2.237528e-15,2564
1199.2122870467444,-7.014115e-17,2.0017953e-15,2564
1199.2658396145875,-2.3626044e-16,1.6185275e-15,2564
1199.3193918617262,-2.6405953e-17,1.7683574e-15,2564
1199.3729437881661,9.624908e-17,2.5604133e-15,2564
1199.4264953939132,3.2483957e-16,2.0223536e-15,2564
1199.4800466789732,1.357304e-16,1.787776e-15,2564
1199.5335976433519,-1.306066e-16,2.0012657e-15,2564
1199.5871482870548,1.3966238e-16,2.040036e-15,2564
1199.6406986100878,2.2914473e-16,1.7613468e-15,2564
1199.694248612457,1.9162829e-16,1.9268335e-15,2564
1199.7477982941675,3.725228e-16,1.8209531e-15,2564
1199.8013476552255,1.8383156e-16,2.1063395e-15,2564
1199.8548966956369,-3.508387e-16,1.7772653e-15,2564
1199.9084454154072,3.5836826e-16,1.8365042e-15,2564
1199.9619938145418,-7.589214e-17,1.8856379e-15,2564
1200.0155418930476,3.083332e-16,2.5306856e-15,2564
1200.0690896509288,4.0298365e-16,1.915033e-15,2564
1200.1226370881925,8.128034e-17,1.9395335e-15,2564
1200.1761842048438,3.269204e-16,1.9972753e-15,2564
1200.2297310008887,3.2143762e-16,1.8091008e-15,2564
1200.2832774763326,-2.7685785e-16,1.5489266e-15,2564
1200.336823631182,-2.9696386e-17,1.8675745e-15,2564
1200.3903694654418,-2.8542025e-16,1.9497138e-15,2564
1200.443914979118,4.2357328e-16,2.3501056e-15,2564
1200.497460172217,2.327443e-16,1.7741928e-15,2564
1200.5510050447435,3.6302397e-16,1.876989e-15,2564
1200.6045495967044,2.0623111e-16,2.3252492e-15,2564
1200.6580938281045,6.1198316e-16,2.2371078e-15,2564
1200.7116377389498,3.9399333e-16,2.0616187e-15,2564
1200.7651813292464,-1.3738817e-17,1.9746212e-15,2564
1200.8187245989998,1.8219564e-16,2.2018268e-15,2564
1200.8722675482159,9.539194e-17,2.2155364e-15,2564
1200.9258101769,2.800656e-16,1.8056729e-15,2564
1200.9793524850584,-1.4215143e-17,1.9322168e-15,2564
1201.0328944726966,-1.6023529e-17,1.9722895e-15,2564
1201.0864361398205,5.0967063e-16,1.960399e-15,2564
1201.1399774864358,1.3830907e-16,1.7690502e-15,2564
1201.1935185125483,-3.3823452e-16,1.615883e-15,2564
1201.2470592181635,1.2287206e-16,1.8684395e-15,2564
1201.3005996032873,1.1581463e-15,2.0693618e-15,2564
1201.3541396679254,5.3206666e-16,2.1985168e-15,2564
1201.4076794120842,2.1582122e-16,1.8978042e-15,2564
1201.4612188357685,4.457626e-16,2.0055707e-15,2564
1201.5147579389845,-1.3871149e-16,1.7497587e-15,2564
1201.568296721738,-1.8933971e-16,1.7439804e-15,2564
1201.6218351840346,1.2492561e-16,1.9553074e-15,2564
1201.6753733258802,1.7611712e-16,2.0722729e-15,2564
1201.7289111472803,-3.593776e-16,2.0870528e-15,2564
1201.7824486482411,2.7172724e-16,2.0926904e-15,2564
1201.835985828768,5.3667796e-16,2.035872e-15,3072
1201.8895226888667,7.272167e-16,2.1666832e-15,3072
1201.943059228543,1.4087812e-15,2.4005928e-15,2564
1201.996595447803,-2.1648216e-15,2.1806313e-15,2564
1202.050131346652,6.524182e-16,2.0643474e-15,2564
1202.1036669250964,1.5128818e-15,2.8125212e-15,2564
1202.1572021831407,1.557702e-16,2.1710217e-15,2564
1202.2107371207921,2.4395835e-16,2.2368992e-15,2564
1202.2642717380556,2.4027056e-16,2.0891515e-15,2564
1202.317806034937,-2.0395147e-16,1.832304e-15,2564
1202.371340011442,5.0636704e-16,2.1630143e-15,2564
1202.4248736675768,3.335084e-16,2.0810517e-15,2564
1202.4784070033465,1.5797685e-16,2.0486756e-15,2564
1202.531940018757,4.700038e-16,2.1685314e-15,2564
1202.5854727138146,3.3502652e-16,1.8543726e-15,2564
1202.6390050885245,7.713907e-17,1.965262e-15,2564
1202.692537142893,4.4526526e-16,1.9303646e-15,2564
1202.746068876925,1.7683082e-16,2.048852e-15,2564
1202.7996002906266,1.4958389e-16,2.223899e-15,2564
1202.8531313840042,9.109333e-16,2.2621169e-15,2564
1202.9066621570626,3.597306e-15,1.1433032e-14,2564
1202.9601926098082,3.7598365e-15,1.1542346e-14,2564
1203.0137227422463,4.795476e-16,2.178813e-15,2564
1203.067252554383,1.9065413e-16,2.128864e-15,2564
1203.1207820462241,-6.0739396e-17,1.7876704e-15,2564
1203.174311217775,-1.1597236e-16,2.0330233e-15,2564
1203.2278400690418,8.3241813e-16,2.1357872e-15,2564
1203.2813686000297,1.1475901e-16,1.7241686e-15,2564
1203.334896810745,7.57522e-16,1.5866856e-15,2564
1203.3884247011936,4.657684e-16,1.6550708e-15,2564
1203.4419522713806,5.6329957e-16,1.7523669e-15,2564
1203.4954795213118,5.4368054e-16,1.8726238e-15,2564
1203.5490064509936,7.848352e-16,2.2252904e-15,2564
1203.6025330604314,9.437959e-16,2.4663486e-15,2564
1203.6560593496308,1.0398278e-15,2.5542831e-15,2564
1203.7095853185976,2.8467218e-16,1.6045963e-15,2564
1203.7631109673375,-2.5449147e-16,1.962766e-15,2564
1203.8166362958566,1.10491656e-16,2.0282348e-15,2564
1203.8701613041603,-9.042447e-16,2.285493e-15,2564
1203.9236859922544,-3.8280116e-16,2.2488907e-15,2564
1203.9772103601447,1.7096079e-15,3.4598914e-15,2564
1204.030734407837,7.8798353e-16,1.887653e-15,2564
1204.084258135337,-1.1762764e-16,1.9921478e-15,2564
1204.1377815426501,4.2684706e-16,2.0696708e-15,2564
1204.191304629783,1.0608986e-15,2.6146692e-15,2564
1204.2448273967402,4.894131e-16,1.8199884e-15,2564
1204.2983498435285,4.6561814e-16,2.6146166e-15,2564
1204.3518719701528,5.63542e-16,2.3706847e-15,2564
1204.4053937766198,-1.3156993e-16,1.8769352e-15,2564
1204.4589152629342,2.4383455e-16,1.5316516e-15,2564
1204.5124364291028,-2.3855477e-17,1.7211963e-15,2564
1204.5659572751304,3.6815826e-16,1.8356786e-15,2564
1204.619477801023,4.518102e-16,2.1025408e-15,2564
1204.6729980067869,4.9342346e-17,2.0536782e-15,2564
1204.7265178924274,-3.6050313e-16,2.2025724e-15,2564
1204.78003745795,1.3216458e-16,2.0116692e-15,2564
1204.8335567033607,3.7335356e-17,1.9733987e-15,2564
1204.8870756286656,8.318056e-16,2.0215373e-15,2564
1204.94059423387,3.8802632e-16,1.9839693e-15,2564
1204.9941125189794,1.0151619e-15,2.901736e-15,2564
1205.0476304840001,2.7364814e-17,1.6887272e-15,2564
1205.1011481289377,-4.229537e-18,2.015476e-15,2564
1205.1546654537979,2.8920537e-16,2.1953847e-15,2564
1205.2081824585864,5.7561453e-16,2.362445e-15,2564
1205.261699143309,3.9891808e-16,2.0526456e-15,2564
1205.3152155079715,4.139473e-16,2.1402363e-15,2564
1205.3687315525792,-5.9206835e-17,1.8223037e-15,2564
1205.4222472771382,-1.6094735e-16,2.0086675e-15,2564
1205.4757626816547,1.6607329e-16,1.8095432e-15,2564
1205.5292777661336,-2.375052e-16,1.7760352e-15,2564
1205.582792530581,5.242508e-16,2.3071034e-15,2564
1205.6363069750028,1.1972829e-16,2.1084863e-15,2564
1205.6898210994048,1.9999143e-17,2.261205e-15,2564
1205.7433349037922,-2.7444837e-18,1.896968e-15,2564
1205.7968483881712,7.508295e-17,1.879212e-15,2564
1205.8503615525474,1.03226774e-16,1.9222561e-15,2564
1205.9038743969268,7.365173e-16,1.8563115e-15,2564
1205.9573869213145,6.4577315e-16,1.970559e-15,2564
1206.010899125717,-4.297788e-18,1.6807092e-15,2564
1206.0644110101393,6.700505e-17,1.8273925e-15,2564
1206.1179225745877,6.238275e-16,1.726176e-15,2564
1206.171433819068,8.304106e-17,1.9402088e-15,2564
1206.2249447435854,2.3768197e-16,1.6360692e-15,2564
1206.278455348146,3.6088524e-17,1.739761e-15,2564
1206.3319656327556,2.5447257e-16,2.1628542e-15,2564
1206.38547559742,-5.863187e-17,1.924165e-15,2564
1206.4389852421443,2.9292798e-17,1.9888545e-15,2564
1206.4924945669352,1.2279679e-16,1.5537893e-15,2564
1206.5460035717974,2.8642814e-16,2.2249853e-15,2564
1206.5995122567376,2.831439e-16,1.8693212e-15,2564
1206.6530206217608,-1.4405292e-16,1.6781176e-15,2564
1206.7065286668733,8.6031453e-16,2.273316e-15,2564
1206.7600363920806,1.5226094e-15,2.6705359e-15,2564
1206.8135437973883,5.8435035e-16,2.0900316e-15,2564
1206.8670508828022,8.222022e-18,1.8276028e-15,2564
1206.9205576483282,-1.08643834e-16,1.6602611e-15,2564
1206.974064093972,3.0942495e-16,2.169715e-15,2564
1207.0275702197391,3.2925857e-16,2.3579136e-15,2564
1207.0810760256356,1.4213904e-16,1.85068e-15,2564
1207.134581511667,-4.676871e-16,1.7653672e-15,2564
1207.188086677839,6.1671585e-16,5.4405456e-15,2564
1207.2415915241577,4.928391e-16,2.8798224e-15,2564
1207.2950960506282,1.480194e-16,1.4888425e-15,2564
1207.3486002572567,4.8353283e-16,1.832295e-15,2564
1207.402104144049,1.1138491e-15,2.6342286e-15,2564
1207.4556077110108,1.8368542e-16,1.6449915e-15,2564
1207.5091109581472,2.6435018e-17,2.0988418e-15,2564
1207.5626138854645,2.6853118e-16,1.5938924e-15,2564
1207.6161164929688,1.7783404e-15,2.9102542e-15,2564
1207.669618780665,8.038447e-16,3.7157654e-15,2564
1207.7231207485595,1.39915e-15,9.2469604e-15,2564
1207.7766223966578,5.1426933e-16,2.1530921e-15,2564
1207.8301237249655,3.75499e-16,2.3863474e-15,2564
1207.8836247334884,3.6461685e-17,1.7971187e-15,2564
1207.9371254222324,9.048816e-16,1.8223503e-15,2564
1207.9906257912028,9.778921e-16,2.4009308e-15,2564
1208.044125840406,-2.488861e-17,2.078323e-15,2564
1208.0976255698474,1.6871872e-16,1.6629822e-15,2564
1208.1511249795326,-1.4923372e-16,2.110996e-15,2564
1208.2046240694676,-1.0150651e-16,1.723955e-15,2564
1208.2581228396577,-1.429733e-17,2.0277314e-15,2564
1208.311621290109,-2.9951833e-17,1.6146554e-15,2564
1208.3651194208273,2.8213998e-16,1.7846823e-15,2564
1208.418617231818,1.1448075e-16,2.0161915e-15,2564
1208.4721147230869,2.2838608e-16,1.829814e-15,2564
1208.5256118946402,-9.047465e-17,1.8867877e-15,2564
1208.5791087464831,2.775705e-17,1.6910189e-15,2564
1208.6326052786214,-9.335977e-17,1.7855332e-15,2564
1208.6861014910612,-2.1205635e-16,1.7491258e-15,2564
1208.739597383808,3.304122e-16,1.8043752e-15,2564
1208.7930929568672,7.043495e-17,1.9758145e-15,2564
1208.8465882102448,2.4807602e-16,2.103505e-15,2564
1208.9000831439469,3.702824e-16,1.9091278e-15,2564
1208.9535777579788,3.3947275e-16,1.7312589e-15,2564
1209.0070720523463,1.791794e-16,2.1978862e-15,2564
1209.0605660270548,-1.3573343e-16,1.8472387e-15,2564
1209.114059682111,-1.8448592e-16,1.7180074e-15,2564
1209.1675530175198,-2.1252298e-16,1.785213e-15,2564
1209.221046033287,2.9549263e-16,1.6852749e-15,2564
1209.2745387294187,-2.4915075e-17,1.2953865e-15,2564
1209.32803110592,1.2465838e-16,1.897199e-15,2564
1209.3815231627973,-4.300696e-17,1.845956e-15,2564
1209.4350149000563,3.4337223e-16,2.1213303e-15,2564
1209.488506317702,3.3423203e-16,2.0978325e-15,2564
1209.541997415741,5.267646e-16,2.1744528e-15,2564
1209.5954881941784,2.003762e-16,1.838756e-15,2564
1209.6489786530203,-5.697752e-17,1.6643856e-15,2564
1209.7024687922724,1.1385458e-16,1.8284356e-15,2564
1209.7559586119403,-3.179544e-16,1.8603569e-15,2564
1209.8094481120297,-9.991589e-17,1.7103344e-15,2564
1209.8629372925466,2.233882e-16,1.7861716e-15,2564
1209.9164261534963,1.7670742e-16,2.0658217e-15,2564
1209.9699146948847,3.847963e-16,2.0015789e-15,2564
1210.0234029167182,8.430742e-18,1.6678409e-15,2564
1210.076890819001,-3.2851078e-17,1.7688725e-15,2564
1210.1303784017402,1.2900452e-15,2.6557013e-15,2564
1210.183865664941,1.9825314e-16,2.0722326e-15,2564
1210.237352608609,-5.625442e-16,1.9012188e-15,2564
1210.2908392327504,-8.4856244e-17,1.5795356e-15,2564
1210.3443255373707,7.291315e-17,1.8263563e-15,2564
1210.3978115224752,1.2488863e-16,3.1777352e-15,2564
1210.4512971880702,-2.7136085e-16,1.6997717e-15,2564
1210.5047825341612,-3.1923094e-17,1.7232988e-15,2564
1210.5582675607538,1.0892754e-15,2.2876054e-15,2564
1210.6117522678542,1.8543235e-15,4.0745715e-15,2564
1210.6652366554674,-4.1287585e-17,1.7096966e-15,2564
1210.7187207236,2.539604e-16,1.7747015e-15,2564
1210.7722044722568,5.388473e-17,1.384999e-15,2564
1210.8256879014443,-5.573701e-16,1.7783406e-15,2564
1210.8791710111677,1.6101016e-16,1.5692443e-15,2564
1210.9326538014332,-6.1380494e-17,1.6323348e-15,2564
1210.9861362722459,3.3532695e-16,1.8537233e-15,2564
