trappist-1/STIS/TRAPPIST-1_G140M_coadd.ecsv
# %ECSV 0.9
# ---
# datatype:
# - {name: WAVELENGTH, unit: Angstrom, datatype: float64}
# - {name: FLUX, unit: erg / (Angstrom cm2 s), datatype: float32}
# - {name: ERROR, unit: erg / (Angstrom cm2 s), datatype: float32}
# - {name: DQ, datatype: int16}
# delimiter: ','
# schema: astropy-2.0
WAVELENGTH,FLUX,ERROR,DQ
[from data line 337]
1212.4835157805421,-6.7078106e-16,9.366227e-16,2564
1212.536988989723,-5.842033e-16,6.527844e-16,2564
1212.590461879623,-3.2743893e-16,3.1667102e-16,2564
1212.6439344502483,-3.4060937e-16,3.6599743e-16,2564
1212.697406701604,-4.499958e-16,4.0152157e-16,2564
1212.7508786336957,-4.1086945e-16,4.076323e-16,2564
1212.80435024653,-4.852814e-16,4.938338e-16,2564
1212.8578215401117,-6.985945e-16,7.7296484e-16,2564
1212.9112925144473,-3.53824e-16,2.9572758e-16,2564
1212.9647631695416,-3.926839e-16,4.1567356e-16,2564
1213.018233505401,-6.9709906e-16,8.8263575e-16,2564
1213.0717035220312,-5.8524164e-16,8.5550635e-16,2564
1213.1251732194378,-5.777202e-16,9.003108e-16,2564
1213.1786425976263,-3.2424689e-16,3.6873115e-16,2564
1213.232111656603,-4.5997605e-16,4.583048e-16,2564
1213.285580396373,-5.343869e-16,6.4820144e-16,2564
1213.3390488169423,-4.1126475e-16,3.8257005e-16,2564
1213.3925169183165,-6.107462e-16,8.459337e-16,2564
1213.4459847005012,-4.0100845e-16,3.4034014e-16,2564
1213.4994521635024,-6.793328e-16,6.9884363e-16,2564
1213.5529193073257,-5.404025e-16,6.075387e-16,2564
1213.606386131977,-6.7710787e-16,8.877265e-16,2564
1213.659852637462,-3.3393816e-16,2.4497588e-16,2564
1213.7133188237858,-5.3133985e-16,5.15253e-16,2564
1213.7667846909546,-4.369452e-16,3.7792508e-16,2564
1213.8202502389747,-4.3889192e-16,4.5743766e-16,2564
1213.8737154678504,-4.7128426e-16,5.16978e-16,2564
1213.9271803775887,-5.68689e-16,7.7514357e-16,2564
1213.9806449681948,-5.323557e-16,6.158768e-16,2564
1214.0341092396743,-3.984516e-16,4.6738225e-16,2564
1214.0875731920332,-5.518313e-16,9.283156e-16,2564
1214.1410368252773,-3.499696e-16,3.0145318e-16,2564
1214.1945001394117,-6.656628e-16,8.139039e-16,2564
1214.2479631344424,-3.0903137e-16,3.223346e-16,2564
1214.3014258103756,-2.4776823e-16,1.5495144e-16,2564
1214.3548881672164,-5.8753525e-16,5.9980224e-16,2564
1214.4083502049707,-4.957867e-16,6.01568e-16,2564
1214.4618119236443,-6.219394e-16,9.278705e-16,2564
1214.5152733232433,-4.7150147e-16,5.115071e-16,2564
1214.5687344037726,-3.319948e-16,2.3585357e-16,2564
1214.6221951652383,-2.557503e-16,1.8930848e-16,2564
1214.6756556076461,-3.562694e-16,3.0121524e-16,2564
1214.729115731002,-6.287462e-16,7.069666e-16,2564
1214.782575535311,-4.014575e-16,3.0299385e-16,2564
1214.8360350205796,-2.6357942e-16,1.7430482e-16,2564
1214.889494186813,-7.134596e-16,1.0369444e-15,2564
1214.942953034017,-7.1130947e-16,1.0861244e-15,2580
1214.9964115621974,-3.787491e-16,5.9088664e-16,2580
1215.0498697713601,-2.289756e-16,2.0158012e-16,2564
1215.1033276615103,-8.5053686e-16,1.4395073e-15,2564
1215.1567852326543,-4.813563e-16,7.639195e-16,2564
1215.2102424847974,-5.0046444e-16,6.5161334e-16,2564
1215.2636994179456,-8.6286156e-16,6.8047424e-16,2564
1215.3171560321043,-2.8250418e-16,4.585666e-16,2564
1215.3706123272793,-1.1006464e-15,1.6306509e-15,2564
1215.4240683034766,-6.8385216e-16,7.293445e-16,2564
1215.4775239607015,-5.753945e-16,1.1731917e-15,2564
1215.5309792989597,-1.2309062e-15,4.4844423e-16,2564
1215.5844343182575,-4.86778e-16,6.6225186e-16,2564
1215.6378890186,-5.646488e-16,4.1914697e-16,2564
1215.6913433999932,-2.803636e-16,3.7464373e-16,2564
1215.7447974624426,-1.1188069e-16,2.858858e-16,2564
1215.798251205954,-9.818847e-16,1.0149117e-15,2564
1215.8517046305335,-1.3993054e-15,1.451605e-15,2564
1215.905157736186,-1.2935181e-15,1.3807704e-15,2564
1215.958610522918,-6.632432e-16,9.697903e-16,2564
1216.0120629907346,-2.9991023e-16,5.877378e-16,2564
1216.065515139642,-6.1296365e-16,5.4055737e-16,2564
1216.1189669696457,-8.940521e-16,8.1766716e-16,2564
1216.1724184807515,-4.894919e-16,7.088604e-16,2564
1216.2258696729646,-3.3968337e-16,6.0682504e-16,2564
1216.2793205462913,-3.2218047e-16,3.7669355e-16,2564
1216.332771100737,-7.1069315e-16,8.905684e-16,2564
1216.386221336308,-4.672413e-16,5.280336e-16,2564
1216.4396712530088,-3.9609233e-16,4.813317e-16,2564
1216.4931208508467,-7.0462643e-16,7.778222e-16,2564
1216.546570129826,-3.6381624e-16,3.3732245e-16,2564
1216.6000190899529,-3.8795943e-16,3.3256732e-16,2564
1216.6534677312334,-4.398258e-16,5.644597e-16,2564
1216.7069160536726,-4.6570777e-16,5.5625585e-16,2564
1216.760364057277,-4.3473828e-16,4.0282124e-16,2564
1216.8138117420515,-2.5030387e-16,2.341737e-16,2564
1216.8672591080024,-3.173647e-16,3.976194e-16,2564
1216.9207061551356,-3.0040934e-16,3.4205043e-16,2564
1216.9741528834559,-3.2970612e-16,3.873359e-16,2564
1217.0275992929694,-4.6159495e-16,4.6604266e-16,2564
1217.081045383682,-6.506863e-16,7.845977e-16,2564
1217.1344911555993,-7.578985e-16,7.7353405e-16,2564
1217.1879366087271,-2.6888555e-16,3.1610232e-16,2564
1217.241381743071,-5.4538715e-16,4.619376e-16,2564
1217.2948265586365,-8.1642944e-16,9.004013e-16,2564
1217.3482710554301,-3.824403e-16,3.3162605e-16,2564
1217.4017152334563,-3.1682833e-16,2.7995482e-16,2564
1217.455159092722,-6.5227456e-16,8.5322296e-16,2564
1217.508602633232,-7.409964e-16,1.1172247e-15,2564
1217.5620458549922,-7.101505e-16,8.4166826e-16,2564
1217.6154887580087,-6.4226395e-16,6.677821e-16,2564
1217.668931342287,-5.538029e-16,5.018975e-16,2580
1217.7223736078324,-4.904884e-16,4.753834e-16,2580
1217.7758155546514,-4.818565e-16,4.722342e-16,2564
1217.8292571827487,-5.5219984e-16,6.252413e-16,2564
1217.8826984921309,-3.9348278e-16,3.9809866e-16,2564
1217.9361394828034,-3.51114e-16,3.199093e-16,2564
1217.9895801547718,-6.8505214e-16,8.089689e-16,2564
1218.043020508042,-5.284409e-16,5.139987e-16,2564
1218.096460542619,-5.266823e-16,5.47699e-16,2564
1218.1499002585097,-5.1656564e-16,7.166237e-16,2564
1218.203339655719,-3.17046e-16,2.697507e-16,2564
1218.2567787342525,-4.2567008e-16,4.596479e-16,2564
1218.3102174941166,-5.1773407e-16,7.4349556e-16,2564
1218.3636559353163,-4.9726033e-16,6.3987765e-16,2564
1218.4170940578574,-5.5938257e-16,7.46938e-16,2564
1218.4705318617462,-7.0208205e-16,8.4362004e-16,2564
1218.5239693469875,-5.2752487e-16,5.503826e-16,2564
1218.577406513588,-2.6814816e-16,2.956284e-16,2564
1218.6308433615525,-4.7477917e-16,4.778781e-16,2564
1218.684279890887,-4.171323e-16,4.2817052e-16,2564
1218.7377161015977,-6.906732e-16,1.0305384e-15,2564
1218.7911519936895,-4.4480575e-16,4.875392e-16,2564
1218.8445875671687,-2.875285e-16,2.6612584e-16,2564
1218.8980228220405,-5.891369e-16,7.0060356e-16,2564
1218.9514577583109,-5.3026597e-16,5.148983e-16,2564
1219.004892375986,-8.1000744e-16,8.13665e-16,2580
1219.0583266750705,-5.290235e-16,5.8914455e-16,2580
1219.1117606555708,-4.681318e-16,5.022607e-16,2564
1219.165194317493,-5.817979e-16,6.750035e-16,2564
1219.2186276608413,-4.504824e-16,4.086118e-16,2564
1219.2720606856233,-5.579874e-16,5.356081e-16,2564
1219.3254933918433,-3.4353155e-16,3.2327357e-16,2564
1219.3789257795074,-6.8110655e-16,7.487714e-16,2564
1219.4323578486215,-7.745663e-16,1.0038879e-15,2564
1219.485789599191,-5.44401e-16,6.8801305e-16,2564
1219.5392210312218,-4.71192e-16,5.0863106e-16,2564
1219.5926521447195,-6.5469003e-16,7.796635e-16,2564
1219.64608293969,-9.137927e-16,1.0061608e-15,2564
1219.6995134161386,-6.1512136e-16,7.837576e-16,2564
1219.7529435740717,-4.1098417e-16,3.5371768e-16,2564
1219.8063734134942,-6.0837093e-16,7.340109e-16,2564
1219.859802934412,-3.7060055e-16,3.7258764e-16,2564
1219.913232136831,-4.4217793e-16,4.802329e-16,2564
1219.9666610207569,-5.2590973e-16,4.948887e-16,2564
1220.0200895861954,-4.213981e-16,3.56055e-16,2564
1220.073517833152,-4.715979e-16,5.267376e-16,2564
1220.1269457616324,-6.563667e-16,7.0731693e-16,2564
1220.1803733716424,-5.600024e-16,5.135199e-16,2564
1220.2338006631878,-4.291025e-16,4.546013e-16,2564
1220.2872276362743,-3.973896e-16,4.2790654e-16,2564
1220.3406542909072,-6.768024e-16,6.7957517e-16,2564
1220.3940806270925,-3.5096998e-16,2.5225435e-16,2564
1220.447506644836,-5.266666e-16,6.6291774e-16,2564
1220.5009323441434,-4.5585783e-16,4.658628e-16,2564
1220.55435772502,-3.9263032e-16,3.883902e-16,2564
1220.607782787472,-6.154288e-16,8.7232996e-16,2564
1220.6612075315047,-4.3977747e-16,4.3852584e-16,2564
1220.714631957124,-3.266935e-16,3.4229973e-16,2564
1220.7680560643355,-5.312857e-16,5.910483e-16,2564
1220.8214798531446,-3.9274988e-16,3.9879253e-16,2564
1220.8749033235579,-4.6760597e-16,5.049514e-16,2564
1220.9283264755802,-4.611249e-16,4.481129e-16,2564
1220.9817493092173,-6.237598e-16,7.200112e-16,2564
1221.0351718244756,-4.4405162e-16,4.303927e-16,2564
1221.08859402136,-5.22361e-16,6.371165e-16,2564
1221.1420158998765,-6.2414136e-16,6.645968e-16,2564
1221.1954374600307,-4.210872e-16,4.2661312e-16,2564
1221.248858701828,-5.891628e-16,6.268026e-16,2564
1221.302279625275,-4.1720483e-16,5.115361e-16,2564
1221.355700230377,-5.746292e-16,5.6672576e-16,2564
1221.4091205171392,-5.7600824e-16,4.90329e-16,2564
1221.4625404855678,-6.3159615e-16,7.6521555e-16,2564
1221.515960135668,-5.235225e-16,7.208585e-16,2564
1221.569379467446,-4.1008558e-16,3.7944673e-16,2564
1221.6227984809075,-5.621916e-16,8.3237885e-16,2564
1221.676217176058,-4.2330763e-16,4.0242326e-16,2564
1221.7296355529024,-3.4457327e-16,3.0675476e-16,2564
1221.7830536114482,-2.84315e-16,2.6849428e-16,2564
1221.8364713516994,-4.1918964e-16,5.8288133e-16,2564
1221.8898887736627,-5.770778e-16,7.239913e-16,2564
1221.943305877343,-4.9385054e-16,4.6060556e-16,2564
1221.9967226627468,-2.2874493e-16,1.9633156e-16,2564
1222.0501391298794,-3.099758e-16,2.954549e-16,2564
1222.1035552787464,-4.240784e-16,4.3234052e-16,2564
1222.156971109354,-4.7234496e-16,5.6796375e-16,2564
1222.2103866217067,-5.90331e-16,6.1028576e-16,2564
1222.2638018158116,-5.506038e-16,5.983056e-16,2564
1222.3172166916734,-4.973423e-16,5.504061e-16,2564
1222.3706312492986,-5.6715426e-16,7.095992e-16,2564
1222.424045488692,-7.032629e-16,7.545317e-16,2564
1222.4774594098599,-4.7042473e-16,6.021146e-16,2564
1222.5308730128077,-6.8657087e-16,9.183513e-16,2564
1222.5842862975412,-3.091541e-16,2.91133e-16,2564
1222.6376992640662,-2.6902804e-16,2.121205e-16,2564
1222.6911119123884,-6.7827656e-16,7.6185357e-16,2564
1222.7445242425133,-5.00339e-16,5.2370226e-16,2564
1222.7979362544463,-5.233274e-16,5.5409756e-16,2564
1222.8513479481937,-5.6295207e-16,5.9319803e-16,2564
1222.904759323761,-3.38004e-16,2.5555148e-16,2564
1222.9581703811536,-3.938011e-16,3.7629973e-16,2564
1223.0115811203775,-3.264484e-16,2.8775843e-16,2564
1223.064991541438,-2.6849565e-16,2.2765596e-16,2564
1223.1184016443417,-7.8904237e-16,9.379104e-16,2564
1223.1718114290934,-6.5567333e-16,6.6686893e-16,2564
1223.2252208956986,-3.6481238e-16,3.8119161e-16,2564
1223.278630044164,-5.3132624e-16,5.2722925e-16,2564
1223.3320388744944,-3.667194e-16,3.6371994e-16,2564
1223.3854473866957,-5.2013313e-16,5.2298493e-16,2564
1223.4388555807739,-5.7115924e-16,5.7452434e-16,2564
1223.4922634567345,-6.564003e-16,6.7161856e-16,2564
1223.5456710145831,-3.6817166e-16,3.7280832e-16,2564
1223.5990782543251,-5.643187e-16,7.5472134e-16,2564
1223.652485175967,-2.4233996e-16,2.215544e-16,2564
1223.7058917795139,-5.675087e-16,6.181298e-16,2564
1223.7592980649713,-6.5236635e-16,7.954057e-16,2564
1223.8127040323452,-6.063471e-16,5.989484e-16,2564
1223.8661096816413,-4.063621e-16,3.9534612e-16,2564
1223.9195150128653,-2.3866786e-16,2.515167e-16,2564
1223.9729200260228,-3.244984e-16,4.2698997e-16,2564
1224.0263247211194,-4.1168244e-16,4.317966e-16,2564
1224.0797290981611,-6.379217e-16,7.611737e-16,2564
1224.1331331571532,-3.04182e-16,2.8779734e-16,2564
1224.1865368981016,-5.6105403e-16,6.286834e-16,2564
1224.2399403210118,-4.469305e-16,5.38415e-16,2564
1224.2933434258896,-5.9552123e-16,6.250743e-16,2564
1224.346746212741,-2.197663e-16,1.4626765e-16,2564
1224.4001486815712,-3.9291069e-16,5.6586126e-16,2564
1224.4535508323859,-4.528345e-16,4.559527e-16,2564
1224.5069526651912,-5.094282e-16,5.5222715e-16,2564
1224.5603541799924,-4.4144025e-16,4.204613e-16,2564
1224.613755376795,-5.854949e-16,7.530198e-16,2564
1224.6671562556053,-5.3252776e-16,6.3884326e-16,2564
1224.7205568164286,-2.853276e-16,3.3285848e-16,2564
1224.7739570592707,-3.549158e-16,3.382926e-16,2564
1224.827356984137,-4.355783e-16,4.8463207e-16,2564
1224.8807565910336,-4.1141513e-16,4.3471822e-16,2564
1224.934155879966,-3.1462512e-16,2.9558043e-16,2564
1224.98755485094,-1.8675237e-16,1.7445579e-16,2564
1225.0409535039607,-4.6649715e-16,5.348636e-16,2564
1225.0943518390345,-4.5058796e-16,3.892016e-16,2564
1225.1477498561667,-5.2899076e-16,5.698751e-16,2564
1225.2011475553631,-6.4223324e-16,6.8310735e-16,2564
1225.2545449366294,-3.7905632e-16,3.5358967e-16,2564
1225.3079419999713,-6.9533136e-16,8.1893014e-16,2564
1225.361338745394,-4.619793e-16,4.686689e-16,2564
1225.414735172904,-3.5035808e-16,3.155751e-16,2564
1225.4681312825066,-5.5036045e-16,6.3453716e-16,2564
1225.5215270742076,-3.9121363e-16,3.8031798e-16,2564
1225.5749225480122,-4.155032e-16,6.380509e-16,2564
1225.6283177039263,-2.7662778e-16,2.3229463e-16,2564
1225.681712541956,-4.247183e-16,4.7053024e-16,2564
1225.7351070621064,-3.3160662e-16,3.8934174e-16,2564
1225.7885012643837,-2.6426078e-16,2.8158798e-16,2564
1225.841895148793,-5.3887654e-16,7.3380317e-16,2564
1225.8952887153405,-3.405994e-16,3.2067047e-16,2564
1225.9486819640315,-4.25049e-16,4.919855e-16,2564
1226.002074894872,-4.2626298e-16,4.2568022e-16,2564
1226.0554675078672,-4.115111e-16,5.4917487e-16,2564
1226.1088598030235,-4.8173104e-16,5.815178e-16,2564
1226.1622517803462,-3.5801047e-16,4.2083336e-16,2564
1226.2156434398407,-3.9638903e-16,3.2350308e-16,2564
1226.2690347815128,-4.512482e-16,4.5378895e-16,2564
1226.3224258053688,-3.8093483e-16,3.1910487e-16,2564
1226.3758165114134,-6.517108e-16,7.6792393e-16,2564
1226.429206899653,-4.8931563e-16,5.7410924e-16,2564
1226.482596970093,-3.7455127e-16,3.6371102e-16,2564
1226.535986722739,-3.8596314e-16,3.7684424e-16,2564
1226.5893761575967,-4.14933e-16,4.885593e-16,2564
1226.642765274672,-4.4739613e-16,4.9717224e-16,2564
1226.6961540739705,-5.2515603e-16,6.2698956e-16,2564
1226.7495425554978,-5.6180344e-16,6.3696285e-16,2564
1226.8029307192594,-5.1546635e-16,4.585024e-16,2564
1226.8563185652613,-3.707864e-16,3.5585133e-16,2564
1226.9097060935087,-3.6249e-16,3.741931e-16,2564
1226.963093304008,-3.7483283e-16,5.174615e-16,2564
1227.0164801967642,-4.5103525e-16,4.714444e-16,2564
1227.0698667717836,-3.5985115e-16,3.7336148e-16,2564
1227.123253029071,-5.156655e-16,4.9748664e-16,2564
1227.176638968633,-3.358429e-16,3.4990132e-16,2564
1227.2300245904744,-3.8741582e-16,3.5703752e-16,2564
1227.2834098946018,-2.82006e-16,3.2461675e-16,2564
1227.33679488102,-2.6092225e-16,2.370168e-16,2564
1227.3901795497356,-3.826079e-16,4.701329e-16,2564
1227.4435639007534,-3.2632818e-16,3.3523563e-16,2564
1227.4969479340793,-5.6510417e-16,6.6492674e-16,2564
1227.5503316497193,-3.451204e-16,2.9353596e-16,2564
1227.6037150476789,-4.4539316e-16,3.8974546e-16,2564
1227.6570981279635,-5.073443e-16,6.2916247e-16,2564
1227.7104808905792,-4.7037285e-16,5.8902687e-16,2564
1227.7638633355316,-3.462005e-16,3.4020843e-16,2564
1227.817245462826,-5.1545984e-16,6.033089e-16,2564
1227.8706272724685,-4.6878705e-16,4.813524e-16,2564
1227.9240087644646,-4.7788784e-16,5.2562915e-16,2564
1227.97738993882,-5.1647283e-16,5.970311e-16,2564
1228.0307707955399,-2.833408e-16,2.9725515e-16,2564
1228.0841513346306,-1.8940861e-16,1.3165055e-16,2564
1228.1375315560977,-3.1556302e-16,3.4765935e-16,2564
1228.1909114599466,-4.4550947e-16,4.721393e-16,2564
1228.2442910461832,-4.761082e-16,5.1113584e-16,2564
1228.297670314813,-4.845156e-16,5.4913104e-16,2564
1228.351049265842,-4.445044e-16,4.458074e-16,2564
1228.4044278992753,-3.6661436e-16,4.4753716e-16,2564
1228.4578062151193,-3.3682117e-16,3.4822726e-16,2564
1228.5111842133786,-3.288668e-16,3.3837929e-16,2564
1228.56456189406,-3.3952487e-16,3.2983032e-16,2564
1228.6179392571687,-4.2031535e-16,5.6993724e-16,2564
1228.67131630271,-4.0009387e-16,4.005375e-16,2564
1228.7246930306903,-3.3563424e-16,2.9380097e-16,2564
1228.778069441115,-4.2254114e-16,4.3342943e-16,2564
1228.8314455339892,-3.7768847e-16,4.1773127e-16,2564
1228.8848213093192,-4.272419e-16,5.827606e-16,2564
