trappist-1/STIS/TRAPPIST-1_G140M_mean.ecsv
# %ECSV 0.9
# ---
# datatype:
# - {name: WAVELENGTH, unit: Angstrom, datatype: float64}
# - {name: FLUX, unit: erg / (Angstrom cm2 s), datatype: float32}
# - {name: ERROR, unit: erg / (Angstrom cm2 s), datatype: float32}
# - {name: DQ, datatype: int16}
# delimiter: ','
# schema: astropy-2.0
WAVELENGTH,FLUX,ERROR,DQ
1194.444823387054,1.2942797e-15,1.9732914e-15,2596
1194.4984045206868,1.2392024e-15,1.8827912e-15,2596
1194.5519853331025,3.480266e-16,8.885746e-16,2596
1194.6055658243054,6.214638e-16,1.2458751e-15,2596
1194.6591459943022,6.0382935e-16,1.2661321e-15,2596
1194.7127258430985,-3.273181e-16,1.7167872e-15,2564
1194.7663053707,2.2817278e-16,1.5298635e-15,2564
1194.8198845771126,1.3853805e-16,1.2411612e-15,2564
1194.8734634623418,-6.589228e-18,1.1458866e-15,2564
1194.9270420263936,2.0553891e-16,1.6343966e-15,2564
1194.9806202692735,-7.409728e-16,1.6280034e-15,2564
1195.0341981909876,-1.0212635e-15,1.6561522e-15,2564
1195.0877757915416,2.0688924e-16,1.861336e-15,2564
1195.1413530709412,1.7127399e-16,2.026579e-15,2564
1195.1949300291924,-8.319536e-16,1.6665652e-15,2564
1195.2485066663005,-8.3373056e-16,1.568365e-15,2564
1195.3020829822717,-1.0223803e-15,1.6470098e-15,2564
1195.3556589771117,-1.0067077e-15,1.5322706e-15,2564
1195.4092346508262,-9.25437e-16,1.5708203e-15,2564
1195.462810003421,-6.594527e-16,1.581087e-15,2564
1195.5163850349018,-8.993287e-16,1.6563681e-15,3072
1195.5699597452742,-5.164503e-16,1.399045e-15,3104
1195.6235341345443,-5.5837317e-16,1.3664903e-15,2564
1195.677108202718,-5.4010564e-16,1.5174675e-15,2564
1195.7306819498008,-5.778918e-16,1.5397251e-15,2564
1195.7842553757985,-5.015841e-16,1.8271716e-15,2564
1195.8378284807168,-8.633356e-16,1.4914433e-15,2564
1195.8914012645619,-6.1507006e-16,1.4970741e-15,2564
1195.9449737273387,-6.6792074e-16,1.7488275e-15,2564
1195.998545869054,-4.533557e-16,1.7561062e-15,2564
1196.052117689713,-4.9829477e-16,1.951067e-15,2564
1196.1056891893213,-6.224018e-16,1.6772482e-15,2564
1196.159260367885,-6.7052986e-16,1.5642495e-15,2564
1196.21283122541,-6.839739e-16,1.9357936e-15,2564
1196.2664017619018,-9.995182e-17,1.9578616e-15,2564
1196.319971977366,-1.1195103e-16,1.4232201e-15,2564
1196.373541871809,-1.8860212e-16,1.793513e-15,2564
1196.4271114452363,-3.1678288e-16,1.7237213e-15,2564
1196.480680697653,-5.2560417e-16,1.7871815e-15,2564
1196.5342496290657,-2.6539459e-16,1.6465742e-15,2564
1196.58781823948,-3.9196897e-16,1.5196699e-15,2564
1196.6413865289016,-2.6629046e-16,1.5665564e-15,2564
1196.694954497336,-6.81196e-16,1.6120139e-15,2564
1196.7485221447896,-2.6460862e-16,1.7110457e-15,2564
1196.8020894712674,-2.111386e-16,1.7748845e-15,2564
1196.8556564767757,-2.486693e-16,1.5882877e-15,2564
1196.90922316132,-2.7053901e-16,1.8872544e-15,2564
1196.9627895249064,1.7005207e-16,1.8399218e-15,3588
1197.0163555675401,2.4558073e-17,1.8633105e-15,3588
1197.0699212892278,-1.0695716e-17,1.870681e-15,3588
1197.1234866899742,1.1375884e-16,1.7650189e-15,2564
1197.1770517697857,-3.2113073e-16,1.5779562e-15,2564
1197.2306165286682,-1.9113869e-16,1.7626538e-15,2564
1197.2841809666272,-6.971182e-17,1.5304998e-15,2564
1197.337745083668,-2.9478852e-18,2.1621452e-15,2564
1197.3913088797972,4.8364113e-18,1.8569404e-15,2564
1197.4448723550202,1.5999566e-16,1.8453443e-15,2564
1197.4984355093427,6.4486795e-17,1.6115428e-15,2564
1197.5519983427705,1.8882102e-16,1.9577085e-15,2564
1197.6055608553095,-3.1586883e-16,1.3908187e-15,2564
1197.6591230469655,8.257608e-17,1.902173e-15,2564
1197.7126849177437,-1.73011e-17,2.1252506e-15,2564
1197.7662464676507,-2.3097802e-16,1.8180309e-15,2564
1197.819807696692,2.7304179e-16,2.3907977e-15,2564
1197.873368604873,-7.655184e-17,1.7106497e-15,2564
1197.9269291921996,6.903446e-17,1.7417195e-15,2564
1197.9804894586778,-4.1193592e-16,1.911141e-15,2564
1198.0340494043132,-5.181151e-18,2.0638373e-15,2564
1198.0876090291117,2.337544e-16,2.2309573e-15,2564
1198.1411683330791,-1.2008685e-16,1.6394519e-15,2564
1198.194727316221,-1.5861953e-16,1.8135261e-15,2564
1198.248285978543,1.5163413e-16,1.7940543e-15,2564
1198.301844320051,2.7368463e-15,4.0777564e-15,2564
1198.355402340751,2.2458594e-16,1.7545519e-15,2564
1198.4089600406487,1.05608994e-16,1.9581784e-15,3072
1198.4625174197497,1.1444312e-15,3.2709255e-15,3072
1198.5160744780596,4.112325e-16,1.8743757e-15,2564
1198.5696312155846,4.868688e-16,2.2993004e-15,2564
1198.6231876323304,1.8705378e-16,1.787946e-15,2564
1198.6767437283027,1.163571e-16,1.8943394e-15,2564
1198.7302995035066,1.0931131e-16,2.1120686e-15,2564
1198.783854957949,3.8092517e-16,1.5192813e-15,2564
1198.8374100916349,-4.6822817e-16,1.8266064e-15,2564
1198.8909649045702,5.4760773e-17,2.0537739e-15,2564
1198.944519396761,6.7391175e-16,2.3639444e-15,2564
1198.9980735682127,2.1645489e-17,1.7840771e-15,2564
1199.051627418931,1.8889644e-17,1.6787559e-15,2564
1199.105180948922,1.4496428e-15,2.7482465e-15,2564
1199.158734158191,8.5144477e-16,2.1872263e-15,2564
1199.2122870467444,-2.0428759e-17,1.973167e-15,2564
1199.2658396145875,-2.089539e-16,1.5924525e-15,2564
1199.3193918617262,3.104887e-17,1.7560635e-15,2564
1199.3729437881661,1.8888819e-16,2.5551852e-15,2564
1199.4264953939132,3.7999947e-16,2.0015857e-15,2564
1199.4800466789732,1.2720099e-16,1.7527274e-15,2564
1199.5335976433519,-1.2541682e-16,1.952526e-15,2564
1199.5871482870548,1.7526438e-16,2.0305006e-15,2564
1199.6406986100878,2.1641814e-16,1.7219571e-15,2564
1199.694248612457,2.4283048e-16,1.9032816e-15,2564
1199.7477982941675,4.2049733e-16,1.8100978e-15,2564
1199.8013476552255,2.1720565e-16,2.0762408e-15,2564
1199.8548966956369,-3.19044e-16,1.7473378e-15,2564
1199.9084454154072,3.7835284e-16,1.805792e-15,2564
1199.9619938145418,-5.7271676e-17,1.8424817e-15,2564
1200.0155418930476,3.30165e-16,2.4725171e-15,2564
1200.0690896509288,4.0955705e-16,1.8738681e-15,2564
1200.1226370881925,1.3018033e-16,1.9042908e-15,2564
1200.1761842048438,3.6546777e-16,1.9589564e-15,2564
1200.2297310008887,3.3885765e-16,1.7776198e-15,2564
1200.2832774763326,-2.205292e-16,1.5369337e-15,2564
1200.336823631182,1.4398974e-17,1.8331629e-15,2564
1200.3903694654418,-2.7047284e-16,1.9035628e-15,2564
1200.443914979118,4.3858834e-16,2.3068167e-15,2564
1200.497460172217,2.3866937e-16,1.7344668e-15,2564
1200.5510050447435,4.0737282e-16,1.8865133e-15,2564
1200.6045495967044,2.3743856e-16,2.278883e-15,2564
1200.6580938281045,5.9882704e-16,2.1933306e-15,2564
1200.7116377389498,3.832667e-16,2.013031e-15,2564
1200.7651813292464,1.7048833e-18,1.9278243e-15,2564
1200.8187245989998,2.3791456e-16,2.2040557e-15,2564
1200.8722675482159,1.3780649e-16,2.17631e-15,2564
1200.9258101769,3.1276586e-16,1.7703052e-15,2564
1200.9793524850584,4.0018088e-17,1.911671e-15,2564
1201.0328944726966,2.1373311e-17,1.9424117e-15,2564
1201.0864361398205,5.7874733e-16,1.9606992e-15,2564
1201.1399774864358,2.0730491e-16,1.7946036e-15,2564
1201.1935185125483,-2.7714e-16,1.6216736e-15,2564
1201.2470592181635,1.4656204e-16,1.8384293e-15,2564
1201.3005996032873,1.1197611e-15,2.0325407e-15,2564
1201.3541396679254,5.486549e-16,2.1612965e-15,2564
1201.4076794120842,2.5904938e-16,1.8906654e-15,2564
1201.4612188357685,4.445606e-16,1.9620256e-15,2564
1201.5147579389845,-1.0666469e-16,1.7154291e-15,2564
1201.568296721738,-1.4669304e-16,1.717555e-15,2564
1201.6218351840346,1.8242297e-16,1.9487676e-15,2564
1201.6753733258802,2.1301114e-16,2.0331556e-15,2564
1201.7289111472803,-3.2988482e-16,2.0435225e-15,2564
1201.7824486482411,2.5491719e-16,2.0430579e-15,2564
1201.835985828768,5.815017e-16,2.0303765e-15,3072
1201.8895226888667,7.275037e-16,2.129405e-15,3072
1201.943059228543,1.3940606e-15,2.3637892e-15,2564
1201.996595447803,-2.0216288e-15,2.2245686e-15,2564
1202.050131346652,6.3662006e-16,2.0674562e-15,2564
1202.1036669250964,1.5092651e-15,2.7943636e-15,2564
1202.1572021831407,2.125206e-16,2.1473969e-15,2564
1202.2107371207921,2.4337835e-16,2.1926841e-15,2564
1202.2642717380556,2.8314421e-16,2.0497429e-15,2564
1202.317806034937,-8.1585254e-17,1.8971708e-15,2564
1202.371340011442,5.985484e-16,2.1918314e-15,2564
1202.4248736675768,3.3850737e-16,2.03282e-15,2564
1202.4784070033465,1.7328286e-16,2.0008746e-15,2564
1202.531940018757,4.63546e-16,2.1319385e-15,2564
1202.5854727138146,3.8410985e-16,1.8421537e-15,2564
1202.6390050885245,1.0083218e-16,1.9269258e-15,2564
1202.692537142893,4.676557e-16,1.8920944e-15,2564
1202.746068876925,2.153309e-16,2.0152983e-15,2564
1202.7996002906266,1.5780912e-16,2.1850731e-15,2564
1202.8531313840042,8.7186324e-16,2.2291002e-15,2564
1202.9066621570626,4.135353e-15,1.1596709e-14,2564
1202.9601926098082,5.061187e-15,1.3422924e-14,2564
1203.0137227422463,5.4390447e-16,2.1481825e-15,2564
1203.067252554383,2.3204293e-16,2.0869098e-15,2564
1203.1207820462241,1.798796e-17,1.8021886e-15,2564
1203.174311217775,-6.2241404e-17,2.0053463e-15,2564
1203.2278400690418,8.19569e-16,2.0883271e-15,2564
1203.2813686000297,1.47676e-16,1.694173e-15,2564
1203.334896810745,7.598771e-16,1.5556307e-15,2564
1203.3884247011936,4.699138e-16,1.6351291e-15,2564
1203.4419522713806,5.9824095e-16,1.7328874e-15,2564
1203.4954795213118,5.6470527e-16,1.8332393e-15,2564
1203.5490064509936,8.2692555e-16,2.1897623e-15,2564
1203.6025330604314,9.593418e-16,2.4232048e-15,2564
1203.6560593496308,1.067955e-15,2.5053244e-15,2564
1203.7095853185976,3.4446384e-16,1.6096753e-15,2564
1203.7631109673375,-2.0702045e-16,1.9385575e-15,2564
1203.8166362958566,1.5105202e-16,2.0008458e-15,2564
1203.8701613041603,-8.0262545e-16,2.2931945e-15,2564
1203.9236859922544,-3.3346342e-16,2.232928e-15,2564
1203.9772103601447,1.6859744e-15,3.3833327e-15,2564
1204.030734407837,7.907144e-16,1.8595833e-15,2564
1204.084258135337,-7.543796e-17,1.9740848e-15,2564
1204.1377815426501,4.3166816e-16,2.0216265e-15,2564
1204.191304629783,1.0406468e-15,2.556103e-15,2564
1204.2448273967402,5.088323e-16,1.7923346e-15,2564
1204.2983498435285,5.1297115e-16,2.5716594e-15,2564
1204.3518719701528,6.1997115e-16,2.3500137e-15,2564
1204.4053937766198,-7.6442646e-17,1.8672068e-15,2564
1204.4589152629342,2.6653763e-16,1.5012442e-15,2564
1204.5124364291028,8.945064e-18,1.6918503e-15,2564
1204.5659572751304,3.7054317e-16,1.7982745e-15,2564
1204.619477801023,4.390347e-16,2.054629e-15,2564
1204.6729980067869,1.1453692e-16,2.0456773e-15,2564
1204.7265178924274,-2.987433e-16,2.1711108e-15,2564
1204.78003745795,1.7059725e-16,1.9790889e-15,2564
1204.8335567033607,1.3394495e-16,1.9945339e-15,2564
1204.8870756286656,7.9797137e-16,1.9806074e-15,2564
1204.94059423387,3.9857561e-16,1.939779e-15,2564
1204.9941125189794,1.0044258e-15,2.8348022e-15,2564
1205.0476304840001,7.255042e-17,1.6661062e-15,2564
1205.1011481289377,2.2576748e-17,1.970212e-15,2564
1205.1546654537979,3.339208e-16,2.157751e-15,2564
1205.2081824585864,5.6373065e-16,2.3139936e-15,2564
1205.261699143309,4.2941855e-16,2.0110227e-15,2564
1205.3152155079715,4.494747e-16,2.0945545e-15,2564
1205.3687315525792,-4.3990646e-17,1.7862646e-15,2564
1205.4222472771382,-9.138504e-17,2.0034942e-15,2564
1205.4757626816547,2.0738065e-16,1.7926826e-15,2564
1205.5292777661336,-1.9778624e-16,1.7541079e-15,2564
1205.582792530581,5.343333e-16,2.2749137e-15,2564
1205.6363069750028,1.6956273e-16,2.090868e-15,2564
1205.6898210994048,4.787663e-17,2.2141198e-15,2564
1205.7433349037922,7.339075e-17,1.8871032e-15,2564
1205.7968483881712,1.7426571e-16,1.9358728e-15,2564
1205.8503615525474,1.6382194e-16,1.9003587e-15,2564
1205.9038743969268,7.165636e-16,1.817055e-15,2564
1205.9573869213145,6.484497e-16,1.930534e-15,2564
1206.010899125717,-5.427002e-19,1.6674832e-15,2564
1206.0644110101393,1.2196099e-16,1.8109111e-15,2564
1206.1179225745877,5.959183e-16,1.691423e-15,2564
1206.171433819068,1.4292635e-16,1.9150778e-15,2564
1206.2249447435854,3.1008577e-16,1.6893569e-15,2564
1206.278455348146,6.722718e-17,1.7072914e-15,2564
1206.3319656327556,2.3682006e-16,2.1119585e-15,2564
1206.38547559742,-5.4361913e-17,1.8768054e-15,2564
1206.4389852421443,8.199842e-17,1.9640915e-15,2564
1206.4924945669352,1.8889111e-16,1.5671847e-15,2564
1206.5460035717974,2.8794642e-16,2.1805199e-15,2564
1206.5995122567376,2.9987259e-16,1.8288257e-15,2564
1206.6530206217608,-7.580156e-17,1.6747855e-15,2564
1206.7065286668733,8.644397e-16,2.222811e-15,2564
1206.7600363920806,1.442905e-15,2.6302253e-15,2564
1206.8135437973883,5.964783e-16,2.043098e-15,2564
1206.8670508828022,-6.8180742e-18,1.7897622e-15,2564
1206.9205576483282,-3.8143134e-17,1.6615597e-15,2564
1206.974064093972,3.0244545e-16,2.119424e-15,2564
1207.0275702197391,3.5636354e-16,2.31739e-15,2564
1207.0810760256356,1.4154177e-16,1.8080467e-15,2564
1207.134581511667,-4.3894486e-16,1.7268697e-15,2564
1207.188086677839,6.036149e-16,5.3088213e-15,2564
1207.2415915241577,4.711267e-16,2.815062e-15,2564
1207.2950960506282,1.8297808e-16,1.47342e-15,2564
1207.3486002572567,5.706934e-16,1.87334e-15,2564
1207.402104144049,1.0824277e-15,2.5770306e-15,2564
1207.4556077110108,2.2742022e-16,1.6230756e-15,2564
1207.5091109581472,3.560853e-17,2.0499809e-15,2564
1207.5626138854645,2.559672e-16,1.5585013e-15,2564
1207.6161164929688,1.7213913e-15,2.8560441e-15,2564
1207.669618780665,8.23216e-16,3.6387964e-15,2564
1207.7231207485595,1.3865485e-15,9.022204e-15,2564
1207.7766223966578,4.9615246e-16,2.1091427e-15,2564
1207.8301237249655,3.7822634e-16,2.3277996e-15,2564
1207.8836247334884,4.4754865e-17,1.7566595e-15,2564
1207.9371254222324,9.017696e-16,1.803088e-15,2564
1207.9906257912028,9.661289e-16,2.3503508e-15,2564
1208.044125840406,1.9078617e-18,2.0354329e-15,2564
1208.0976255698474,1.7284737e-16,1.6287862e-15,2564
1208.1511249795326,-1.1437375e-16,2.0736879e-15,2564
1208.2046240694676,-6.512529e-17,1.6973808e-15,2564
1208.2581228396577,4.2324043e-17,2.0046703e-15,2564
1208.311621290109,1.0881894e-17,1.5964359e-15,2564
1208.3651194208273,2.8942083e-16,1.7427362e-15,2564
1208.418617231818,1.535919e-16,1.9982829e-15,2564
1208.4721147230869,2.4802408e-16,1.7921214e-15,2564
1208.5256118946402,-7.65801e-17,1.8526705e-15,2564
1208.5791087464831,7.6912405e-17,1.6942243e-15,2564
1208.6326052786214,-2.2321932e-17,1.799351e-15,2564
1208.6861014910612,-1.777088e-16,1.7195388e-15,2564
1208.739597383808,3.3661153e-16,1.7645734e-15,2564
1208.7930929568672,1.0840489e-16,1.9543024e-15,2564
1208.8465882102448,2.8000352e-16,2.0606186e-15,2564
1208.9000831439469,4.012309e-16,1.893531e-15,2564
1208.9535777579788,3.706967e-16,1.7176362e-15,2564
1209.0070720523463,1.762593e-16,2.1492978e-15,2564
1209.0605660270548,-8.1149105e-17,1.8261132e-15,2564
1209.114059682111,-1.8795142e-16,1.6810962e-15,2564
1209.1675530175198,-1.6355481e-16,1.7725437e-15,2564
1209.221046033287,2.9903564e-16,1.6503712e-15,2564
1209.2745387294187,1.6177912e-17,1.2952553e-15,2564
1209.32803110592,1.1620507e-16,1.8617943e-15,2564
1209.3815231627973,-4.9279004e-17,1.8042064e-15,2564
1209.4350149000563,3.8230986e-16,2.0867989e-15,2564
1209.488506317702,3.8221867e-16,2.0729679e-15,2564
1209.541997415741,4.9730003e-16,2.1283352e-15,2564
1209.5954881941784,2.0637428e-16,1.8063856e-15,2564
1209.6489786530203,-7.1757316e-17,1.6257242e-15,2564
1209.7024687922724,1.4039226e-16,1.8009335e-15,2564
1209.7559586119403,-2.7285306e-16,1.8306034e-15,2564
1209.8094481120297,-7.321793e-17,1.6725283e-15,2564
1209.8629372925466,2.4694356e-16,1.7550564e-15,2564
1209.9164261534963,1.7806194e-16,2.0199186e-15,2564
1209.9699146948847,3.866447e-16,1.9588952e-15,2564
1210.0234029167182,3.2107604e-17,1.6407576e-15,2564
1210.076890819001,-2.3740611e-17,1.7272172e-15,2564
1210.1303784017402,1.2128559e-15,2.615545e-15,2564
1210.183865664941,1.7412365e-16,2.0259914e-15,2564
1210.237352608609,-5.2064553e-16,1.8672807e-15,2564
1210.2908392327504,-8.126294e-17,1.5573819e-15,2564
1210.3443255373707,8.4004254e-17,1.79804e-15,2564
1210.3978115224752,1.412872e-16,3.1092659e-15,2564
1210.4512971880702,-2.3808357e-16,1.6709217e-15,2564
1210.5047825341612,-1.0791373e-17,1.6885234e-15,2564
1210.5582675607538,1.0862581e-15,2.2493945e-15,2564
1210.6117522678542,1.8494234e-15,4.0401015e-15,2564
1210.6652366554674,1.1395024e-17,1.6940772e-15,2564
1210.7187207236,2.6363067e-16,1.7363779e-15,2564
1210.7722044722568,9.163066e-17,1.3652903e-15,2564
1210.8256879014443,-4.4955157e-16,1.824243e-15,2564
1210.8791710111677,1.9742198e-16,1.5481963e-15,2564
1210.9326538014332,-2.4741429e-17,1.6172943e-15,2564
1210.9861362722459,3.039311e-16,1.8177613e-15,2564
