trappist-1/STIS/TRAPPIST-1_G140M_mean.ecsv
# %ECSV 0.9
# ---
# datatype:
# - {name: WAVELENGTH, unit: Angstrom, datatype: float64}
# - {name: FLUX, unit: erg / (Angstrom cm2 s), datatype: float32}
# - {name: ERROR, unit: erg / (Angstrom cm2 s), datatype: float32}
# - {name: DQ, datatype: int16}
# delimiter: ','
# schema: astropy-2.0
WAVELENGTH,FLUX,ERROR,DQ
[from data line 311]
1211.0931002555371,-1.7255754e-16,1.950411e-15,2564
1211.1465817680269,-2.6368993e-16,1.4864456e-15,2564
1211.2000629610868,2.3732296e-16,1.4608195e-15,2564
1211.2535438347234,7.217224e-16,1.9276797e-15,2564
1211.3070243889413,8.520859e-18,1.9840199e-15,2564
1211.3605046237474,2.6146242e-16,1.9133415e-15,2564
1211.4139845391467,-8.827945e-17,1.7738222e-15,2564
1211.4674641351448,-2.3475399e-17,1.8554797e-15,2564
1211.5209434117478,1.3796622e-17,1.6287369e-15,2564
1211.5744223689615,-3.0845668e-16,1.4412709e-15,2564
1211.6279010067913,5.146564e-16,2.3172109e-15,2564
1211.681379325243,1.2519081e-15,2.832784e-15,2564
1211.7348573243223,1.1422778e-16,2.9048283e-15,2564
1211.788335004035,6.6038394e-17,3.1731637e-15,2564
1211.841812364387,-4.4757655e-16,1.2675081e-15,2564
1211.8952894053834,1.4571325e-16,1.7814196e-15,2564
1211.948766127031,5.3895605e-16,2.437075e-15,2564
1212.0022425293346,4.1652506e-16,1.6993908e-15,2564
1212.0557186122999,-4.9457804e-17,1.2959938e-15,2564
1212.109194375933,3.4383923e-17,1.4081112e-15,2564
1212.16266982024,-1.5642581e-16,1.7390738e-15,2564
1212.2161449452258,-2.276439e-16,1.6023635e-15,2564
1212.2696197508963,2.2068173e-16,1.9904455e-15,2564
1212.3230942372577,1.1980213e-16,1.6551511e-15,2564
1212.3765684043153,-3.6425363e-16,1.5456485e-15,2564
1212.4300422520748,-6.0180325e-16,1.5489266e-15,2564
1212.4835157805421,-4.162286e-16,1.6049559e-15,2564
1212.536988989723,-3.9364543e-16,1.8246595e-15,2564
1212.590461879623,1.2686138e-16,2.3004015e-15,2564
1212.6439344502483,-1.8644452e-16,1.4448149e-15,2564
1212.697406701604,-5.2623076e-16,1.5323185e-15,2564
1212.7508786336957,-3.029466e-16,1.4395381e-15,2564
1212.80435024653,-2.4770843e-16,1.6904e-15,2564
1212.8578215401117,-2.695248e-16,1.4225683e-15,2564
1212.9112925144473,-1.5575741e-16,1.8124978e-15,2564
1212.9647631695416,-4.1550796e-16,1.4888604e-15,2564
1213.018233505401,1.3116362e-16,1.7619157e-15,2564
1213.0717035220312,-1.6078688e-16,1.815703e-15,2564
1213.1251732194378,-2.2395562e-16,1.4768076e-15,2564
1213.1786425976263,-7.095172e-16,2.0284715e-15,2564
1213.232111656603,1.1529876e-15,2.1877688e-15,2564
1213.285580396373,3.184174e-16,1.8653817e-15,2564
1213.3390488169423,-4.822825e-16,1.5685881e-15,2564
1213.3925169183165,-5.7630804e-16,1.6940762e-15,2564
1213.4459847005012,-6.626775e-16,1.6440519e-15,2564
1213.4994521635024,-7.537249e-16,1.4065518e-15,2564
1213.5529193073257,-4.2339662e-16,1.4157757e-15,2564
1213.606386131977,-2.4330603e-16,1.602998e-15,2564
1213.659852637462,8.614741e-16,2.1233365e-15,2564
1213.7133188237858,1.1093465e-15,2.5650311e-15,2564
1213.7667846909546,-2.8791545e-16,1.3115615e-15,2564
1213.8202502389747,-2.3381897e-16,1.5185499e-15,2564
1213.8737154678504,1.5166234e-17,1.3616257e-15,2564
1213.9271803775887,-6.7421414e-17,1.7662426e-15,2564
1213.9806449681948,-1.03579596e-16,1.4396803e-15,2564
1214.0341092396743,-4.749717e-16,1.446188e-15,2564
1214.0875731920332,-8.5938466e-18,1.6932791e-15,2564
1214.1410368252773,1.688031e-16,1.4903803e-15,2564
1214.1945001394117,-4.8501943e-16,1.5985574e-15,2564
1214.2479631344424,-7.314201e-17,1.6115105e-15,2564
1214.3014258103756,3.2997962e-17,1.2500455e-15,2564
1214.3548881672164,-2.805721e-16,1.5906322e-15,2564
1214.4083502049707,1.941783e-16,1.5305973e-15,2564
1214.4618119236443,-5.186903e-17,1.5864749e-15,2564
1214.5152733232433,-2.3081222e-16,1.730952e-15,2564
1214.5687344037726,-3.206313e-16,1.4085671e-15,2564
1214.6221951652383,-1.6942336e-16,1.2424777e-15,2564
1214.6756556076461,1.4304e-16,1.7550706e-15,2564
1214.729115731002,-2.5279791e-17,1.8716523e-15,2564
1214.782575535311,-9.573456e-17,1.3064602e-15,2564
1214.8360350205796,-4.988299e-17,1.6034596e-15,2564
1214.889494186813,1.8635101e-16,1.6194773e-15,2564
1214.942953034017,3.72854e-16,1.923339e-15,2580
1214.9964115621974,9.116023e-16,2.6735625e-15,2580
1215.0498697713601,9.524028e-16,6.137546e-15,2564
1215.1033276615103,2.05665e-15,1.09258085e-14,2564
1215.1567852326543,3.520834e-15,2.3697464e-14,2564
1215.2102424847974,-9.5503613e-17,3.5335538e-15,2564
1215.2636994179456,1.4259637e-15,4.5298873e-15,2564
1215.3171560321043,-8.834883e-16,3.2119242e-15,2564
1215.3706123272793,-5.656321e-16,4.026542e-15,2564
1215.4240683034766,-9.222608e-16,6.676192e-15,2564
1215.4775239607015,-2.5668158e-16,4.0765845e-15,2564
1215.5309792989597,-1.4441397e-15,4.1181963e-15,2564
1215.5844343182575,-1.3039535e-15,5.9370043e-15,2564
1215.6378890186,-1.0737238e-15,4.6222736e-15,2564
1215.6913433999932,-1.6587531e-15,3.786232e-15,2564
1215.7447974624426,-2.8165031e-15,3.0621804e-15,2564
1215.798251205954,-5.4755317e-17,2.499474e-15,2564
1215.8517046305335,-6.3140636e-16,2.2693364e-15,2564
1215.905157736186,-1.4595591e-16,2.0426178e-15,2564
1215.958610522918,4.4325303e-16,1.9093342e-15,2564
1216.0120629907346,6.617834e-16,2.3332302e-15,2564
1216.065515139642,-9.908417e-17,2.039455e-15,2564
1216.1189669696457,-6.429529e-16,2.122622e-15,2564
1216.1724184807515,-8.9678786e-17,2.7429561e-15,2564
1216.2258696729646,4.978536e-16,1.4104632e-15,2564
1216.2793205462913,-1.0268565e-16,1.3409381e-15,2564
1216.332771100737,-5.953788e-16,1.1591142e-15,2564
1216.386221336308,-1.6983862e-16,1.0935768e-15,2564
1216.4396712530088,3.9006913e-16,1.5316085e-15,2564
1216.4931208508467,-6.965135e-18,1.5991506e-15,2564
1216.546570129826,9.821993e-16,1.6987926e-15,2564
1216.6000190899529,1.0839914e-15,2.6036035e-15,2564
1216.6534677312334,1.6290165e-14,1.9061977e-14,2564
1216.7069160536726,1.8082152e-15,2.6667467e-15,2564
1216.760364057277,-3.1717088e-16,1.3133278e-15,2564
1216.8138117420515,-4.361771e-16,1.5434888e-15,2564
1216.8672591080024,-3.7296634e-16,1.414625e-15,2564
1216.9207061551356,-3.5025514e-16,1.3646839e-15,2564
1216.9741528834559,-3.3674443e-16,1.219354e-15,2564
1217.0275992929694,2.8540354e-16,1.7846436e-15,2564
1217.081045383682,-3.9063995e-16,1.299068e-15,2564
1217.1344911555993,-3.9491379e-16,1.24872e-15,2564
1217.1879366087271,-7.425334e-16,1.3861856e-15,2564
1217.241381743071,-9.485e-16,1.3087206e-15,2564
1217.2948265586365,-6.2772447e-16,1.3706835e-15,2564
1217.3482710554301,-1.597842e-16,1.3657601e-15,2564
1217.4017152334563,-6.378113e-16,1.1639135e-15,2564
1217.455159092722,-6.2455816e-16,1.2851572e-15,2564
1217.508602633232,-6.444746e-16,1.5040817e-15,2564
1217.5620458549922,-3.704876e-16,1.6240943e-15,2564
1217.6154887580087,-5.0789223e-16,1.2551132e-15,2564
1217.668931342287,-1.8174099e-16,1.4835703e-15,2580
1217.7223736078324,-6.010131e-16,1.3187935e-15,2580
1217.7758155546514,-4.4652226e-16,1.3561555e-15,2564
1217.8292571827487,-2.6669965e-16,1.1197045e-15,2564
1217.8826984921309,5.710249e-17,1.3157707e-15,2564
1217.9361394828034,2.4749036e-15,4.6637808e-15,2564
1217.9895801547718,-2.0578998e-16,1.4490819e-15,2564
1218.043020508042,1.3573962e-16,1.5797356e-15,2564
1218.096460542619,-4.201722e-18,1.3816506e-15,2564
1218.1499002585097,4.386739e-16,1.7016475e-15,2564
1218.203339655719,4.5594624e-16,1.1924583e-15,2564
1218.2567787342525,1.2540937e-16,1.3147055e-15,2564
1218.3102174941166,-4.8238865e-16,1.3524433e-15,2564
1218.3636559353163,-4.312784e-16,1.3536825e-15,2564
1218.4170940578574,-4.259648e-16,1.3304754e-15,2564
1218.4705318617462,-3.5971613e-16,2.3791186e-15,2564
1218.5239693469875,-4.1825283e-16,1.2909731e-15,2564
1218.577406513588,-9.821417e-16,1.4022434e-15,2564
1218.6308433615525,-6.0328746e-16,1.2097358e-15,2564
1218.684279890887,1.4511184e-16,1.1467224e-15,2564
1218.7377161015977,-3.7480972e-16,1.3528022e-15,2564
1218.7911519936895,-1.5379058e-16,1.3796874e-15,2564
1218.8445875671687,4.023879e-16,1.325769e-15,2564
1218.8980228220405,-4.4287965e-16,1.2703317e-15,2564
1218.9514577583109,-5.4164623e-16,1.1644173e-15,2564
1219.004892375986,-6.5986646e-16,1.1811442e-15,2580
1219.0583266750705,-5.6109665e-16,1.2057089e-15,2580
1219.1117606555708,-4.1987442e-16,1.3319896e-15,2564
1219.165194317493,-6.1791503e-16,1.1314892e-15,2564
1219.2186276608413,-1.8810058e-16,1.2445307e-15,2564
1219.2720606856233,-4.652368e-16,1.2286554e-15,2564
1219.3254933918433,-3.8590355e-16,1.246828e-15,2564
1219.3789257795074,-4.471522e-16,2.2913997e-15,2564
1219.4323578486215,-5.21889e-16,2.4149847e-15,2564
1219.485789599191,-1.731845e-16,1.5265215e-15,2564
1219.5392210312218,1.3245077e-16,1.185076e-15,2564
1219.5926521447195,-3.541619e-16,1.3257885e-15,2564
1219.64608293969,-2.9877083e-16,1.504956e-15,2564
1219.6995134161386,-3.4946033e-16,1.1487256e-15,2564
1219.7529435740717,1.2696221e-15,2.283001e-15,2564
1219.8063734134942,-3.9771564e-16,1.3992636e-15,2564
1219.859802934412,-3.4965359e-16,1.1337168e-15,2564
1219.913232136831,3.4253478e-16,1.4569896e-15,2564
1219.9666610207569,-4.1715012e-16,1.2000965e-15,2564
1220.0200895861954,4.598442e-17,1.3858118e-15,2564
1220.073517833152,-2.8026642e-16,1.1838193e-15,2564
1220.1269457616324,-6.2677966e-16,1.0524445e-15,2564
1220.1803733716424,-3.019333e-16,1.3485062e-15,2564
1220.2338006631878,4.449962e-16,1.5763564e-15,2564
1220.2872276362743,3.0482209e-15,4.3128275e-15,2564
1220.3406542909072,-3.274414e-17,1.4719433e-15,2564
1220.3940806270925,1.4671884e-16,1.3628046e-15,2564
1220.447506644836,-1.6704953e-16,1.4546114e-15,2564
1220.5009323441434,3.986055e-17,1.3514836e-15,2564
1220.55435772502,-6.8770044e-16,9.469421e-16,2564
1220.607782787472,-3.7613284e-16,1.3410705e-15,2564
1220.6612075315047,-4.0125385e-16,1.3159667e-15,2564
1220.714631957124,-4.0872746e-16,1.1517768e-15,2564
1220.7680560643355,-4.275815e-16,1.1165965e-15,2564
1220.8214798531446,-1.5330571e-16,1.2045972e-15,2564
1220.8749033235579,-2.4017357e-16,1.2497882e-15,2564
1220.9283264755802,-3.0976522e-16,1.1498911e-15,2564
1220.9817493092173,-3.688679e-16,1.1820712e-15,2564
1221.0351718244756,-2.1083321e-16,1.2168688e-15,2564
1221.08859402136,-2.8955107e-16,9.864975e-16,2564
1221.1420158998765,-5.785336e-16,1.1341781e-15,2564
1221.1954374600307,-4.2935078e-16,1.0213744e-15,2564
1221.248858701828,-3.770674e-16,1.010065e-15,2564
1221.302279625275,-4.1518572e-16,1.0144758e-15,2564
1221.355700230377,-2.3396262e-16,1.0905947e-15,2564
1221.4091205171392,-1.4066701e-17,1.2153874e-15,2564
1221.4625404855678,1.606774e-17,1.3344351e-15,2564
1221.515960135668,-1.6895363e-16,1.1961271e-15,2564
1221.569379467446,-3.9676336e-16,1.0402406e-15,2564
1221.6227984809075,-5.208734e-16,1.2017537e-15,2564
1221.676217176058,-5.1247595e-16,1.1321326e-15,2564
1221.7296355529024,6.219009e-16,1.5110834e-15,2564
1221.7830536114482,1.7316294e-15,2.4756444e-15,2564
1221.8364713516994,-3.3982578e-16,1.167536e-15,2564
1221.8898887736627,-2.6547018e-16,1.3194347e-15,2564
1221.943305877343,-4.6787935e-16,1.1522571e-15,2564
1221.9967226627468,1.5627742e-15,2.4590815e-15,2564
1222.0501391298794,2.1770007e-15,3.3612878e-15,2564
1222.1035552787464,-2.6471437e-16,1.1165697e-15,2564
1222.156971109354,3.0124271e-16,6.4840855e-15,2564
1222.2103866217067,2.3798124e-16,1.5718273e-15,2564
1222.2638018158116,1.6104144e-16,1.3147962e-15,2564
1222.3172166916734,-7.4064063e-16,1.0582223e-15,2564
1222.3706312492986,-4.961596e-16,1.2101668e-15,2564
1222.424045488692,-4.1504702e-16,9.759497e-16,2564
1222.4774594098599,-2.0925335e-16,1.1160343e-15,2564
1222.5308730128077,-4.300288e-16,1.1515915e-15,2564
1222.5842862975412,1.590883e-15,2.0045742e-15,2564
1222.6376992640662,1.0969259e-15,1.7467969e-15,2564
1222.6911119123884,-2.2100332e-16,1.1266813e-15,2564
1222.7445242425133,-2.7212146e-16,8.848569e-16,2564
1222.7979362544463,-3.2585593e-16,1.0856218e-15,2564
1222.8513479481937,-2.9159104e-16,1.3506362e-15,2564
1222.904759323761,-4.1694662e-16,1.0451802e-15,2564
1222.9581703811536,1.3708333e-15,2.9861202e-15,2564
1223.0115811203775,7.081051e-16,1.8854924e-15,2564
1223.064991541438,-2.0965024e-16,1.1082491e-15,2564
1223.1184016443417,-7.4573945e-16,1.0200817e-15,2564
1223.1718114290934,-2.6850926e-16,1.1278274e-15,2564
1223.2252208956986,-3.1107725e-17,9.763243e-16,2564
1223.278630044164,-3.4035052e-16,8.637385e-16,2564
1223.3320388744944,6.4166023e-16,1.6606592e-15,2564
1223.3854473866957,-1.6620266e-16,1.0340893e-15,2564
1223.4388555807739,-1.6391085e-16,1.0957895e-15,2564
1223.4922634567345,-5.9470856e-16,9.518037e-16,2564
1223.5456710145831,-3.684291e-16,8.642002e-16,2564
1223.5990782543251,-4.2037967e-16,1.0797926e-15,2564
1223.652485175967,7.66624e-16,1.9312578e-15,2564
1223.7058917795139,9.56181e-16,2.6494837e-15,2564
1223.7592980649713,-3.4005046e-16,9.258818e-16,2564
1223.8127040323452,-3.7283714e-16,1.1050164e-15,2564
1223.8661096816413,-3.504167e-16,9.516155e-16,2564
1223.9195150128653,3.4981905e-16,1.0682698e-15,2564
1223.9729200260228,2.789733e-16,1.2189602e-15,2564
1224.0263247211194,-1.0877743e-16,1.1346108e-15,2564
1224.0797290981611,-1.2581024e-16,1.3407601e-15,2564
1224.1331331571532,8.438703e-17,1.1294465e-15,2564
1224.1865368981016,-4.6309753e-16,1.1181761e-15,2564
1224.2399403210118,-7.567175e-17,8.697653e-16,2564
1224.2933434258896,-5.6725225e-16,8.428554e-16,2564
1224.346746212741,-3.8398035e-17,9.340562e-16,2564
1224.4001486815712,-1.6646676e-17,1.1580816e-15,2564
1224.4535508323859,-2.3055625e-16,1.0204906e-15,2564
1224.5069526651912,-2.373634e-16,9.523677e-16,2564
1224.5603541799924,-2.170669e-16,1.0577124e-15,2564
1224.613755376795,-3.5109664e-16,1.0531485e-15,2564
1224.6671562556053,-6.110752e-16,7.869628e-16,2564
1224.7205568164286,-2.827138e-16,9.633329e-16,2564
1224.7739570592707,1.1293406e-16,1.3217247e-15,2564
1224.827356984137,4.5076817e-16,1.3370766e-15,2564
1224.8807565910336,-3.6722237e-16,8.5920444e-16,2564
1224.934155879966,3.073997e-17,1.0718375e-15,2564
1224.98755485094,-2.3376953e-16,1.0356204e-15,2564
1225.0409535039607,-4.8283165e-16,8.6129317e-16,2564
1225.0943518390345,-8.0120827e-17,9.151343e-16,2564
1225.1477498561667,-3.3436218e-16,9.52001e-16,2564
1225.2011475553631,-3.9590172e-16,8.8721217e-16,2564
1225.2545449366294,-2.0990028e-16,9.667006e-16,2564
1225.3079419999713,-4.5360875e-16,9.544835e-16,2564
1225.361338745394,-4.2811603e-17,9.801791e-16,2564
1225.414735172904,-4.7353175e-17,9.367434e-16,2564
1225.4681312825066,-2.9476649e-16,9.408339e-16,2564
1225.5215270742076,-2.5245073e-16,7.646442e-16,2564
1225.5749225480122,-3.7568466e-16,9.057887e-16,2564
1225.6283177039263,-3.5819305e-16,8.403139e-16,2564
1225.681712541956,-2.5768915e-16,8.993894e-16,2564
1225.7351070621064,4.1493578e-15,4.912609e-15,2564
1225.7885012643837,5.737196e-15,6.79732e-15,2564
1225.841895148793,-2.3804567e-16,9.99414e-16,2564
1225.8952887153405,-2.0825407e-18,1.1682459e-15,2564
1225.9486819640315,-2.637053e-16,8.613322e-16,2564
1226.002074894872,-2.89836e-16,9.709744e-16,2564
1226.0554675078672,-1.1445584e-16,8.5072156e-16,2564
1226.1088598030235,-2.9480773e-16,9.70432e-16,2564
1226.1622517803462,-1.7272083e-16,8.16197e-16,2564
1226.2156434398407,8.4362597e-16,1.507541e-15,2564
1226.2690347815128,-1.7455967e-16,9.368652e-16,2564
1226.3224258053688,-2.792299e-16,9.011294e-16,2564
1226.3758165114134,-3.5074134e-16,8.930113e-16,2564
1226.429206899653,-2.6854444e-16,9.105963e-16,2564
1226.482596970093,-8.3789816e-17,7.405755e-16,2564
1226.535986722739,-5.000453e-17,9.450933e-16,2564
1226.5893761575967,-1.3957802e-16,1.029504e-15,2564
1226.642765274672,-2.3998937e-16,8.328295e-16,2564
1226.6961540739705,-1.2792225e-16,9.268364e-16,2564
1226.7495425554978,-3.3247473e-16,9.531552e-16,2564
1226.8029307192594,-3.7045296e-16,8.469566e-16,2564
1226.8563185652613,-2.032847e-17,8.2686483e-16,2564
1226.9097060935087,-1.6382987e-16,7.800263e-16,2564
1226.963093304008,-2.2371956e-16,8.863728e-16,2564
1227.0164801967642,-7.793127e-17,9.101825e-16,2564
1227.0698667717836,-2.4045815e-16,8.920847e-16,2564
1227.123253029071,-2.0513824e-16,8.702469e-16,2564
1227.176638968633,4.0463786e-16,1.0288974e-15,2564
1227.2300245904744,1.2406621e-16,8.626823e-16,2564
1227.2834098946018,5.1729276e-16,1.1344971e-15,2564
1227.33679488102,6.30881e-16,1.4115916e-15,2564
1227.3901795497356,1.6606186e-15,2.2173842e-15,2564
1227.4435639007534,3.6536359e-16,1.1702097e-15,2564
1227.4969479340793,-3.0549329e-16,7.630947e-16,2564
