trappist-1/STIS/TRAPPIST-1_G140L_coadd.ecsv
# %ECSV 0.9
# ---
# datatype:
# - {name: WAVELENGTH, unit: Angstrom, datatype: float64}
# - {name: FLUX, unit: erg / (Angstrom cm2 s), datatype: float32}
# - {name: ERROR, unit: erg / (Angstrom cm2 s), datatype: float32}
# - {name: DQ, datatype: int16}
# delimiter: ','
# schema: astropy-2.0
WAVELENGTH,FLUX,ERROR,DQ
[from data line 660]
1504.7431326502601,8.0759546e-18,3.2107846e-17,32
1505.3265984319241,-2.6264396e-17,1.9872652e-18,32
1505.9100631477077,-2.6081731e-17,8.0015435e-19,32
1506.4935267976166,-9.280409e-18,1.7937192e-17,32
1507.076989381656,1.0417022e-17,1.5847743e-17,32
1507.6604508998323,-1.8394958e-17,1.9440013e-17,32
1508.2439113521518,-1.05138236e-19,2.4881307e-17,32
1508.8273707386195,-4.7668467e-18,1.7176263e-17,32
1509.4108290592417,-1.9472811e-17,1.1043728e-17,32
1509.9942863140238,-2.51888e-17,7.304189e-19,32
1510.5777425029721,-2.512229e-17,5.6966336e-19,32
1511.1611976260924,3.0112046e-18,3.948789e-17,32
1511.7446516833902,-2.4780933e-17,8.60299e-19,32
1512.3281046748718,-1.3229905e-17,2.1637887e-17,32
1512.9115566005428,-5.1258252e-17,1.3099195e-18,32
1513.495007460409,-8.937725e-19,1.8422014e-17,32
1514.0784572544765,-1.7992465e-18,8.90854e-18,32
1514.6619059827506,-5.04719e-17,1.2102322e-18,32
1515.2453536452376,1.4658276e-17,9.8192576e-18,32
1515.8288002419433,-3.713062e-17,9.302922e-19,32
1516.4122457728733,1.3214182e-17,1.1707112e-17,32
1516.9956902380336,-2.3739144e-17,3.782775e-19,32
1517.5791336374302,3.1406556e-17,1.3459646e-17,32
1518.1625759710687,9.1326245e-17,4.3595555e-17,32
1518.746017238955,1.5791725e-17,1.0442879e-17,32
1519.3294574410947,-1.4966996e-17,1.2557857e-17,32
1519.9128965774944,-2.2963014e-17,5.764219e-19,32
1520.496334648159,-4.6387234e-18,7.978939e-18,32
1521.079771653095,2.0049801e-17,2.0824656e-17,32
1521.663207592308,1.0571776e-17,1.5729726e-17,32
1522.2466424658041,-3.205858e-17,2.2226118e-17,32
1522.8300762735885,-2.2395225e-17,1.040053e-18,32
1523.4135090156676,-6.425113e-18,1.36334296e-17,32
1523.996940692047,-5.5534623e-18,1.1787416e-17,32
1524.5803713027326,9.349871e-18,1.2293384e-17,32
1525.1638008477303,-3.153541e-18,1.980467e-17,32
1525.7472293270464,-6.0765168e-18,7.985235e-18,32
1526.3306567406853,-2.1831664e-17,4.1346814e-19,32
1526.9140830886545,1.5341748e-18,1.1482926e-17,32
1527.497508370959,-2.1530269e-17,4.510682e-19,32
1528.0809325876046,-9.361273e-18,1.8790753e-17,32
1528.6643557385971,-2.1336404e-17,6.5655264e-19,32
1529.2477778239431,4.981803e-17,4.7865048e-17,32
1529.8311988436474,1.6880338e-17,2.6512548e-17,32
1530.4146187977165,-5.433198e-18,1.373799e-17,32
1530.9980376861558,1.1690259e-17,1.673536e-17,32
1531.5814555089717,-2.074266e-17,9.009539e-19,32
1532.1648722661696,-3.2730753e-17,1.1341699e-18,32
1532.7482879577556,1.2976051e-17,2.5483777e-17,32
1533.3317025837353,1.8678021e-17,1.5500665e-17,32
1533.9151161441146,-3.1958477e-17,1.1803738e-17,32
1534.4985286388994,-1.9905048e-17,1.6947438e-18,32
1535.0819400680957,-1.9770758e-17,7.0314147e-19,32
1535.665350431709,-4.2855136e-17,1.1729998e-18,32
1536.2487597297452,8.510534e-19,7.499353e-18,32
1536.8321679622104,-1.9384764e-17,9.079049e-19,32
1537.4155751291105,-3.102595e-17,9.997018e-19,32
1537.998981230451,3.4709885e-17,2.6281765e-17,32
1538.5823862662373,2.4322948e-17,1.6540026e-17,32
1539.1657902364764,-1.8920082e-17,3.832762e-19,32
1539.7491931411732,4.3935986e-17,2.4475983e-17,32
1540.3325949803343,-1.8645243e-17,8.1614535e-19,32
1540.9159957539648,5.098714e-17,4.059777e-17,32
1541.4993954620709,-1.829474e-17,1.059213e-18,32
1542.0827941046582,-1.8403046e-17,8.0032516e-19,32
1542.6661916817332,-2.3731155e-17,5.7559148e-18,32
1543.2495881933012,-2.952429e-17,8.3758717e-19,32
1543.8329836393677,-3.9870215e-17,1.625259e-18,32
1544.4163780199392,-2.3523354e-17,5.6870826e-18,32
1544.999771335021,1.320695e-17,2.4447606e-17,32
1545.5831635846196,-3.9204824e-17,1.3249286e-18,32
1546.16655476874,-1.7312965e-17,8.433385e-19,32
1546.7499448873891,4.330175e-17,1.8515538e-17,32
1547.3333339405717,-1.7159966e-17,1.5662296e-18,32
1547.9167219282942,-1.719673e-17,9.762088e-19,32
1548.5001088505621,-2.7792795e-17,8.358358e-19,32
1549.0834947073815,2.375354e-17,1.6187547e-17,32
1549.6668794987586,9.767409e-18,2.5623905e-17,32
1550.2502632246985,3.415449e-17,2.5669615e-17,32
1550.8336458852073,9.897768e-18,2.2516703e-17,32
1551.417027480291,-1.6377556e-17,1.3016608e-18,32
1552.0004080099554,1.9662101e-17,2.0221401e-17,32
1552.5837874742062,-2.6706416e-17,2.0623466e-18,32
1553.167165873049,-2.1074775e-17,5.437775e-18,32
1553.7505432064902,-1.5602516e-17,1.3698644e-18,32
1554.3339194745354,-2.082328e-17,5.434727e-18,32
1554.9172946771903,2.5041813e-17,3.6388294e-17,32
1555.500668814461,2.2837258e-16,5.720952e-17,32
1556.0840418863531,-1.5014203e-17,1.0889439e-18,32
1556.6674138928727,2.3716803e-17,3.3265747e-17,32
1557.2507848340251,-1.4650388e-17,1.2717424e-18,32
1557.8341547098169,4.0678356e-18,9.82691e-18,32
1558.4175235202533,-1.9834196e-17,5.207514e-18,32
1559.0008912653407,-1.434722e-17,1.1039851e-18,32
1559.5842579450841,5.1424452e-17,2.1143218e-17,32
1560.16762355949,-1.4201275e-17,8.06122e-19,32
1560.7509881085646,-1.3959581e-17,9.877533e-19,32
1561.3343515923123,2.0238011e-17,2.5421383e-17,32
1561.9177140107406,4.7651486e-17,3.454964e-17,32
1562.5010753638544,2.2341164e-17,2.3219837e-17,32
1563.0844356516598,-2.2962102e-17,9.27139e-18,32
1563.6677948741622,-1.834987e-17,4.9712633e-18,32
1564.251153031368,-1.3278816e-17,1.7303651e-18,32
1564.8345101232828,2.3093116e-17,1.5061508e-18,32
1565.4178661499127,5.724592e-17,3.5658122e-17,32
1566.001221111263,-2.2531237e-17,1.4663198e-18,32
1566.5845750073402,8.337177e-18,1.0602577e-17,32
1567.1679278381494,-3.054492e-17,2.0983883e-18,32
1567.751279603697,4.785593e-17,3.5653142e-17,32
1568.3346303039887,-1.23942965e-17,4.7821803e-19,32
1568.91797993903,-1.2340368e-17,1.2022213e-18,32
1569.5013285088273,2.0482805e-17,3.5341977e-17,32
1570.0846760133861,-1.2119928e-17,9.011892e-19,32
1570.6680224527124,-1.1965876e-17,8.544009e-19,32
1571.251367826812,8.422821e-18,9.812166e-18,48
1571.8347121356906,-1.1730785e-17,1.3304123e-18,32
1572.418055379354,6.543718e-18,1.4383991e-17,32
1573.0013975578079,-1.6025718e-17,4.5853736e-18,32
1573.5847386710586,-2.8164742e-17,1.3028659e-18,32
1574.1680787191117,3.0689628e-17,2.1956742e-17,32
1574.7514177019732,2.3173311e-17,3.8708363e-17,32
1575.3347556196486,-1.5592303e-17,4.485969e-18,32
1575.918092472144,-1.0949127e-17,1.2097882e-18,32
1576.5014282594652,-1.9758807e-17,1.020533e-18,32
1577.0847629816178,-1.0820156e-17,5.872803e-19,32
1577.668096638608,-1.0329762e-17,1.3312151e-18,32
1578.251429230441,-1.9485781e-17,8.2875567e-19,32
1578.8347607571236,3.9431763e-17,2.997391e-17,32
1579.418091218661,2.5952492e-17,1.6219903e-17,32
1580.001420615059,-1.8662808e-17,1.0305909e-18,32
1580.584748946324,-1.4274916e-17,4.334591e-18,32
1581.1680762124608,-1.4142532e-17,4.3450544e-18,32
1581.7514024134762,-1.8393995e-17,1.4104003e-18,32
1582.3347275493759,-1.8045936e-17,1.128377e-18,32
1582.9180516201652,8.218717e-17,6.7993346e-17,32
1583.5013746258503,5.0230255e-17,3.388913e-17,32
1584.0846965664373,-1.3680133e-17,4.2249937e-18,32
1584.6680174419316,-1.3602833e-17,4.158885e-18,32
1585.251337252339,4.5478195e-17,9.9664486e-18,32
1585.8346559976653,-1.3064004e-17,4.09466e-18,32
1586.4179736779172,-9.075732e-18,1.475593e-18,32
1587.0012902930994,5.437061e-17,3.9809635e-17,32
1587.5846058432182,-2.0202259e-17,3.204467e-18,32
1588.1679203282795,3.114961e-17,1.2780365e-17,32
1588.7512337482892,-1.682484e-17,9.924309e-19,32
1589.3345461032532,-1.6412997e-17,1.4246753e-18,32
1589.9178573931765,-2.2592465e-17,2.117609e-18,32
1590.5011676180661,-8.293674e-18,1.8873588e-18,32
1591.0844767779272,-8.435073e-18,1.8942076e-18,32
1591.6677848727657,-8.48393e-18,6.500017e-19,32
1592.2510919025872,5.395724e-17,1.3016387e-17,32
1592.8343978673981,5.895544e-17,1.2774977e-17,32
1593.417702767204,-1.5867548e-17,1.6966307e-18,32
1594.0010066020106,-1.5445393e-17,1.171359e-18,32
1594.5843093718238,-8.097103e-18,1.3318849e-18,32
1595.1676110766493,4.2791585e-17,5.0329626e-17,32
1595.7509117164932,-7.7155205e-18,1.5601729e-18,32
1596.3342112913615,2.428485e-17,9.027885e-18,32
1596.9175098012593,-1.4147837e-17,6.404961e-18,32
1597.500807246193,-7.4492685e-18,1.9246412e-18,32
1598.0841036261684,-2.0460839e-17,1.888912e-18,32
1598.667398941191,4.2062928e-17,4.5077965e-17,32
1599.2506931912674,1.1358084e-17,3.3033815e-17,32
1599.8339863764022,6.252341e-17,1.8195078e-17,32
1600.4172784966026,7.967244e-17,3.198133e-17,32
1601.0005695518735,-7.216666e-18,1.323857e-18,32
1601.5838595422206,2.1074539e-17,1.4873167e-17,32
1602.1671484676508,-1.0271517e-17,3.6696536e-18,32
1602.750436328169,9.316926e-17,3.4614815e-17,32
1603.333723123781,2.925376e-17,9.77616e-18,32
1603.9170088544936,-6.7885753e-18,2.4369403e-19,32
1604.5002935203113,-7.126813e-18,2.1938356e-18,32
1605.083577121241,-6.7681754e-18,1.1658307e-18,32
1605.666859657288,-6.887865e-18,1.2244225e-18,32
1606.2501411284582,-6.8665967e-18,1.2093337e-18,32
1606.8334215347577,-1.3548997e-17,2.823431e-18,32
1607.416700876192,-1.2318711e-17,5.663183e-18,32
1607.999979152767,6.6321985e-17,4.3549054e-17,32
1608.5832563644888,-9.967054e-18,3.308066e-18,32
1609.166532511363,-1.0038243e-17,3.2795738e-18,32
1609.7498075933952,-1.2427067e-17,4.466877e-18,32
1610.333081610592,-6.7163108e-18,1.9853937e-18,32
1610.916354562958,-1.1832928e-17,5.4821796e-18,32
1611.4996264505,1.9122561e-17,6.970944e-18,32
1612.0828972732238,4.4368797e-17,6.139185e-17,32
1612.666167031135,-6.6058677e-18,1.8806522e-18,32
1613.2494357242394,-9.768837e-18,3.0787826e-18,32
1613.832703352543,-1.2763085e-17,1.6324094e-18,32
1614.4159699160514,-9.773762e-18,3.0758269e-18,32
1614.99923541477,-1.4570975e-17,2.2104727e-18,32
1615.582499848706,-1.6940053e-17,1.5866264e-18,32
1616.1657632178642,-1.2400224e-17,1.754464e-18,32
1616.7490255222503,-6.9366063e-18,1.582185e-18,32
1617.332286761871,-1.6147201e-17,1.8840898e-18,32
1617.9155469367313,4.2025397e-17,7.893932e-18,32
1618.4988060468372,4.8301108e-17,1.8888507e-17,32
1619.082064092195,-7.061471e-18,2.045156e-18,48
1619.6653210728098,-9.774461e-18,3.2782404e-18,32
1620.248576988688,-1.23678614e-17,1.8648865e-18,32
1620.8318318398353,-6.966096e-18,1.0704595e-18,32
1621.4150856262577,2.485814e-17,2.9382795e-17,32
1621.9983383479605,-7.057336e-18,1.5503353e-18,32
1622.58159000495,-7.24134e-18,1.6934047e-18,32
1623.1648405972317,-7.193991e-18,1.8295887e-18,32
1623.7480901248118,-7.188155e-18,4.4186177e-18,32
1624.3313385876959,-7.7121126e-18,1.5196381e-18,32
1624.9145859858897,-1.2097338e-17,3.715448e-18,32
1625.4978323193995,-1.22049085e-17,3.6946837e-18,32
1626.0810775882308,2.3325855e-17,1.725677e-17,32
1626.6643217923893,-7.484285e-18,1.4598512e-18,32
1627.2475649318812,-1.3151669e-17,1.973359e-18,32
1627.830807006712,-7.785474e-18,1.1713362e-18,32
1628.4140480168874,-8.2803e-18,1.7567738e-18,32
1628.9972879624138,4.9189192e-17,2.0823211e-17,32
1629.5805268432964,-8.312911e-18,1.749049e-18,32
1630.1637646595416,-8.032273e-18,1.1632914e-18,32
1630.747001411155,-1.1360827e-17,2.9786757e-18,32
1631.3302370981423,-1.0773682e-17,2.5444001e-18,32
1631.9134717205095,5.50518e-17,2.819876e-17,32
1632.4967052782624,-1.7439346e-17,1.6665628e-18,32
1633.079937771407,-1.1722479e-17,2.84856e-18,32
1633.6631691999485,-1.7337168e-17,2.0729601e-18,32
1634.2463995638934,-1.3790807e-17,4.3426225e-18,32
1634.829628863247,-1.804231e-17,1.6879925e-18,32
1635.4128570980158,-9.476043e-18,1.7753999e-18,32
1635.9960842682049,5.1141295e-17,2.0717286e-17,32
1636.5793103738208,-1.4250997e-17,4.3372264e-18,32
1637.1625354148691,-1.8270138e-17,1.6533279e-18,32
1637.7457593913553,-1.2669557e-17,2.8653359e-18,32
1638.328982303285,-1.716384e-17,2.1310069e-18,32
1638.9122041506648,-1.0431295e-17,1.7792688e-18,32
1639.4954249335008,7.2464436e-17,1.30312404e-17,32
1640.0786446517975,-1.0562039e-17,8.638934e-19,32
1640.661863305562,8.8158316e-17,3.9858568e-17,32
1641.2450808947995,-1.3382034e-17,2.4201394e-18,32
1641.8282974195158,-1.5711766e-17,4.470389e-18,32
1642.4115128797168,-1.6450149e-17,3.567798e-18,32
1642.9947272754084,-1.228452e-17,8.100775e-19,32
1643.577940606597,2.888345e-17,1.3838448e-17,32
1644.161152873287,-1.6933846e-17,4.4824512e-18,32
1644.7443640754855,6.360616e-17,4.743994e-17,32
1645.3275742131977,-1.5056424e-17,2.3306335e-18,32
1645.9107832864302,-1.546105e-17,2.3387767e-18,32
1646.4939912951877,-1.8105792e-17,3.696031e-18,32
1647.0771982394767,-1.813254e-17,4.7100553e-18,32
1647.6604041193032,-2.0781077e-17,2.3063423e-18,32
1648.2436089346727,-2.3258322e-17,1.7336483e-18,32
1648.8268126855908,-2.1632465e-17,2.5352896e-18,32
1649.4100153720638,-1.6960597e-17,2.395228e-18,32
1649.9932169940973,-2.2303104e-17,2.564642e-18,32
1650.5764175516972,-1.5101338e-17,1.796915e-18,32
1651.1596170448693,-2.0343174e-17,2.1112563e-18,32
1651.7428154736192,-2.0735898e-17,1.8769226e-18,32
1652.3260128379532,-1.610043e-17,1.4022285e-18,32
1652.9092091378766,-2.1461055e-17,3.2740113e-18,32
1653.492404373396,-2.1652834e-17,4.0448387e-18,32
1654.0755985445162,-2.2100044e-17,3.0147197e-18,32
1654.658791651244,-1.9833346e-17,2.6086371e-18,32
1655.2419836935846,-1.7933444e-17,1.2818129e-18,32
1655.8251746715441,2.7635826e-17,4.695414e-17,32
1656.4083645851283,-2.3828736e-17,4.2617776e-18,32
1656.991553434343,-2.1129295e-17,2.433166e-18,32
1657.5747412191938,-2.4876173e-17,4.357173e-18,32
1658.1579279396867,-1.9594646e-17,1.2392913e-18,32
1658.7411135958275,-2.5077737e-17,1.0668361e-18,32
1659.3242981876224,-2.5545998e-17,1.058574e-18,32
1659.9074817150768,-2.3445961e-17,2.948275e-18,32
1660.4906641781965,-2.6822552e-17,5.7182574e-18,32
1661.0738455769879,-2.9907228e-17,3.440624e-18,32
1661.657025911456,-2.7501206e-17,2.8117635e-18,32
1662.2402051816068,-2.8896648e-17,5.9123714e-18,32
1662.823383387447,-2.9239164e-17,6.0437534e-18,32
1663.4065605289811,-2.3768692e-17,1.2728472e-18,32
1663.9897366062162,-3.053675e-17,6.2315763e-18,32
1664.5729116191571,-3.7091834e-17,1.9169983e-18,32
1665.1560855678104,-3.044883e-17,1.6623711e-18,32
1665.739258452181,-3.1010693e-17,1.6370329e-18,32
1666.322430272276,-2.6396177e-17,1.2849909e-18,32
1666.9056010281001,-3.6484644e-17,4.0545205e-18,32
1667.48877071966,-3.678447e-17,4.1791878e-18,32
1668.0719393469606,-3.4483684e-17,5.6609197e-18,32
1668.6551069100083,-3.5321932e-17,7.053394e-18,32
1669.2382734088092,-3.1689587e-17,2.857686e-18,32
1669.8214388433685,-3.6480323e-17,5.9412173e-18,32
1670.4046032136926,-3.729489e-17,6.0436616e-18,32
1670.9877665197862,-3.344851e-17,3.001108e-18,32
1671.5709287616571,-3.8383553e-17,6.233811e-18,32
1672.154089939309,-4.692473e-17,2.0176767e-18,32
1672.7372500527492,-3.5943585e-17,3.1553202e-18,32
1673.320409101983,-4.008991e-17,6.5356587e-18,32
1673.9035670870162,-4.146818e-17,6.637415e-18,32
1674.486724007855,-4.198532e-17,6.7452195e-18,32
1675.0698798645042,-4.282893e-17,8.3513495e-18,32
1675.6530346569707,-3.849125e-17,3.4350625e-18,32
1676.2361883852598,-3.9581294e-17,3.368712e-18,32
1676.8193410493777,-3.9579077e-17,3.3640085e-18,32
1677.4024926493303,-4.1144758e-17,3.4492728e-18,32
1677.9856431851226,-4.6238073e-17,7.438801e-18,32
1678.5687926567614,-4.7061342e-17,7.563637e-18,32
1679.1519410642518,-4.901926e-17,9.4478105e-18,32
1679.7350884075997,-4.702386e-17,1.69926e-18,32
1680.3182346868116,-4.4510526e-17,3.700099e-18,32
1680.9013799018926,-5.154231e-17,9.8923845e-18,32
1681.484524052849,-4.1988836e-17,1.2279364e-18,32
1682.0676671396861,-4.7371366e-17,3.9730097e-18,32
1682.6508091624103,-4.779751e-17,3.874923e-18,32
1683.2339501210274,-4.8659508e-17,3.9073564e-18,32
1683.8170900155424,-5.552369e-17,8.8693324e-18,32
1684.4002288459624,-4.639871e-17,1.2809137e-18,32
1684.983366612292,-5.557317e-17,1.7837935e-18,32
1685.5665033145378,-5.850728e-17,9.3764115e-18,32
1686.1496389527051,-5.3635228e-17,4.203115e-18,32
1686.7327735268004,-5.830281e-17,1.723986e-18,32
1687.315907036829,-6.240983e-17,9.919646e-18,32
1687.899039482797,-6.421585e-17,1.2244672e-17,32
1688.4821708647098,-6.593252e-17,1.24802595e-17,32
1689.0653011825736,-1.2637104e-18,1.665675e-17,32
1689.6484304363946,-6.0033996e-17,4.6910202e-18,32
1690.2315586261775,-6.940661e-17,1.32030475e-17,32
1690.8146857519291,-5.713808e-17,2.066892e-18,32
