trappist-1/STIS/TRAPPIST-1_G140M_mean.ecsv
# %ECSV 0.9
# ---
# datatype:
# - {name: WAVELENGTH, unit: Angstrom, datatype: float64}
# - {name: FLUX, unit: erg / (Angstrom cm2 s), datatype: float32}
# - {name: ERROR, unit: erg / (Angstrom cm2 s), datatype: float32}
# - {name: DQ, datatype: int16}
# delimiter: ','
# schema: astropy-2.0
WAVELENGTH,FLUX,ERROR,DQ
[from data line 932]
1244.2438524282625,-8.4234555e-17,2.8375278e-16,3588
1244.2971366700824,-7.4312517e-17,2.2142234e-16,3588
1244.3504205959946,-4.731331e-17,2.7902681e-16,3588
1244.4037042060042,-4.8706502e-17,2.47249e-16,2564
1244.4569875001177,-1.0622503e-16,2.0904107e-16,2564
1244.5102704783399,-5.0200155e-17,3.0976175e-16,2564
1244.5635531406765,-6.0749064e-17,2.915509e-16,2564
1244.6168354871336,-5.879031e-17,2.756749e-16,2564
1244.6701175177163,-5.6909106e-17,2.3581802e-16,2564
1244.7233992324304,-2.986324e-17,2.7267518e-16,2564
1244.7766806312818,-1.02234355e-16,2.2686925e-16,2564
1244.829961714276,-4.338452e-17,3.0456795e-16,2564
1244.8832424814182,-4.0549806e-17,2.4296695e-16,2564
1244.9365229327143,-1.0130855e-16,2.1172332e-16,2564
1244.98980306817,-5.5891615e-17,2.867743e-16,2564
1245.043082887791,-6.8005946e-17,2.8497833e-16,3588
1245.0963623915825,5.615839e-17,3.7735776e-16,3588
1245.1496415795507,-8.053204e-17,2.5563168e-16,2564
1245.2029204517005,-2.99763e-17,2.926964e-16,2564
1245.2561990080383,-9.3397803e-17,2.422824e-16,2564
1245.309477248569,-9.251575e-17,2.3454835e-16,2564
1245.3627551732989,2.5133535e-17,3.1401343e-16,2564
1245.4160327822328,-5.77735e-17,2.8881092e-16,2564
1245.469310075377,-1.03921526e-16,2.47025e-16,2564
1245.522587052737,-5.3182456e-17,3.1672897e-16,2564
1245.5758637143185,-5.6612823e-17,2.9973018e-16,2564
1245.6291400601267,-2.9589713e-17,3.2489913e-16,2564
1245.6824160901672,-1.0242407e-16,2.6935155e-16,2564
1245.735691804446,-1.961643e-17,3.0327223e-16,2564
1245.788967202969,-1.236303e-17,2.925974e-16,2564
1245.842242285741,-4.9396675e-17,3.103767e-16,2564
1245.8955170527677,-8.2617655e-17,2.5046076e-16,2564
1245.9487915040554,-1.285382e-16,2.3403666e-16,2564
1246.002065639609,-1.4735702e-16,2.2391636e-16,2564
1246.0553394594347,-1.6048162e-16,2.1892803e-16,2564
1246.1086129635378,-8.3401796e-17,2.3692104e-16,3588
1246.1618861519241,-1.1234721e-16,2.7773554e-16,3588
1246.215159024599,-1.156099e-16,2.5603665e-16,2564
1246.268431581568,-6.393831e-17,3.488936e-16,2564
1246.321703822837,-1.1822568e-16,2.2196108e-16,2564
1246.3749757484115,-1.10323785e-16,2.4899418e-16,2564
1246.428247358297,-1.2800216e-16,2.8158393e-16,2564
1246.4815186524995,-6.058633e-17,3.0654024e-16,2564
1246.5347896310243,-9.704731e-17,2.7210738e-16,2564
1246.5880602938769,-1.5914258e-17,3.3691077e-16,2564
1246.6413306410632,4.138596e-17,3.7210824e-16,2564
1246.6946006725886,-3.4502564e-17,3.3853527e-16,2564
1246.747870388459,-1.3859893e-16,2.753997e-16,2564
1246.8011397886796,-1.3600441e-16,2.4710627e-16,2564
1246.8544088732565,-1.4336971e-16,2.8635214e-16,2564
1246.9076776421948,-1.3848938e-16,2.264272e-16,2564
1246.9609460955,-6.1161814e-17,2.875256e-16,2564
1247.0142142331786,-9.878892e-17,2.2596012e-16,2564
1247.0674820552354,-1.4850511e-16,2.4309515e-16,2564
1247.1207495616766,-1.1329326e-16,2.2972923e-16,2564
1247.174016752507,-1.6264831e-16,2.3950447e-16,2564
1247.227283627733,-1.1019145e-16,2.5139353e-16,2564
1247.2805501873597,-3.567562e-17,3.9461158e-16,2564
1247.3338164313927,-9.549422e-17,3.1790692e-16,2564
1247.3870823598384,-2.0929165e-16,2.0637585e-16,2564
1247.4403479727016,-1.1387241e-16,2.543925e-16,2564
1247.493613269988,-4.622572e-17,3.3953202e-16,2564
1247.5468782517034,-4.305557e-17,3.5119969e-16,2564
1247.6001429178534,-3.9162638e-17,3.3978933e-16,2564
1247.6534072684435,-1.555997e-16,2.4448563e-16,2564
1247.7066713034797,-1.7005887e-16,2.619728e-16,2564
1247.7599350229668,-1.3782706e-16,3.1143864e-16,2564
1247.8131984269112,4.127685e-17,4.0904698e-16,2564
1247.866461515318,1.8111338e-17,4.2551775e-16,2564
1247.9197242881933,-1.1307266e-16,2.9490347e-16,2564
1247.9729867455421,-1.2300796e-16,2.728886e-16,2564
1248.0262488873705,-1.0043363e-16,2.9501874e-16,3588
1248.079510713684,-1.8186746e-16,2.0356888e-16,3588
1248.132772224488,-1.3011755e-16,2.8920153e-16,2564
1248.186033419788,-1.3839941e-16,3.3798986e-16,2564
1248.23929429959,-1.5943343e-16,2.980032e-16,2564
1248.2925548638998,-1.1767221e-16,3.1788154e-16,2564
1248.3458151127222,-1.4847414e-16,2.9254072e-16,2564
1248.3990750460634,-1.981243e-16,2.8087173e-16,2564
1248.4523346639292,-2.3355854e-16,2.2502812e-16,2564
1248.5055939663243,-1.8004711e-16,2.6375357e-16,2564
1248.5588529532554,-1.8842474e-16,2.5535783e-16,2564
1248.6121116247275,-1.6890628e-16,3.218321e-16,2564
1248.6653699807462,-2.093824e-18,2.784687e-16,2564
1248.718628021317,-2.832241e-17,3.3293112e-16,2564
1248.771885746446,1.2923055e-17,3.0577895e-16,2564
1248.8251431561384,-3.4925296e-17,3.5381921e-16,2564
1248.8784002503999,-2.4848706e-17,2.306726e-16,2596
1248.9316570292362,-5.1281317e-17,2.8415578e-16,2596
1248.9849134926528,4.3480286e-17,2.2650317e-16,2596
1249.038169640655,1.3394583e-16,3.0712951e-16,2596
1249.0914254732493,-1.7621018e-17,2.115761e-16,2596
