trappist-1/STIS/TRAPPIST-1_G140M_mean.ecsv
# %ECSV 0.9
# ---
# datatype:
# - {name: WAVELENGTH, unit: Angstrom, datatype: float64}
# - {name: FLUX, unit: erg / (Angstrom cm2 s), datatype: float32}
# - {name: ERROR, unit: erg / (Angstrom cm2 s), datatype: float32}
# - {name: DQ, datatype: int16}
# delimiter: ','
# schema: astropy-2.0
WAVELENGTH,FLUX,ERROR,DQ
[from data line 311]
1211.0931002555371,-1.6251898e-16,1.9105086e-15,2564
1211.1465817680269,-1.9088701e-16,1.5072388e-15,2564
1211.2000629610868,2.9419588e-16,1.4529985e-15,2564
1211.2535438347234,6.9944386e-16,1.8895666e-15,2564
1211.3070243889413,2.459543e-17,1.9405682e-15,2564
1211.3605046237474,2.8622217e-16,1.8736583e-15,2564
1211.4139845391467,-1.444739e-17,1.776141e-15,2564
1211.4674641351448,1.1133547e-17,1.8278823e-15,2564
1211.5209434117478,3.4435178e-17,1.6150072e-15,2564
1211.5744223689615,-2.691149e-16,1.4231844e-15,2564
1211.6279010067913,5.090793e-16,2.2722133e-15,2564
1211.681379325243,1.1819255e-15,2.7878423e-15,2564
1211.7348573243223,1.4979995e-16,2.8524821e-15,2564
1211.788335004035,7.580334e-17,3.1017766e-15,2564
1211.841812364387,-3.8844267e-16,1.2847128e-15,2564
1211.8952894053834,1.9830168e-16,1.7849436e-15,2564
1211.948766127031,4.740344e-16,2.3965084e-15,2564
1212.0022425293346,4.2124526e-16,1.6718179e-15,2564
1212.0557186122999,-1.8825398e-17,1.3188743e-15,2564
1212.109194375933,4.7914966e-17,1.3770063e-15,2564
1212.16266982024,-1.4089509e-16,1.6980472e-15,2564
1212.2161449452258,-1.8917295e-16,1.5793295e-15,2564
1212.2696197508963,2.2088406e-16,1.9435607e-15,2564
1212.3230942372577,1.3333802e-16,1.6228125e-15,2564
1212.3765684043153,-3.2308857e-16,1.5326555e-15,2564
1212.4300422520748,-5.758937e-16,1.5170037e-15,2564
1212.4835157805421,-3.4987188e-16,1.6128247e-15,2564
1212.536988989723,-3.090763e-16,1.8329056e-15,2564
1212.590461879623,1.6568491e-16,2.2683276e-15,2564
1212.6439344502483,-1.721565e-16,1.426301e-15,2564
1212.697406701604,-5.0053766e-16,1.5146909e-15,2564
1212.7508786336957,-2.9708307e-16,1.4074189e-15,2564
1212.80435024653,-2.1904557e-16,1.662127e-15,2564
1212.8578215401117,-2.3786464e-16,1.419319e-15,2564
1212.9112925144473,-1.4759847e-16,1.7728356e-15,2564
1212.9647631695416,-4.0172195e-16,1.4544764e-15,2564
1213.018233505401,1.612877e-16,1.7348961e-15,2564
1213.0717035220312,-1.0860547e-16,1.7896586e-15,2564
1213.1251732194378,-1.4510956e-16,1.4996594e-15,2564
1213.1786425976263,-6.2424015e-16,2.0340302e-15,2564
1213.232111656603,1.1931036e-15,2.1486304e-15,2564
1213.285580396373,3.0760785e-16,1.8328198e-15,2564
1213.3390488169423,-4.6504285e-16,1.5365271e-15,2564
1213.3925169183165,-4.992127e-16,1.6874566e-15,2564
1213.4459847005012,-5.929213e-16,1.6390273e-15,2564
1213.4994521635024,-6.571399e-16,1.4476167e-15,2564
1213.5529193073257,-3.6674253e-16,1.4162532e-15,2564
1213.606386131977,-1.8158835e-16,1.5987645e-15,2564
1213.659852637462,8.7741697e-16,2.0828345e-15,2564
1213.7133188237858,1.0530538e-15,2.515569e-15,2564
1213.7667846909546,-2.50761e-16,1.2907279e-15,2564
1213.8202502389747,-1.9253325e-16,1.5135347e-15,2564
1213.8737154678504,3.347221e-17,1.3331122e-15,2564
1213.9271803775887,-6.246021e-17,1.7253479e-15,2564
1213.9806449681948,-6.1396727e-17,1.4185167e-15,2564
1214.0341092396743,-4.290015e-16,1.4313258e-15,2564
1214.0875731920332,-2.4350435e-17,1.6573133e-15,2564
1214.1410368252773,1.7601642e-16,1.4573116e-15,2564
1214.1945001394117,-4.732909e-16,1.5729085e-15,2564
1214.2479631344424,-3.859307e-17,1.5807834e-15,2564
1214.3014258103756,9.6412956e-17,1.2606584e-15,2564
1214.3548881672164,-2.4545853e-16,1.5837736e-15,2564
1214.4083502049707,1.980237e-16,1.4955946e-15,2564
1214.4618119236443,-2.2619689e-17,1.5592451e-15,2564
1214.5152733232433,-1.9000561e-16,1.6994115e-15,2564
1214.5687344037726,-2.9398068e-16,1.380451e-15,2564
1214.6221951652383,-1.1619859e-16,1.2416237e-15,2564
1214.6756556076461,2.37649e-16,1.76394e-15,2564
1214.729115731002,4.6160735e-17,1.8650774e-15,2564
1214.782575535311,-9.378673e-18,1.3558392e-15,2564
1214.8360350205796,1.0140555e-16,1.703122e-15,2564
1214.889494186813,2.8348843e-16,1.6813398e-15,2564
1214.942953034017,4.7888675e-16,1.93766e-15,2580
1214.9964115621974,9.655917e-16,2.6460358e-15,2580
1215.0498697713601,8.963166e-16,5.9938537e-15,2564
1215.1033276615103,2.0146645e-15,1.0666951e-14,2564
1215.1567852326543,3.442002e-15,2.3117862e-14,2564
1215.2102424847974,-9.656791e-17,3.5010046e-15,2564
1215.2636994179456,1.0508241e-15,4.837062e-15,2564
1215.3171560321043,-7.893917e-16,3.486827e-15,2564
1215.3706123272793,-4.1727546e-16,4.568869e-15,2564
1215.4240683034766,-1.0574263e-15,6.642267e-15,2564
1215.4775239607015,-4.2830592e-16,4.194393e-15,2564
1215.5309792989597,-1.313071e-15,4.119465e-15,2564
1215.5844343182575,-1.2709331e-15,5.89207e-15,2564
1215.6378890186,-1.0597908e-15,4.5280048e-15,2564
1215.6913433999932,-1.5644388e-15,3.72234e-15,2564
1215.7447974624426,-2.6590336e-15,3.0913484e-15,2564
1215.798251205954,-1.6119738e-17,2.4512862e-15,2564
1215.8517046305335,-4.9639884e-16,2.3159403e-15,2564
1215.905157736186,-1.2318874e-16,1.9982649e-15,2564
1215.958610522918,4.168337e-16,1.8737398e-15,2564
1216.0120629907346,5.76731e-16,2.3265789e-15,2564
1216.065515139642,-5.402763e-17,2.0127786e-15,2564
1216.1189669696457,-5.660185e-16,2.1045035e-15,2564
1216.1724184807515,1.3179058e-18,2.722578e-15,2564
1216.2258696729646,5.3969694e-16,1.3898787e-15,2564
1216.2793205462913,-5.967141e-17,1.3260495e-15,2564
1216.332771100737,-5.297932e-16,1.1816341e-15,2564
1216.386221336308,-6.8268354e-17,1.2028212e-15,2564
1216.4396712530088,4.2334347e-16,1.509839e-15,2564
1216.4931208508467,1.6396458e-17,1.5637884e-15,2564
1216.546570129826,9.67573e-16,1.6617177e-15,2564
1216.6000190899529,1.0702782e-15,2.5488234e-15,2564
1216.6534677312334,1.5519177e-14,1.8900668e-14,2564
1216.7069160536726,1.7443018e-15,2.6231746e-15,2564
1216.760364057277,-2.9440856e-16,1.2864403e-15,2564
1216.8138117420515,-4.1298648e-16,1.5118036e-15,2564
1216.8672591080024,-3.344025e-16,1.4044644e-15,2564
1216.9207061551356,-3.1020914e-16,1.3511949e-15,2564
1216.9741528834559,-2.6855497e-16,1.2515683e-15,2564
1217.0275992929694,2.8418572e-16,1.7507304e-15,2564
1217.081045383682,-3.3912415e-16,1.3062948e-15,2564
1217.1344911555993,-3.544337e-16,1.2447111e-15,2564
1217.1879366087271,-6.8088733e-16,1.387114e-15,2564
1217.241381743071,-9.078113e-16,1.2914595e-15,2564
1217.2948265586365,-6.0595567e-16,1.341236e-15,2564
1217.3482710554301,-1.461205e-16,1.334532e-15,2564
1217.4017152334563,-6.0370426e-16,1.1546061e-15,2564
1217.455159092722,-5.344773e-16,1.3290001e-15,2564
1217.508602633232,-5.9522165e-16,1.4889035e-15,2564
1217.5620458549922,-3.308006e-16,1.5938914e-15,2564
1217.6154887580087,-4.536778e-16,1.2574984e-15,2564
1217.668931342287,-1.5237256e-16,1.4585391e-15,2580
1217.7223736078324,-5.6639897e-16,1.2971125e-15,2580
1217.7758155546514,-4.0113847e-16,1.3441205e-15,2564
1217.8292571827487,-2.5351267e-16,1.1077553e-15,2564
1217.8826984921309,6.124844e-17,1.2956814e-15,2564
1217.9361394828034,2.3594946e-15,4.5777307e-15,2564
1217.9895801547718,-1.6903477e-16,1.4267486e-15,2564
1218.043020508042,2.0284041e-16,1.5891134e-15,2564
1218.096460542619,1.546939e-17,1.3635265e-15,2564
1218.1499002585097,4.0167075e-16,1.6686013e-15,2564
1218.203339655719,4.6878694e-16,1.1797445e-15,2564
1218.2567787342525,1.6189809e-16,1.3093927e-15,2564
1218.3102174941166,-4.504589e-16,1.333213e-15,2564
1218.3636559353163,-3.9349223e-16,1.3387227e-15,2564
1218.4170940578574,-3.675329e-16,1.3328676e-15,2564
1218.4705318617462,-1.4496097e-16,2.72796e-15,2564
1218.5239693469875,-2.9006672e-16,1.5650383e-15,2564
1218.577406513588,-9.40193e-16,1.3814239e-15,2564
1218.6308433615525,-5.8982393e-16,1.1845649e-15,2564
1218.684279890887,1.9519488e-16,1.1503433e-15,2564
1218.7377161015977,-3.174535e-16,1.3511695e-15,2564
1218.7911519936895,-1.4612341e-16,1.3512371e-15,2564
1218.8445875671687,4.1088568e-16,1.3059701e-15,2564
1218.8980228220405,-4.2073622e-16,1.2434246e-15,2564
1218.9514577583109,-5.1794286e-16,1.1431128e-15,2564
1219.004892375986,-6.1790244e-16,1.173469e-15,2580
1219.0583266750705,-5.1685167e-16,1.1934409e-15,2580
1219.1117606555708,-3.9122472e-16,1.3102028e-15,2564
1219.165194317493,-5.887249e-16,1.1139558e-15,2564
1219.2186276608413,-1.9927497e-16,1.2180955e-15,2564
1219.2720606856233,-4.2874068e-16,1.2095846e-15,2564
1219.3254933918433,-3.3061205e-16,1.2457071e-15,2564
1219.3789257795074,-3.9456732e-16,2.2533575e-15,2564
1219.4323578486215,-4.8075896e-16,2.3694887e-15,2564
1219.485789599191,-1.6416653e-16,1.493383e-15,2564
1219.5392210312218,1.5049533e-16,1.1620947e-15,2564
1219.5926521447195,-3.1910105e-16,1.3086034e-15,2564
1219.64608293969,-2.8640519e-16,1.4717231e-15,2564
1219.6995134161386,-3.4034742e-16,1.123851e-15,2564
1219.7529435740717,1.2338358e-15,2.2333142e-15,2564
1219.8063734134942,-3.8059435e-16,1.3679642e-15,2564
1219.859802934412,-3.1602466e-16,1.1231323e-15,2564
1219.913232136831,3.3950825e-16,1.4226024e-15,2564
1219.9666610207569,-3.8855447e-16,1.1824344e-15,2564
1220.0200895861954,5.155082e-17,1.3564516e-15,2564
1220.073517833152,-2.7216918e-16,1.1616922e-15,2564
1220.1269457616324,-5.7468396e-16,1.0597975e-15,2564
1220.1803733716424,-2.913929e-16,1.3164739e-15,2564
1220.2338006631878,4.1962992e-16,1.5421933e-15,2564
1220.2872276362743,2.9205897e-15,4.2455684e-15,2564
1220.3406542909072,-3.5677498e-17,1.4394537e-15,2564
1220.3940806270925,1.7467034e-16,1.3534629e-15,2564
1220.447506644836,-1.4108766e-16,1.4263801e-15,2564
1220.5009323441434,4.6588248e-17,1.3227778e-15,2564
1220.55435772502,-6.514683e-16,9.466552e-16,2564
1220.607782787472,-3.5278538e-16,1.3193736e-15,2564
1220.6612075315047,-3.5728932e-16,1.3150944e-15,2564
1220.714631957124,-4.0481939e-16,1.1243475e-15,2564
1220.7680560643355,-3.725718e-16,1.130107e-15,2564
1220.8214798531446,-1.4072646e-16,1.1780563e-15,2564
1220.8749033235579,-1.9022757e-16,1.2484847e-15,2564
1220.9283264755802,-2.573123e-16,1.1493026e-15,2564
1220.9817493092173,-3.232876e-16,1.1727037e-15,2564
1221.0351718244756,-1.8507736e-16,1.2029002e-15,2564
1221.08859402136,-2.5221346e-16,9.882791e-16,2564
1221.1420158998765,-5.4484997e-16,1.1232006e-15,2564
1221.1954374600307,-3.9305068e-16,1.0198769e-15,2564
1221.248858701828,-3.2941188e-16,1.0382666e-15,2564
1221.302279625275,-3.7388836e-16,1.0100408e-15,2564
1221.355700230377,-2.0879786e-16,1.0708368e-15,2564
1221.4091205171392,7.849938e-18,1.1953817e-15,2564
1221.4625404855678,5.0033806e-17,1.3198949e-15,2564
1221.515960135668,-1.3793402e-16,1.1844388e-15,2564
1221.569379467446,-3.6552608e-16,1.0254911e-15,2564
1221.6227984809075,-4.862056e-16,1.1826089e-15,2564
1221.676217176058,-4.6691347e-16,1.1337921e-15,2564
1221.7296355529024,5.927898e-16,1.4812149e-15,2564
1221.7830536114482,1.6586115e-15,2.4380234e-15,2564
1221.8364713516994,-3.1517728e-16,1.1569158e-15,2564
1221.8898887736627,-2.4227143e-16,1.3017468e-15,2564
1221.943305877343,-4.345717e-16,1.1439507e-15,2564
1221.9967226627468,1.5001738e-15,2.420494e-15,2564
1222.0501391298794,2.0812965e-15,3.3100377e-15,2564
1222.1035552787464,-2.1613453e-16,1.1389814e-15,2564
1222.156971109354,2.9477816e-16,6.3244926e-15,2564
1222.2103866217067,2.3084422e-16,1.5340942e-15,2564
1222.2638018158116,1.4682889e-16,1.2896773e-15,2564
1222.3172166916734,-6.9183084e-16,1.0580746e-15,2564
1222.3706312492986,-4.5703897e-16,1.20546e-15,2564
1222.424045488692,-3.9278397e-16,9.600357e-16,2564
1222.4774594098599,-1.9783417e-16,1.0915575e-15,2564
1222.5308730128077,-3.8257199e-16,1.1470518e-15,2564
1222.5842862975412,1.5682184e-15,1.9852826e-15,2564
1222.6376992640662,1.0682173e-15,1.721813e-15,2564
1222.6911119123884,-1.9092623e-16,1.1167342e-15,2564
1222.7445242425133,-2.700424e-16,8.6593417e-16,2564
1222.7979362544463,-2.9706957e-16,1.0699594e-15,2564
1222.8513479481937,-2.6147873e-16,1.3311833e-15,2564
1222.904759323761,-4.0317596e-16,1.0239427e-15,2564
1222.9581703811536,1.3062698e-15,2.9267328e-15,2564
1223.0115811203775,6.6209754e-16,1.8505527e-15,2564
1223.064991541438,-2.1723162e-16,1.0839056e-15,2564
1223.1184016443417,-6.967811e-16,1.0219948e-15,2564
1223.1718114290934,-2.5377443e-16,1.1029779e-15,2564
1223.2252208956986,-1.9968516e-17,9.608723e-16,2564
1223.278630044164,-3.06532e-16,8.59339e-16,2564
1223.3320388744944,6.5694414e-16,1.6318481e-15,2564
1223.3854473866957,-1.563861e-16,1.0123849e-15,2564
1223.4388555807739,-1.7956369e-16,1.0747885e-15,2564
1223.4922634567345,-5.52691e-16,9.645499e-16,2564
1223.5456710145831,-3.4939823e-16,8.4813435e-16,2564
1223.5990782543251,-4.0535302e-16,1.0563569e-15,2564
1223.652485175967,7.541945e-16,1.8890764e-15,2564
1223.7058917795139,9.179986e-16,2.5906594e-15,2564
1223.7592980649713,-3.1445884e-16,9.131019e-16,2564
1223.8127040323452,-3.4874504e-16,1.0886186e-15,2564
1223.8661096816413,-3.1470374e-16,9.551868e-16,2564
1223.9195150128653,3.2362818e-16,1.0486667e-15,2564
1223.9729200260228,3.092093e-16,1.205183e-15,2564
1224.0263247211194,-1.0913727e-16,1.1075391e-15,2564
1224.0797290981611,-1.2562621e-16,1.3106087e-15,2564
1224.1331331571532,9.966765e-17,1.1075788e-15,2564
1224.1865368981016,-4.259013e-16,1.1074349e-15,2564
1224.2399403210118,-7.121952e-17,8.5205257e-16,2564
1224.2933434258896,-5.261648e-16,8.5211075e-16,2564
1224.346746212741,-4.4399965e-17,9.160829e-16,2564
1224.4001486815712,3.892538e-18,1.139185e-15,2564
1224.4535508323859,-2.2533546e-16,9.984626e-16,2564
1224.5069526651912,-2.3090568e-16,9.304335e-16,2564
1224.5603541799924,-1.9034489e-16,1.043591e-15,2564
1224.613755376795,-3.3057676e-16,1.0384421e-15,2564
1224.6671562556053,-5.620796e-16,8.0718735e-16,2564
1224.7205568164286,-2.6534588e-16,9.460939e-16,2564
1224.7739570592707,1.1262278e-16,1.2912065e-15,2564
1224.827356984137,4.2073005e-16,1.3118744e-15,2564
1224.8807565910336,-3.4974202e-16,8.4560485e-16,2564
1224.934155879966,5.1387904e-17,1.0506737e-15,2564
1224.98755485094,-2.1456923e-16,1.0161767e-15,2564
1225.0409535039607,-4.5759605e-16,8.4859567e-16,2564
1225.0943518390345,-8.010754e-17,8.936434e-16,2564
1225.1477498561667,-3.248516e-16,9.306533e-16,2564
1225.2011475553631,-3.7426704e-16,8.719858e-16,2564
1225.2545449366294,-1.9123471e-16,9.517014e-16,2564
1225.3079419999713,-4.162172e-16,9.57304e-16,2564
1225.361338745394,-1.9876427e-17,9.813315e-16,2564
1225.414735172904,-1.7482925e-17,9.446494e-16,2564
1225.4681312825066,-2.9540647e-16,9.189802e-16,2564
1225.5215270742076,-2.4340045e-16,7.477106e-16,2564
1225.5749225480122,-3.562455e-16,8.913579e-16,2564
1225.6283177039263,-3.115187e-16,8.859519e-16,2564
1225.681712541956,-2.51298e-16,8.801879e-16,2564
1225.7351070621064,3.961655e-15,4.86274e-15,2564
1225.7885012643837,5.483767e-15,6.7293553e-15,2564
1225.841895148793,-2.2008313e-16,9.81482e-16,2564
1225.8952887153405,1.0143509e-17,1.1441178e-15,2564
1225.9486819640315,-2.6511173e-16,8.419071e-16,2564
1226.002074894872,-2.7573863e-16,9.506916e-16,2564
1226.0554675078672,-8.972533e-17,8.4545524e-16,2564
1226.1088598030235,-2.5981542e-16,9.632471e-16,2564
1226.1622517803462,-1.7600519e-16,7.975548e-16,2564
1226.2156434398407,8.2908855e-16,1.4756143e-15,2564
1226.2690347815128,-1.1679363e-16,9.661302e-16,2564
1226.3224258053688,-2.7039812e-16,8.8431966e-16,2564
1226.3758165114134,-3.3187976e-16,8.7863744e-16,2564
1226.429206899653,-2.4104085e-16,8.991497e-16,2564
1226.482596970093,-7.9267587e-17,7.290571e-16,2564
1226.535986722739,-4.7429014e-17,9.229601e-16,2564
1226.5893761575967,-1.2655118e-16,1.0124541e-15,2564
1226.642765274672,-2.4259106e-16,8.1384064e-16,2564
1226.6961540739705,-1.2995031e-16,9.042272e-16,2564
1226.7495425554978,-3.116637e-16,9.383536e-16,2564
1226.8029307192594,-3.4402484e-16,8.3540006e-16,2564
1226.8563185652613,-2.3036977e-17,8.084539e-16,2564
1226.9097060935087,-1.5886796e-16,7.6268424e-16,2564
1226.963093304008,-2.0558944e-16,8.7095565e-16,2564
1227.0164801967642,-5.808852e-17,8.938247e-16,2564
1227.0698667717836,-1.9589585e-16,9.082544e-16,2564
1227.123253029071,-1.8082965e-16,8.6381765e-16,2564
1227.176638968633,3.792543e-16,1.0099653e-15,2564
1227.2300245904744,1.2901797e-16,8.4706275e-16,2564
1227.2834098946018,4.966829e-16,1.1135882e-15,2564
1227.33679488102,6.228046e-16,1.3824845e-15,2564
1227.3901795497356,1.6159353e-15,2.1757994e-15,2564
1227.4435639007534,3.5784964e-16,1.1428843e-15,2564
1227.4969479340793,-2.889172e-16,7.497048e-16,2564
