trappist-1/STIS/TRAPPIST-1_G140M_mean.ecsv
# %ECSV 0.9
# ---
# datatype:
# - {name: WAVELENGTH, unit: Angstrom, datatype: float64}
# - {name: FLUX, unit: erg / (Angstrom cm2 s), datatype: float32}
# - {name: ERROR, unit: erg / (Angstrom cm2 s), datatype: float32}
# - {name: DQ, datatype: int16}
# delimiter: ','
# schema: astropy-2.0
WAVELENGTH,FLUX,ERROR,DQ
[from data line 620]
1227.6037150476789,3.7835655e-17,9.185576e-16,2564
1227.6570981279635,-1.9116312e-16,7.8219236e-16,2564
1227.7104808905792,-1.969926e-16,8.3650745e-16,2564
1227.7638633355316,-8.440631e-17,8.24837e-16,2564
1227.817245462826,-1.1497522e-16,9.329194e-16,2564
1227.8706272724685,-3.529805e-16,9.308226e-16,2564
1227.9240087644646,-3.0583003e-16,7.37012e-16,2564
1227.97738993882,-2.5732308e-16,7.933048e-16,2564
1228.0307707955399,-3.3564337e-16,8.118446e-16,2564
1228.0841513346306,-2.3007376e-16,9.777048e-16,2564
1228.1375315560977,-5.6542626e-17,9.338271e-16,2564
1228.1909114599466,-1.8108692e-16,7.9848584e-16,2564
1228.2442910461832,-2.6076698e-16,7.7407683e-16,2564
1228.297670314813,-1.1804852e-16,8.010744e-16,2564
1228.351049265842,-1.5949485e-17,1.0298953e-15,2564
1228.4044278992753,-3.3884994e-17,8.42272e-16,2564
1228.4578062151193,-1.255686e-16,6.039045e-16,2564
1228.5111842133786,-9.771263e-17,6.889837e-16,2564
1228.56456189406,-3.4692534e-17,7.6538517e-16,2564
1228.6179392571687,1.26408095e-17,8.062671e-16,2564
1228.67131630271,2.744542e-17,9.102275e-16,2564
1228.7246930306903,-1.07791904e-16,7.3733345e-16,2564
1228.778069441115,-8.293164e-17,7.0644925e-16,2564
1228.8314455339892,-2.1029519e-16,7.686284e-16,2564
1228.8848213093192,-1.3825457e-16,7.1489147e-16,2564
1228.9381967671106,9.303049e-17,1.4702366e-15,2564
1228.991571907369,-3.1490477e-16,6.892701e-16,2564
1229.0449467300998,-2.0761928e-16,7.2832356e-16,2564
1229.0983212353092,-1.7728953e-16,6.8832703e-16,2564
1229.1516954230021,-2.013124e-16,7.677864e-16,2564
1229.2050692931853,-2.726447e-16,6.507053e-16,2564
1229.2584428458633,-1.0066782e-16,6.517504e-16,2564
1229.3118160810425,-1.6331239e-17,7.977696e-16,2564
1229.3651889987282,-2.03e-16,7.675035e-16,2564
1229.4185615989263,-1.9557305e-16,7.261953e-16,2564
1229.4719338816421,-3.0468e-16,8.0773655e-16,2564
1229.5253058468818,-1.4914467e-16,6.93239e-16,2564
1229.5786774946507,7.320582e-16,1.3460856e-15,2564
1229.6320488249544,1.461874e-15,2.5322363e-15,2564
1229.685419837799,1.4130082e-16,9.07689e-16,2564
1229.7387905331896,-1.4127528e-16,7.667261e-16,2564
1229.7921609111324,-1.1753335e-16,7.435879e-16,2564
1229.8455309716328,2.6485835e-17,7.335247e-16,2564
1229.8989007146965,-6.3043e-17,7.5269137e-16,2564
1229.952270140329,-1.1669463e-16,5.9037566e-16,2564
1230.005639248536,-8.67291e-17,6.448116e-16,2564
1230.0590080393233,-1.2225526e-16,8.4009337e-16,2564
1230.1123765126968,1.2541215e-16,9.753613e-16,2564
1230.165744668662,3.6437997e-16,9.796152e-16,2564
1230.219112507224,1.5633953e-16,8.92378e-16,2564
1230.272480028389,1.4983865e-16,7.62396e-16,2564
1230.3258472321631,-1.7605241e-16,7.3711523e-16,2564
1230.3792141185506,-1.8525878e-16,6.1743286e-16,2564
1230.4325806875588,-5.544499e-17,8.0460586e-16,2564
1230.4859469391922,-1.497751e-17,7.797768e-16,2564
1230.539312873457,1.8109742e-16,7.4789706e-16,2564
1230.5926784903586,1.3010398e-16,8.474523e-16,2564
1230.6460437899027,-1.4788984e-16,5.911083e-16,2564
1230.699408772095,-1.5188602e-16,6.648645e-16,2564
1230.7527734369414,-1.3314729e-16,6.853479e-16,2564
1230.8061377844472,-1.457769e-16,6.0690017e-16,2564
1230.8595018146184,1.3125903e-17,7.2772396e-16,2564
1230.91286552746,8.607839e-18,6.9502696e-16,2564
1230.9662289229786,1.4494218e-17,7.192485e-16,2564
1231.0195920011793,-2.4463296e-16,5.3947857e-16,2564
1231.0729547620679,1.3452514e-16,9.582254e-16,2564
1231.1263172056497,3.2876686e-18,7.7702816e-16,2564
1231.1796793319309,-4.260002e-17,6.899169e-16,2564
1231.2330411409168,-1.4952606e-16,6.4806417e-16,2564
1231.2864026326133,-1.7430458e-16,6.2589075e-16,2564
1231.339763807026,-1.6177317e-16,6.7409857e-16,2564
1231.3931246641605,2.8313734e-17,5.706147e-16,2564
1231.4464852040223,1.3553918e-16,6.012482e-16,2564
1231.4998454266174,9.4608015e-17,6.56318e-16,2564
1231.5532053319512,1.4238894e-16,7.6545033e-16,2564
1231.6065649200293,2.9908694e-17,6.380787e-16,2564
1231.6599241908577,-4.7357668e-17,7.8567775e-16,2564
1231.713283144442,6.25546e-17,7.0944314e-16,2564
1231.7666417807875,4.3438555e-16,9.411753e-16,2564
1231.8200000999002,4.6093066e-16,9.472086e-16,2564
1231.8733581017857,2.782187e-17,7.039336e-16,2564
1231.9267157864494,-1.101264e-16,6.0903395e-16,2564
1231.9800731538974,-7.8770444e-17,6.227905e-16,2564
1232.0334302041351,-2.5927583e-17,7.4083815e-16,2564
1232.086786937168,-2.5624655e-16,7.2062556e-16,2564
1232.1401433530018,4.634901e-16,9.186853e-16,2564
1232.1934994516423,-3.7681644e-17,6.168313e-16,2564
1232.2468552330956,1.9765493e-16,7.7544776e-16,2564
1232.3002106973665,3.1242516e-17,6.737792e-16,2564
1232.3535658444612,-4.546592e-17,5.842077e-16,2564
1232.4069206743852,1.8788565e-16,7.3071113e-16,2564
1232.460275187144,-3.6967304e-17,5.972214e-16,2564
1232.5136293827436,-8.493735e-17,5.846532e-16,2564
1232.5669832611893,3.8111025e-16,9.307025e-16,2564
1232.6203368224872,3.9837947e-16,1.0391149e-15,2564
1232.6736900666424,-2.8581092e-17,6.453187e-16,2564
1232.7270429936611,-8.49501e-17,5.902312e-16,2564
1232.7803956035484,4.866487e-17,6.9490345e-16,2564
1232.8337478963108,1.4697648e-16,6.3508926e-16,2564
1232.887099871953,-1.1718238e-16,6.479022e-16,2564
1232.9404515304811,-3.830968e-17,6.6096046e-16,2564
1232.9938028719007,-6.1044195e-17,6.465943e-16,2564
1233.0471538962174,2.3245577e-17,5.359748e-16,2564
1233.1005046034372,-5.9644495e-18,5.6068695e-16,2564
1233.1538549935651,4.529933e-16,9.605544e-16,2564
1233.2072050666077,5.9904854e-16,1.1005397e-15,2564
1233.2605548225697,1.7450035e-16,6.8030086e-16,2564
1233.3139042614573,1.2128159e-16,6.713967e-16,2564
1233.3672533832757,2.2165177e-16,7.4641676e-16,2564
1233.4206021880314,1.526204e-16,7.2110054e-16,2564
1233.4739506757287,1.9125934e-16,5.9624306e-16,2564
1233.5272988463746,1.02802344e-16,6.656086e-16,2564
1233.5806466999743,3.1733742e-17,5.116209e-16,2564
1233.6339942365332,1.6680002e-16,6.744244e-16,2564
1233.687341456057,3.4213054e-17,5.778644e-16,2564
1233.7406883585518,2.3158903e-16,7.6205924e-16,2564
1233.7940349440228,1.2297465e-16,6.86373e-16,2564
1233.8473812124753,-2.3119155e-17,6.791082e-16,2564
1233.900727163916,1.7468028e-16,6.758804e-16,2564
1233.9540727983497,1.3448857e-16,6.02943e-16,2564
1234.0074181157822,1.2400611e-17,5.2433007e-16,2564
1234.0607631162195,-4.9948242e-17,6.6594223e-16,2564
1234.1141077996672,2.36692e-16,6.4121696e-16,2564
1234.1674521661305,1.4565106e-16,5.472377e-16,2564
1234.2207962156156,1.03350507e-16,7.378864e-16,2564
1234.2741399481274,-4.0811136e-17,5.560584e-16,2564
1234.3274833636724,5.5117964e-18,5.705757e-16,2564
1234.3808264622558,1.5423672e-16,7.1897427e-16,2564
1234.4341692438832,1.1323139e-16,6.170874e-16,2564
1234.4875117085605,-9.358742e-17,4.929324e-16,2564
1234.5408538562933,-1.9146639e-17,5.2160247e-16,2564
1234.594195687087,6.49635e-17,6.247607e-16,2564
1234.6475372009475,3.4158324e-16,7.785937e-16,2564
1234.7008783978806,3.24685e-16,8.0367005e-16,2564
1234.7542192778915,1.9103509e-16,6.471246e-16,2564
1234.807559840986,2.065747e-17,6.0801094e-16,2564
1234.86090008717,-5.839542e-17,5.07596e-16,2564
1234.9142400164487,1.5847215e-16,6.447994e-16,2564
1234.9675796288282,1.00695e-16,6.2377444e-16,2564
1235.020918924314,-4.156123e-17,5.6437985e-16,3588
1235.0742579029118,8.9727524e-17,6.082639e-16,3588
1235.1275965646269,-7.1358324e-17,4.5674573e-16,2564
1235.1809349094656,-7.6758205e-17,6.6706883e-16,2564
1235.234272937433,2.0717322e-16,6.4496847e-16,2564
1235.2876106485346,2.1377787e-16,5.626111e-16,2564
1235.3409480427767,1.00534685e-16,7.335892e-16,2564
1235.3942851201646,2.3928368e-16,7.202832e-16,2564
1235.4476218807038,2.9399923e-16,8.2818514e-16,2564
1235.5009583244,9.646137e-17,5.582531e-16,2564
1235.554294451259,1.0267186e-16,5.6275207e-16,2564
1235.6076302612864,1.1501085e-16,4.889357e-16,2564
1235.660965754488,2.0385897e-16,5.631104e-16,2564
1235.7143009308693,1.0030402e-16,5.4886464e-16,2564
1235.7676357904359,1.8558723e-16,5.74231e-16,2564
1235.8209703331931,2.1340217e-16,6.2090946e-16,2564
1235.8743045591475,2.110044e-16,4.7015035e-16,2564
1235.9276384683037,-4.902871e-17,5.517619e-16,2564
1235.980972060668,7.2753215e-17,5.179185e-16,2564
1236.0343053362456,-3.1454476e-17,5.22867e-16,2564
1236.0876382950426,3.5055864e-16,7.933246e-16,2564
1236.1409709370646,2.6828135e-16,6.6971306e-16,2564
1236.194303262317,8.0447735e-17,6.0038193e-16,2564
1236.2476352708054,1.270682e-16,5.021002e-16,2564
1236.3009669625355,3.7387366e-17,4.6995664e-16,2564
1236.3542983375132,7.3264796e-17,4.121254e-16,2564
1236.407629395744,1.2865029e-16,5.768135e-16,2564
1236.4609601372333,1.5169376e-18,6.063031e-16,2564
1236.5142905619873,8.248193e-17,5.2823585e-16,2564
1236.567620670011,1.0965016e-16,5.370815e-16,2564
1236.6209504613103,1.0844832e-16,5.6815667e-16,2564
1236.6742799358908,1.3340558e-16,6.0549976e-16,2564
1236.7276090937585,1.6104202e-16,5.2168045e-16,2564
1236.7809379349185,2.9232824e-17,4.5006566e-16,2564
1236.834266459377,5.3888206e-17,4.6707493e-16,2564
1236.8875946671392,1.5758467e-16,6.2157935e-16,2564
1236.9409225582108,3.988387e-17,4.311123e-16,2564
1236.9942501325977,7.661805e-17,5.652517e-16,2564
1237.0475773903054,8.3247013e-17,4.707598e-16,2564
1237.1009043313393,7.813614e-17,5.515058e-16,2564
1237.1542309557053,2.1958372e-16,6.156723e-16,2564
1237.2075572634092,1.1525735e-16,5.7829e-16,2564
1237.2608832544563,1.4171706e-16,4.750543e-16,2564
1237.3142089288524,1.05536805e-16,5.503722e-16,2564
1237.3675342866031,1.6872969e-16,5.8522163e-16,2564
1237.4208593277137,1.367244e-16,5.31696e-16,2564
1237.4741840521908,1.5964522e-16,5.0778873e-16,2564
1237.5275084600394,5.0963448e-17,4.8111117e-16,2564
1237.5808325512648,1.4385675e-16,4.3565202e-16,2564
1237.6341563258732,9.327917e-17,4.6499324e-16,2564
1237.6874797838702,-1.365143e-17,3.3549908e-16,2564
1237.7408029252613,2.7689658e-16,6.770201e-16,2564
1237.7941257500518,5.9894144e-16,1.1082296e-15,2564
1237.847448258248,2.4313964e-16,6.1249514e-16,2564
1237.9007704498551,1.3887946e-16,5.4969786e-16,2580
1237.954092324879,1.2136636e-16,5.1956265e-16,2580
1238.007413883325,1.009389e-17,4.6568236e-16,2564
1238.060735125199,9.498392e-17,5.1014073e-16,2564
1238.1140560505066,1.430809e-16,4.969755e-16,2564
1238.1673766592533,4.263818e-17,4.617152e-16,2564
1238.220696951445,1.0457573e-16,3.9913468e-16,2564
1238.2740169270874,8.117596e-17,5.1141335e-16,2564
1238.3273365861855,7.081531e-17,4.3636718e-16,2564
1238.3806559287455,1.0416988e-16,5.089646e-16,2564
1238.433974954773,4.160545e-17,4.0229877e-16,2564
1238.4872936642735,4.2185765e-17,3.7794414e-16,2564
1238.5406120572525,1.7914584e-16,5.5906906e-16,2564
1238.593930133716,3.9449779e-16,8.0795434e-16,2564
1238.6472478936696,4.2141406e-16,8.0601855e-16,2564
1238.7005653371184,3.076282e-16,6.703624e-16,2564
1238.7538824640685,7.550992e-17,4.666901e-16,2564
1238.8071992745258,1.1226388e-16,4.774157e-16,2564
1238.8605157684954,1.4509039e-16,4.8711187e-16,2564
1238.913831945983,3.0783562e-16,5.6213236e-16,2564
1238.9671478069945,1.6462648e-16,4.0115372e-16,2564
1239.0204633515355,1.04069935e-16,4.4805804e-16,2564
1239.0737785796114,5.3128163e-17,4.2078813e-16,2564
1239.127093491228,2.2582973e-16,5.470849e-16,2564
1239.1804080863908,6.813651e-17,4.3824227e-16,2564
1239.2337223651055,9.388461e-18,3.6041482e-16,2564
1239.287036327378,9.6318035e-17,5.0851057e-16,2564
1239.3403499732137,4.957662e-17,4.688666e-16,2564
1239.393663302618,3.6016804e-17,4.588096e-16,2564
1239.4469763155969,2.8456466e-17,3.3465978e-16,2564
1239.5002890121561,3.097491e-16,5.699325e-16,2564
1239.553601392301,1.9148558e-16,5.63721e-16,2564
1239.606913456037,4.013139e-17,3.8712397e-16,2564
1239.6602252033701,1.2638924e-16,4.9148065e-16,2564
1239.7135366343064,9.4681065e-17,4.1133145e-16,2564
1239.7668477488505,7.678375e-17,3.845393e-16,2564
1239.8201585470085,8.7624275e-17,4.2273228e-16,2564
1239.873469028786,7.9862535e-17,4.0729095e-16,2564
1239.9267791941888,4.743042e-17,3.6891017e-16,3072
1239.9800890432223,1.2248738e-16,4.7486133e-16,3072
1240.0333985758923,1.05660855e-16,4.6693506e-16,2564
1240.0867077922048,1.3465525e-17,5.250307e-16,2564
1240.1400166921644,2.1392126e-17,4.8282085e-16,2564
1240.1933252757774,1.7973217e-16,4.573776e-16,2564
1240.2466335430497,1.8545841e-17,3.6333415e-16,2564
1240.2999414939866,4.322394e-17,4.322135e-16,2564
1240.3532491285935,7.17815e-17,4.661802e-16,2564
1240.4065564468765,-1.2323805e-17,3.209334e-16,2564
1240.4598634488407,1.290255e-16,4.4588185e-16,2564
1240.5131701344924,2.4378897e-17,3.531337e-16,2564
1240.5664765038366,5.820363e-17,3.6858745e-16,2564
1240.619782556879,8.807424e-17,3.9681156e-16,2564
1240.6730882936258,7.8148305e-17,4.037995e-16,2564
1240.7263937140822,-8.2017845e-18,3.1107192e-16,2564
1240.7796988182538,5.0520754e-17,4.198315e-16,2564
1240.8330036061463,1.241099e-16,4.933911e-16,2564
1240.8863080777653,1.00255885e-16,5.009805e-16,2564
1240.9396122331168,2.0397504e-16,4.9926705e-16,2564
1240.9929160722058,1.2460494e-16,4.4752536e-16,2564
1241.046219595038,4.3244265e-17,4.2552542e-16,2564
1241.0995228016197,1.3114393e-16,5.097005e-16,2564
1241.152825691956,1.4270673e-16,5.582728e-16,2564
1241.2061282660525,7.904244e-17,3.8373335e-16,2564
1241.259430523915,4.4391035e-17,4.1447104e-16,2564
1241.312732465549,3.338356e-17,3.054228e-16,2564
1241.3660340909603,9.9002045e-17,4.2895638e-16,2564
1241.4193354001543,9.859606e-17,4.1908562e-16,3588
1241.4726363931368,2.9718604e-17,3.723848e-16,3588
1241.5259370699134,4.872774e-17,3.4088693e-16,3588
1241.57923743049,5.760494e-17,3.277221e-16,3588
1241.6325374748715,9.058516e-19,3.1978273e-16,2564
1241.685837203064,5.7005754e-17,4.239143e-16,2564
1241.7391366150734,1.3974859e-16,4.1429162e-16,2564
1241.7924357109048,-5.0755294e-18,3.8008962e-16,2564
1241.8457344905644,-6.4805407e-18,3.0325339e-16,2564
1241.8990329540568,1.2622025e-17,3.2526883e-16,2564
1241.9523311013888,9.947813e-17,3.668445e-16,2564
1242.0056289325655,9.037324e-17,4.009705e-16,2564
1242.0589264475925,2.081692e-16,5.233626e-16,2564
1242.1122236464755,8.493408e-17,3.6113382e-16,2564
1242.16552052922,7.271316e-17,3.325457e-16,2564
1242.218817095832,5.996309e-17,4.0203027e-16,2564
1242.2721133463162,1.3719266e-16,4.3096692e-16,2564
1242.3254092806797,4.6478458e-17,3.632621e-16,2564
1242.3787048989268,5.7221232e-18,3.2481797e-16,2564
1242.4320002010638,8.9882954e-17,4.025884e-16,2564
1242.485295187096,4.527594e-17,2.9708167e-16,2564
1242.5385898570294,-1.8702944e-17,3.031196e-16,3588
1242.5918842108692,1.32909875e-17,2.953543e-16,3588
1242.6451782486215,3.4502458e-17,2.9700088e-16,2564
1242.6984719702914,2.3120156e-17,3.6440178e-16,2564
1242.751765375885,2.230167e-17,3.1783765e-16,2564
1242.8050584654077,-2.5821745e-17,2.9742485e-16,2564
1242.8583512388648,-1.401568e-17,3.005943e-16,2564
1242.9116436962627,1.8641524e-17,3.319507e-16,2564
1242.9649358376062,-2.2945873e-17,3.2985652e-16,2564
1243.0182276629016,2.8037188e-17,3.4826027e-16,2564
1243.071519172154,1.012588e-17,3.1731149e-16,2564
1243.1248103653693,2.7646614e-18,3.878698e-16,3588
1243.1781012425529,-5.8976154e-18,2.506502e-16,3588
1243.2313918037107,6.8495344e-18,3.252767e-16,3588
1243.2846820488483,-3.8426295e-18,3.373816e-16,2564
1243.3379719779712,4.1170596e-17,3.1092277e-16,2564
1243.391261591085,4.0684832e-17,3.7939172e-16,2564
1243.4445508881952,2.5182065e-17,3.3435096e-16,2564
1243.4978398693079,-2.9633792e-17,2.828367e-16,2564
1243.5511285344282,8.3147355e-17,3.9896795e-16,2564
1243.6044168835622,-3.63829e-17,2.6190317e-16,2564
1243.6577049167151,-1.0789194e-17,2.7265014e-16,2564
1243.7109926338926,3.692922e-17,3.3759745e-16,2564
1243.7642800351007,-7.279456e-17,2.688764e-16,2564
1243.8175671203444,-2.799922e-17,2.8733483e-16,2564
1243.8708538896296,-4.492088e-17,2.855843e-16,2564
1243.9241403429621,-5.459674e-17,3.0803682e-16,2564
1243.9774264803477,-4.5266023e-17,2.379628e-16,2564
1244.0307123017913,-7.750842e-17,2.6530332e-16,2564
1244.083997807299,-1.7312037e-17,3.309681e-16,2564
1244.1372829968764,-1.052639e-16,2.3500167e-16,2564
1244.1905678705289,-2.07803e-17,2.8563018e-16,2564
