trappist-1/STIS/TRAPPIST-1_G140M_mean.ecsv
# %ECSV 0.9
# ---
# datatype:
# - {name: WAVELENGTH, unit: Angstrom, datatype: float64}
# - {name: FLUX, unit: erg / (Angstrom cm2 s), datatype: float32}
# - {name: ERROR, unit: erg / (Angstrom cm2 s), datatype: float32}
# - {name: DQ, datatype: int16}
# delimiter: ','
# schema: astropy-2.0
WAVELENGTH,FLUX,ERROR,DQ
[from data line 620]
1227.6037150476789,2.4454946e-17,9.357372e-16,2564
1227.6570981279635,-2.0655511e-16,7.9600376e-16,2564
1227.7104808905792,-2.3081283e-16,8.39226e-16,2564
1227.7638633355316,-8.204402e-17,8.436272e-16,2564
1227.817245462826,-1.2413112e-16,9.544576e-16,2564
1227.8706272724685,-3.5704485e-16,9.539357e-16,2564
1227.9240087644646,-3.4432342e-16,7.279547e-16,2564
1227.97738993882,-2.6564584e-16,8.1226913e-16,2564
1228.0307707955399,-3.7576631e-16,8.0676797e-16,2564
1228.0841513346306,-2.5589305e-16,9.810511e-16,2564
1228.1375315560977,-4.704269e-17,9.563638e-16,2564
1228.1909114599466,-1.962238e-16,8.041188e-16,2564
1228.2442910461832,-2.7184188e-16,7.8935096e-16,2564
1228.297670314813,-1.3285807e-16,8.108101e-16,2564
1228.351049265842,-7.7728766e-17,9.842447e-16,2564
1228.4044278992753,-6.7377176e-17,8.22897e-16,2564
1228.4578062151193,-1.35699e-16,6.132044e-16,2564
1228.5111842133786,-1.02897126e-16,7.017505e-16,2564
1228.56456189406,-5.5750544e-17,7.6693815e-16,2564
1228.6179392571687,1.538579e-17,8.2519496e-16,2564
1228.67131630271,2.4630292e-17,9.302461e-16,2564
1228.7246930306903,-1.2593364e-16,7.5057146e-16,2564
1228.778069441115,-1.001814e-16,7.0684195e-16,2564
1228.8314455339892,-2.337369e-16,7.751945e-16,2564
1228.8848213093192,-1.6994415e-16,7.125608e-16,2564
1228.9381967671106,9.725034e-17,1.5071647e-15,2564
1228.991571907369,-3.3178842e-16,7.02059e-16,2564
1229.0449467300998,-2.258325e-16,7.3242293e-16,2564
1229.0983212353092,-2.1088619e-16,6.762764e-16,2564
1229.1516954230021,-2.12966e-16,7.796906e-16,2564
1229.2050692931853,-3.0021468e-16,6.475852e-16,2564
1229.2584428458633,-1.1975406e-16,6.623246e-16,2564
1229.3118160810425,-3.5412525e-17,8.095158e-16,2564
1229.3651889987282,-2.275793e-16,7.630634e-16,2564
1229.4185615989263,-2.268714e-16,7.203388e-16,2564
1229.4719338816421,-3.213651e-16,8.1957426e-16,2564
1229.5253058468818,-1.667239e-16,6.9784805e-16,2564
1229.5786774946507,7.490482e-16,1.3552216e-15,2564
1229.6320488249544,1.5057097e-15,2.5751091e-15,2564
1229.685419837799,1.3076644e-16,9.172108e-16,2564
1229.7387905331896,-1.5514e-16,7.816905e-16,2564
1229.7921609111324,-1.302714e-16,7.590093e-16,2564
1229.8455309716328,1.8046105e-17,7.469821e-16,2564
1229.8989007146965,-7.968814e-17,7.634175e-16,2564
1229.952270140329,-1.3322866e-16,5.9225e-16,2564
1230.005639248536,-9.2951344e-17,6.55109e-16,2564
1230.0590080393233,-1.6342725e-16,8.298664e-16,2564
1230.1123765126968,1.1248922e-16,9.68018e-16,2564
1230.165744668662,3.550782e-16,9.968335e-16,2564
1230.219112507224,1.4515514e-16,9.129069e-16,2564
1230.272480028389,1.5035907e-16,7.736195e-16,2564
1230.3258472321631,-2.0699057e-16,7.373446e-16,2564
1230.3792141185506,-2.0260699e-16,6.2648775e-16,2564
1230.4325806875588,-8.063103e-17,8.1039565e-16,2564
1230.4859469391922,-2.713697e-17,7.9545245e-16,2564
1230.539312873457,1.7726556e-16,7.581898e-16,2564
1230.5926784903586,1.4079476e-16,8.6591135e-16,2564
1230.6460437899027,-1.6299209e-16,5.940315e-16,2564
1230.699408772095,-1.7082779e-16,6.696519e-16,2564
1230.7527734369414,-1.3323648e-16,7.006819e-16,2564
1230.8061377844472,-1.4648444e-16,6.2112926e-16,2564
1230.8595018146184,3.521041e-18,7.398337e-16,2564
1230.91286552746,-6.905044e-19,7.0979836e-16,2564
1230.9662289229786,-4.8054412e-18,7.285211e-16,2564
1231.0195920011793,-2.710387e-16,5.2319335e-16,2564
1231.0729547620679,1.196307e-16,9.636543e-16,2564
1231.1263172056497,-1.6514855e-18,7.9352953e-16,2564
1231.1796793319309,-4.554299e-17,7.0643967e-16,2564
1231.2330411409168,-1.6760132e-16,6.463161e-16,2564
1231.2864026326133,-2.0132127e-16,6.261396e-16,2564
1231.339763807026,-1.8188508e-16,6.8369805e-16,2564
1231.3931246641605,2.5937601e-17,5.8006727e-16,2564
1231.4464852040223,1.2594815e-16,6.0525126e-16,2564
1231.4998454266174,8.1771085e-17,6.6834293e-16,2564
1231.5532053319512,1.308775e-16,7.8187976e-16,2564
1231.6065649200293,1.0596488e-17,6.466772e-16,2564
1231.6599241908577,-5.692418e-17,8.034305e-16,2564
1231.713283144442,4.8139265e-17,7.1166586e-16,2564
1231.7666417807875,4.155842e-16,9.495218e-16,2564
1231.8200000999002,4.620527e-16,9.677021e-16,2564
1231.8733581017857,2.795239e-17,7.198234e-16,2564
1231.9267157864494,-1.3242862e-16,6.069454e-16,2564
1231.9800731538974,-9.8327535e-17,6.302949e-16,2564
1232.0334302041351,-4.6138222e-17,7.4930514e-16,2564
1232.086786937168,-2.8363547e-16,7.243009e-16,2564
1232.1401433530018,4.769114e-16,9.35818e-16,2564
1232.1934994516423,-4.124995e-17,6.2959546e-16,2564
1232.2468552330956,1.6799473e-16,7.2901923e-16,2564
1232.3002106973665,2.9410288e-17,6.9025874e-16,2564
1232.3535658444612,-3.9455622e-17,5.980395e-16,2564
1232.4069206743852,1.7966494e-16,7.4367767e-16,2564
1232.460275187144,-3.8033103e-17,6.116431e-16,2564
1232.5136293827436,-9.866168e-17,5.852792e-16,2564
1232.5669832611893,4.0463802e-16,9.477469e-16,2564
1232.6203368224872,4.0256927e-16,1.0612e-15,2564
1232.6736900666424,-3.9874804e-17,6.54875e-16,2564
1232.7270429936611,-1.0282104e-16,5.963841e-16,2564
1232.7803956035484,5.1170643e-17,7.0961175e-16,2564
1232.8337478963108,1.3641077e-16,6.1485936e-16,2564
1232.887099871953,-1.2585756e-16,6.6075976e-16,2564
1232.9404515304811,-4.0748495e-17,6.751248e-16,2564
1232.9938028719007,-7.628551e-17,6.5301947e-16,2564
1233.0471538962174,1.646387e-17,5.448184e-16,2564
1233.1005046034372,-1.09113105e-17,5.7431253e-16,2564
1233.1538549935651,4.764054e-16,9.788222e-16,2564
1233.2072050666077,6.249628e-16,1.1212985e-15,2564
1233.2605548225697,1.5687676e-16,6.8036656e-16,2564
1233.3139042614573,1.0281986e-16,6.7673046e-16,2564
1233.3672533832757,2.1385681e-16,7.57494e-16,2564
1233.4206021880314,1.5961915e-16,7.3752773e-16,2564
1233.4739506757287,1.9434554e-16,6.1053484e-16,2564
1233.5272988463746,9.1483e-17,6.7110484e-16,2564
1233.5806466999743,1.5151643e-17,5.136431e-16,2564
1233.6339942365332,1.6271893e-16,6.884676e-16,2564
1233.687341456057,3.669962e-17,5.9213993e-16,2564
1233.7406883585518,2.4173119e-16,7.797751e-16,2564
1233.7940349440228,1.2815152e-16,7.008069e-16,2564
1233.8473812124753,-1.4371909e-17,6.924865e-16,2564
1233.900727163916,1.6630475e-16,6.881404e-16,2564
1233.9540727983497,1.3502767e-16,6.159704e-16,2564
1234.0074181157822,-2.4347175e-19,5.3254576e-16,2564
1234.0607631162195,-4.685719e-17,6.823813e-16,2564
1234.1141077996672,2.353254e-16,6.544069e-16,2564
1234.1674521661305,1.312619e-16,5.5641605e-16,2564
1234.2207962156156,9.077294e-17,7.5022365e-16,2564
1234.2741399481274,-5.4233792e-17,5.630634e-16,2564
1234.3274833636724,-1.7851671e-17,5.57982e-16,2564
1234.3808264622558,1.5007779e-16,7.361982e-16,2564
1234.4341692438832,1.1276874e-16,6.295893e-16,2564
1234.4875117085605,-1.0044415e-16,4.994594e-16,2564
1234.5408538562933,-2.4814406e-17,5.326498e-16,2564
1234.594195687087,6.2270157e-17,6.3671964e-16,2564
1234.6475372009475,3.1184712e-16,7.4713854e-16,2564
1234.7008783978806,3.2918797e-16,8.1755636e-16,2564
1234.7542192778915,1.7093266e-16,6.542791e-16,2564
1234.807559840986,1.1101507e-17,6.1954256e-16,2564
1234.86090008717,-6.836471e-17,5.1286654e-16,2564
1234.9142400164487,1.5226873e-16,6.551221e-16,2564
1234.9675796288282,8.750124e-17,6.3334983e-16,2564
1235.020918924314,-3.5906074e-17,5.7791893e-16,3588
1235.0742579029118,8.703862e-17,6.144642e-16,3588
1235.1275965646269,-8.8912976e-17,4.521221e-16,2564
1235.1809349094656,-9.896986e-17,6.754066e-16,2564
1235.234272937433,1.9512603e-16,6.5742383e-16,2564
1235.2876106485346,2.0564954e-16,5.7083795e-16,2564
1235.3409480427767,9.105362e-17,7.4424015e-16,2564
1235.3942851201646,2.4395804e-16,7.3676355e-16,2564
1235.4476218807038,2.939655e-16,8.434682e-16,2564
1235.5009583244,1.08573835e-16,5.69608e-16,2564
1235.554294451259,1.0776279e-16,5.7453197e-16,2564
1235.6076302612864,1.0585572e-16,4.833782e-16,2564
1235.660965754488,2.1001352e-16,5.734243e-16,2564
1235.7143009308693,1.04986855e-16,5.602161e-16,2564
1235.7676357904359,1.749867e-16,5.718607e-16,2564
1235.8209703331931,2.2033099e-16,6.34091e-16,2564
1235.8743045591475,2.1358559e-16,4.6986564e-16,2564
1235.9276384683037,-6.312021e-17,5.60497e-16,2564
1235.980972060668,5.72275e-17,5.228337e-16,2564
1236.0343053362456,-5.6088265e-17,5.197465e-16,2564
1236.0876382950426,3.4854093e-16,8.0600876e-16,2564
1236.1409709370646,2.6640414e-16,6.8002727e-16,2564
1236.194303262317,6.48335e-17,6.0205244e-16,2564
1236.2476352708054,1.1765636e-16,5.08553e-16,2564
1236.3009669625355,3.8443305e-17,4.8135617e-16,2564
1236.3542983375132,6.4689044e-17,4.089108e-16,2564
1236.407629395744,1.3064174e-16,5.8990524e-16,2564
1236.4609601372333,-1.0354606e-17,6.146907e-16,2564
1236.5142905619873,7.7323083e-17,5.37995e-16,2564
1236.567620670011,1.1423715e-16,5.480959e-16,2564
1236.6209504613103,1.1623866e-16,5.810409e-16,2564
1236.6742799358908,1.3841925e-16,6.199374e-16,2564
1236.7276090937585,1.5165257e-16,5.220902e-16,2564
1236.7809379349185,2.4513033e-17,4.5731214e-16,2564
1236.834266459377,4.336434e-17,4.7209667e-16,2564
1236.8875946671392,1.6082576e-16,6.3184746e-16,2564
1236.9409225582108,4.607595e-17,4.4026803e-16,2564
1236.9942501325977,7.8436535e-17,5.7854717e-16,2564
1237.0475773903054,7.047303e-17,4.681871e-16,2564
1237.1009043313393,8.0032384e-17,5.643029e-16,2564
1237.1542309557053,2.2195373e-16,6.2686336e-16,2564
1237.2075572634092,1.1165899e-16,5.902929e-16,2564
1237.2608832544563,1.4686328e-16,4.859167e-16,2564
1237.3142089288524,1.122078e-16,5.629133e-16,2564
1237.3675342866031,1.5798794e-16,5.876399e-16,2564
1237.4208593277137,1.2927826e-16,5.436096e-16,2564
1237.4741840521908,1.422229e-16,5.0689416e-16,2564
1237.5275084600394,2.5746231e-17,4.718071e-16,2564
1237.5808325512648,1.2930703e-16,4.333089e-16,2564
1237.6341563258732,9.8980055e-17,4.753398e-16,2564
1237.6874797838702,-1.9801817e-17,3.4039652e-16,2564
1237.7408029252613,2.8123842e-16,6.9082027e-16,2564
1237.7941257500518,6.192932e-16,1.1292786e-15,2564
1237.847448258248,2.5309744e-16,6.258975e-16,2564
1237.9007704498551,1.3776042e-16,5.627298e-16,2580
1237.954092324879,1.1755495e-16,5.3089526e-16,2580
1238.007413883325,-8.8846154e-18,4.536081e-16,2564
1238.060735125199,9.170534e-17,5.193225e-16,2564
1238.1140560505066,1.31014e-16,5.0092893e-16,2564
1238.1673766592533,4.1568248e-17,4.722078e-16,2564
1238.220696951445,8.597216e-17,3.8526169e-16,2564
1238.2740169270874,8.612005e-17,5.233156e-16,2564
1238.3273365861855,7.139604e-17,4.443024e-16,2564
1238.3806559287455,8.4398356e-17,5.0082406e-16,2564
1238.433974954773,3.3638703e-17,4.0609226e-16,2564
1238.4872936642735,3.6043174e-17,3.8484688e-16,2564
1238.5406120572525,1.8253015e-16,5.7095336e-16,2564
1238.593930133716,3.9526096e-16,8.18915e-16,2564
1238.6472478936696,4.3995034e-16,8.217506e-16,2564
1238.7005653371184,3.2025286e-16,6.844497e-16,2564
1238.7538824640685,7.972681e-17,4.771539e-16,2564
1238.8071992745258,1.09383916e-16,4.8828824e-16,2564
1238.8605157684954,1.4791948e-16,4.966793e-16,2564
1238.913831945983,3.091484e-16,5.7318497e-16,2564
1238.9671478069945,1.4846909e-16,3.962193e-16,2564
1239.0204633515355,9.704195e-17,4.5636023e-16,2564
1239.0737785796114,4.8949323e-17,4.3035131e-16,2564
1239.127093491228,2.335864e-16,5.587992e-16,2564
1239.1804080863908,4.6705496e-17,3.9983124e-16,2564
1239.2337223651055,9.95113e-18,3.687574e-16,2564
1239.287036327378,1.0293824e-16,5.20226e-16,2564
1239.3403499732137,4.6106935e-17,4.799343e-16,2564
1239.393663302618,3.4050966e-17,4.6996326e-16,2564
1239.4469763155969,2.6203795e-17,3.4186215e-16,2564
1239.5002890121561,3.082845e-16,5.767359e-16,2564
1239.553601392301,1.9757632e-16,5.7666337e-16,2564
1239.606913456037,3.1481905e-17,3.9241853e-16,2564
1239.6602252033701,1.3108203e-16,5.029045e-16,2564
1239.7135366343064,9.78381e-17,4.2084551e-16,2564
1239.7668477488505,7.301652e-17,3.9057017e-16,2564
1239.8201585470085,9.0262226e-17,4.3129343e-16,2564
1239.873469028786,7.3372886e-17,4.1011062e-16,2564
1239.9267791941888,3.3055153e-17,3.582772e-16,3072
1239.9800890432223,1.2494885e-16,4.840267e-16,3072
1240.0333985758923,9.6335645e-17,4.73904e-16,2564
1240.0867077922048,1.6469056e-19,5.3354214e-16,2564
1240.1400166921644,2.461659e-17,4.947937e-16,2564
1240.1933252757774,1.7777615e-16,4.669852e-16,2564
1240.2466335430497,9.777451e-18,3.6862993e-16,2564
1240.2999414939866,2.938472e-17,4.361122e-16,2564
1240.3532491285935,7.1161885e-17,4.7474937e-16,2564
1240.4065564468765,-1.3465941e-17,3.2772276e-16,2564
1240.4598634488407,1.3174536e-16,4.5593634e-16,2564
1240.5131701344924,2.1846522e-17,3.5821113e-16,2564
1240.5664765038366,5.1546273e-17,3.7239798e-16,2564
1240.619782556879,8.8557136e-17,4.058595e-16,2564
1240.6730882936258,7.120575e-17,3.9899146e-16,2564
1240.7263937140822,-1.2150137e-17,3.1704938e-16,2564
1240.7796988182538,4.439065e-17,4.2199936e-16,2564
1240.8330036061463,1.2993665e-16,5.045232e-16,2564
1240.8863080777653,9.661654e-17,5.1242804e-16,2564
1240.9396122331168,2.1387514e-16,5.0932525e-16,2564
1240.9929160722058,1.2692217e-16,4.576547e-16,2564
1241.046219595038,4.0840153e-17,4.324704e-16,2564
1241.0995228016197,1.3327938e-16,5.2146525e-16,2564
1241.152825691956,1.4947478e-16,5.710087e-16,2564
1241.2061282660525,8.268941e-17,3.9218398e-16,2564
1241.259430523915,3.5232726e-17,4.1584844e-16,2564
1241.312732465549,3.4799515e-17,3.1203696e-16,2564
1241.3660340909603,9.619347e-17,4.3694703e-16,2564
1241.4193354001543,9.5798566e-17,4.265707e-16,3588
1241.4726363931368,2.3529402e-17,3.7720312e-16,3588
1241.5259370699134,4.660239e-17,3.458257e-16,3588
1241.57923743049,6.2832196e-17,3.3511233e-16,3588
1241.6325374748715,4.4931975e-19,3.2673253e-16,2564
1241.685837203064,5.589781e-17,4.3372682e-16,2564
1241.7391366150734,1.4618289e-16,4.2296376e-16,2564
1241.7924357109048,-5.754669e-18,3.8896198e-16,2564
1241.8457344905644,-3.97109e-18,3.1071376e-16,2564
1241.8990329540568,1.2721484e-17,3.3234685e-16,2564
1241.9523311013888,9.707599e-17,3.7261567e-16,2564
1242.0056289325655,9.110582e-17,4.079756e-16,2564
1242.0589264475925,2.1804458e-16,5.340961e-16,2564
1242.1122236464755,7.8571875e-17,3.6913984e-16,2564
1242.16552052922,6.256546e-17,3.3135688e-16,2564
1242.218817095832,5.919104e-17,4.112978e-16,2564
1242.2721133463162,1.365294e-16,4.3460935e-16,2564
1242.3254092806797,4.8323746e-17,3.7150195e-16,2564
1242.3787048989268,5.4876196e-18,3.3181563e-16,2564
1242.4320002010638,9.3906235e-17,4.1160004e-16,2564
1242.485295187096,4.344907e-17,3.028431e-16,2564
1242.5385898570294,-2.3938493e-17,3.0820615e-16,3588
1242.5918842108692,1.6945463e-17,3.0236853e-16,3588
1242.6451782486215,2.5674449e-17,2.9234837e-16,2564
1242.6984719702914,2.2914617e-17,3.7223125e-16,2564
1242.751765375885,1.0068977e-17,3.2056155e-16,2564
1242.8050584654077,-2.4129449e-17,3.0484626e-16,2564
1242.8583512388648,-2.1906944e-17,3.0517697e-16,2564
1242.9116436962627,2.1781199e-17,3.4002015e-16,2564
1242.9649358376062,-2.1076914e-17,3.380898e-16,2564
1243.0182276629016,2.8970423e-17,3.5581236e-16,2564
1243.071519172154,3.7495663e-18,3.2021183e-16,2564
1243.1248103653693,2.7086443e-18,3.970092e-16,3588
1243.1781012425529,-9.209606e-18,2.5513704e-16,3588
1243.2313918037107,1.0346266e-17,3.331216e-16,3588
1243.2846820488483,-1.4777831e-17,3.3472783e-16,2564
1243.3379719779712,4.2870392e-17,3.1733023e-16,2564
1243.391261591085,4.5988595e-17,3.8824187e-16,2564
1243.4445508881952,2.9665516e-17,3.4219864e-16,2564
1243.4978398693079,-3.8528697e-17,2.8576766e-16,2564
1243.5511285344282,7.794183e-17,4.0347634e-16,2564
1243.6044168835622,-4.171346e-17,2.6564597e-16,2564
1243.6577049167151,-1.1330901e-17,2.7818293e-16,2564
1243.7109926338926,4.221459e-17,3.4529737e-16,2564
1243.7642800351007,-7.488009e-17,2.7532507e-16,2564
1243.8175671203444,-2.9408372e-17,2.9345848e-16,2564
1243.8708538896296,-5.3992524e-17,2.888827e-16,2564
1243.9241403429621,-6.057658e-17,3.133574e-16,2564
1243.9774264803477,-4.4080935e-17,2.4389483e-16,2564
1244.0307123017913,-7.795184e-17,2.7198135e-16,2564
1244.083997807299,-1.8123703e-17,3.380387e-16,2564
1244.1372829968764,-1.0700237e-16,2.4078423e-16,2564
