trappist-1/STIS/TRAPPIST-1_G140M_coadd.ecsv
# %ECSV 0.9
# ---
# datatype:
# - {name: WAVELENGTH, unit: Angstrom, datatype: float64}
# - {name: FLUX, unit: erg / (Angstrom cm2 s), datatype: float32}
# - {name: ERROR, unit: erg / (Angstrom cm2 s), datatype: float32}
# - {name: DQ, datatype: int16}
# delimiter: ','
# schema: astropy-2.0
WAVELENGTH,FLUX,ERROR,DQ
[from data line 646]
1228.991571907369,-4.522512e-16,4.433903e-16,2564
1229.0449467300998,-3.7641112e-16,3.6393731e-16,2564
1229.0983212353092,-3.4406169e-16,3.5112282e-16,2564
1229.1516954230021,-4.2413131e-16,4.1077665e-16,2564
1229.2050692931853,-4.3067967e-16,4.721673e-16,2564
1229.2584428458633,-3.582232e-16,4.0813727e-16,2564
1229.3118160810425,-3.171662e-16,4.383962e-16,2564
1229.3651889987282,-4.443227e-16,5.392776e-16,2564
1229.4185615989263,-3.4599533e-16,3.6922905e-16,2564
1229.4719338816421,-5.6341683e-16,5.865799e-16,2564
1229.5253058468818,-3.2201506e-16,3.3756711e-16,2564
1229.5786774946507,-2.688429e-16,2.2022622e-16,2564
1229.6320488249544,-2.916525e-16,2.9599013e-16,2564
1229.685419837799,-4.2797494e-16,4.0792982e-16,2564
1229.7387905331896,-4.1316597e-16,4.974478e-16,2564
1229.7921609111324,-4.4806635e-16,4.412757e-16,2564
1229.8455309716328,-3.6256816e-16,4.6224785e-16,2564
1229.8989007146965,-3.4061842e-16,2.981695e-16,2564
1229.952270140329,-3.5313066e-16,3.9571103e-16,2564
1230.005639248536,-4.1208023e-16,4.2962821e-16,2564
1230.0590080393233,-3.704347e-16,3.6742338e-16,2564
1230.1123765126968,-4.638345e-16,6.0032687e-16,2564
1230.165744668662,-2.1669808e-16,1.9416894e-16,2564
1230.219112507224,-3.255143e-16,3.2697417e-16,2564
1230.272480028389,-2.9046861e-16,3.270743e-16,2564
1230.3258472321631,-4.5870603e-16,5.5020735e-16,2564
1230.3792141185506,-3.6255956e-16,4.3677357e-16,2564
1230.4325806875588,-3.7550313e-16,3.8935982e-16,2564
1230.4859469391922,-3.4118093e-16,4.5157767e-16,2564
1230.539312873457,-2.7117477e-16,3.6938053e-16,2564
1230.5926784903586,-3.606119e-16,4.1118267e-16,2564
1230.6460437899027,-2.8717585e-16,3.637008e-16,2564
1230.699408772095,-4.7599196e-16,4.743736e-16,2564
1230.7527734369414,-3.6189319e-16,3.2972388e-16,2564
1230.8061377844472,-4.3650324e-16,4.583683e-16,2564
1230.8595018146184,-3.072002e-16,3.1400634e-16,2564
1230.91286552746,-3.0601845e-16,4.2417562e-16,2564
1230.9662289229786,-4.1417344e-16,4.6786977e-16,2564
1231.0195920011793,-3.7660223e-16,3.8775937e-16,2564
1231.0729547620679,-3.1459873e-16,2.944005e-16,2564
1231.1263172056497,-4.0445048e-16,4.4078313e-16,2564
1231.1796793319309,-3.569346e-16,3.999224e-16,2564
1231.2330411409168,-3.5008928e-16,3.58845e-16,2564
1231.2864026326133,-3.533984e-16,3.8445756e-16,2564
1231.339763807026,-4.060851e-16,4.1211933e-16,2564
1231.3931246641605,-2.3910565e-16,2.269944e-16,2564
1231.4464852040223,-2.8711174e-16,3.4575213e-16,2564
1231.4998454266174,-2.7298723e-16,2.81171e-16,2564
1231.5532053319512,-3.1250974e-16,3.0233888e-16,2564
1231.6065649200293,-3.2618122e-16,3.1227198e-16,2564
1231.6599241908577,-3.982172e-16,4.528612e-16,2564
1231.713283144442,-3.5762692e-16,4.556579e-16,2564
1231.7666417807875,-2.5828793e-16,2.641313e-16,2564
1231.8200000999002,-2.012792e-16,2.98087e-16,2564
1231.8733581017857,-3.8110532e-16,4.1211814e-16,2564
1231.9267157864494,-3.7503278e-16,3.956145e-16,2564
1231.9800731538974,-4.2412155e-16,4.827781e-16,2564
1232.0334302041351,-3.8060634e-16,3.9593682e-16,2564
1232.086786937168,-1.7973671e-16,2.1138493e-16,2564
1232.1401433530018,-1.3371336e-16,1.1243922e-16,2564
1232.1934994516423,-2.7014004e-16,2.7533317e-16,2564
1232.2468552330956,-2.8553542e-16,3.3108985e-16,2564
1232.3002106973665,-3.4912003e-16,4.3516196e-16,2564
1232.3535658444612,-2.728139e-16,3.2992743e-16,2564
1232.4069206743852,-2.5334433e-16,2.7011312e-16,2564
1232.460275187144,-3.498965e-16,3.7756062e-16,2564
1232.5136293827436,-3.315523e-16,3.4569246e-16,2564
1232.5669832611893,-2.5624843e-16,2.7613965e-16,2564
1232.6203368224872,-2.5794205e-16,2.8665112e-16,2564
1232.6736900666424,-3.8263946e-16,4.705515e-16,2564
1232.7270429936611,-3.3305915e-16,3.557734e-16,2564
1232.7803956035484,-3.2711115e-16,3.2055237e-16,2564
1232.8337478963108,-2.6348908e-16,3.1955716e-16,2564
1232.887099871953,-4.0868524e-16,4.416367e-16,2564
1232.9404515304811,-3.439507e-16,3.5645992e-16,2564
1232.9938028719007,-3.642128e-16,4.2310587e-16,2564
1233.0471538962174,-2.6308563e-16,3.119157e-16,2564
1233.1005046034372,-2.9303298e-16,2.8838878e-16,2564
1233.1538549935651,-1.6110213e-16,1.5059043e-16,2564
1233.2072050666077,-1.5914066e-16,1.490543e-16,2564
1233.2605548225697,-2.3366187e-16,2.9463903e-16,2564
1233.3139042614573,-2.838049e-16,3.3053113e-16,2564
1233.3672533832757,-2.6190812e-16,2.8116126e-16,2564
1233.4206021880314,-2.4727176e-16,3.4717337e-16,2564
1233.4739506757287,-2.4404623e-16,3.3688922e-16,2564
1233.5272988463746,-2.8415224e-16,3.2104897e-16,2564
1233.5806466999743,-2.6578118e-16,3.0159505e-16,2564
1233.6339942365332,-2.6091262e-16,2.661909e-16,2564
1233.687341456057,-2.603631e-16,2.779745e-16,2564
1233.7406883585518,-2.838644e-16,3.3167065e-16,2564
1233.7940349440228,-2.7053756e-16,3.4848412e-16,2564
1233.8473812124753,-3.114272e-16,3.4981751e-16,2564
1233.900727163916,-2.321744e-16,2.814491e-16,2564
1233.9540727983497,-2.4063695e-16,2.7608785e-16,2564
1234.0074181157822,-2.2990669e-16,2.4324118e-16,2564
1234.0607631162195,-3.6052475e-16,3.9693234e-16,2564
1234.1141077996672,-2.2649502e-16,3.1669027e-16,2564
1234.1674521661305,-2.4458148e-16,2.7437155e-16,2564
1234.2207962156156,-3.1780073e-16,3.7071596e-16,2564
1234.2741399481274,-3.292179e-16,3.7753566e-16,2564
1234.3274833636724,-2.86677e-16,2.9465476e-16,2564
1234.3808264622558,-2.7440503e-16,2.918807e-16,2564
1234.4341692438832,-2.7267963e-16,2.9958076e-16,2564
1234.4875117085605,-2.879144e-16,2.86779e-16,2564
1234.5408538562933,-2.8805356e-16,3.3457447e-16,2564
1234.594195687087,-2.8084886e-16,2.6329077e-16,2564
1234.6475372009475,-1.9409351e-16,2.4753109e-16,2564
1234.7008783978806,-1.4931636e-16,1.5090147e-16,2564
1234.7542192778915,-2.1454996e-16,2.380074e-16,2564
1234.807559840986,-3.1386258e-16,3.3774624e-16,2564
1234.86090008717,-2.628747e-16,2.5301676e-16,2564
1234.9142400164487,-2.191563e-16,2.626513e-16,2564
1234.9675796288282,-2.4918624e-16,3.151522e-16,2564
1235.020918924314,-3.6157407e-16,3.9398917e-16,3588
1235.0742579029118,-2.9792385e-16,3.7451268e-16,3588
1235.1275965646269,-2.8362014e-16,3.0266663e-16,2564
1235.1809349094656,-3.376283e-16,3.450504e-16,2564
1235.234272937433,-2.0455196e-16,2.311339e-16,2564
1235.2876106485346,-1.7504887e-16,1.5967684e-16,2564
1235.3409480427767,-2.2935085e-16,2.1713267e-16,2564
1235.3942851201646,-1.9716516e-16,2.1963506e-16,2564
1235.4476218807038,-2.0815219e-16,2.6163307e-16,2564
1235.5009583244,-1.8140551e-16,2.0200093e-16,2564
1235.554294451259,-2.1666727e-16,2.1281356e-16,2564
1235.6076302612864,-1.8703762e-16,2.5135864e-16,2564
1235.660965754488,-2.016761e-16,2.7870177e-16,2564
1235.7143009308693,-2.280794e-16,2.5098518e-16,2564
1235.7676357904359,-1.6662677e-16,1.7011411e-16,2564
1235.8209703331931,-2.2697648e-16,2.5688656e-16,2564
1235.8743045591475,-1.8259364e-16,1.667754e-16,2564
1235.9276384683037,-3.1261257e-16,3.6063854e-16,2564
1235.980972060668,-2.2987603e-16,2.8428093e-16,2564
1236.0343053362456,-2.6344713e-16,2.862123e-16,2564
1236.0876382950426,-1.4821206e-16,1.5492311e-16,2564
1236.1409709370646,-1.562254e-16,1.4924623e-16,2564
1236.194303262317,-2.1397516e-16,2.2482618e-16,2564
1236.2476352708054,-1.7018074e-16,1.8924308e-16,2564
1236.3009669625355,-2.4788027e-16,2.5311515e-16,2564
1236.3542983375132,-1.7815829e-16,1.8208684e-16,2564
1236.407629395744,-2.2819695e-16,2.310204e-16,2564
1236.4609601372333,-2.61644e-16,2.6435e-16,2564
1236.5142905619873,-2.161969e-16,2.5889128e-16,2564
1236.567620670011,-1.7447256e-16,2.1701634e-16,2564
1236.6209504613103,-2.006312e-16,2.3268866e-16,2564
1236.6742799358908,-2.0036846e-16,2.3794744e-16,2564
1236.7276090937585,-1.8978213e-16,2.2253255e-16,2564
1236.7809379349185,-1.9151242e-16,2.1274094e-16,2564
1236.834266459377,-2.558019e-16,2.469054e-16,2564
1236.8875946671392,-2.04871e-16,2.4543621e-16,2564
1236.9409225582108,-1.872218e-16,1.784045e-16,2564
1236.9942501325977,-2.6195365e-16,2.6603343e-16,2564
1237.0475773903054,-2.0888952e-16,2.579877e-16,2564
1237.1009043313393,-2.519835e-16,2.5398992e-16,2564
1237.1542309557053,-1.574997e-16,1.7333558e-16,2564
1237.2075572634092,-1.6495027e-16,1.7083954e-16,2564
1237.2608832544563,-1.6308128e-16,1.8236715e-16,2564
1237.3142089288524,-2.277897e-16,2.6389484e-16,2564
1237.3675342866031,-2.0184795e-16,2.3785336e-16,2564
1237.4208593277137,-2.0190873e-16,2.2558237e-16,2564
1237.4741840521908,-1.5695996e-16,1.5704647e-16,2564
1237.5275084600394,-2.2741395e-16,2.3338823e-16,2564
1237.5808325512648,-1.6302173e-16,1.9650512e-16,2564
1237.6341563258732,-1.4999957e-16,1.6304798e-16,2564
1237.6874797838702,-1.965014e-16,1.7362683e-16,2564
1237.7408029252613,-8.923264e-17,8.690691e-17,2564
1237.7941257500518,-1.0167973e-16,1.0782053e-16,2564
1237.847448258248,-1.5286925e-16,1.6783153e-16,2564
1237.9007704498551,-1.7965429e-16,1.6853744e-16,2580
1237.954092324879,-1.8610827e-16,1.8374166e-16,2580
1238.007413883325,-2.248134e-16,2.3784825e-16,2564
1238.060735125199,-2.0241828e-16,1.9359057e-16,2564
1238.1140560505066,-1.6355898e-16,1.785199e-16,2564
1238.1673766592533,-2.205649e-16,2.4128927e-16,2564
1238.220696951445,-1.2723877e-16,1.4216942e-16,2564
1238.2740169270874,-2.0968585e-16,2.1548748e-16,2564
1238.3273365861855,-1.7641895e-16,1.8862784e-16,2564
1238.3806559287455,-1.7574566e-16,1.8948727e-16,2564
1238.433974954773,-2.0163001e-16,2.2265333e-16,2564
1238.4872936642735,-1.4909723e-16,1.4055334e-16,2564
1238.5406120572525,-1.3829773e-16,1.5379569e-16,2564
1238.593930133716,-1.1668075e-16,1.1282137e-16,2564
1238.6472478936696,-1.4746893e-16,1.9197001e-16,2564
1238.7005653371184,-1.3871132e-16,1.4068473e-16,2564
1238.7538824640685,-1.8477894e-16,1.8648025e-16,2564
1238.8071992745258,-1.713366e-16,1.9426863e-16,2564
1238.8605157684954,-1.3294823e-16,1.4948211e-16,2564
1238.913831945983,-1.4691392e-16,1.8388414e-16,2564
1238.9671478069945,-1.3892635e-16,1.6919388e-16,2564
1239.0204633515355,-1.7591804e-16,1.8315756e-16,2564
1239.0737785796114,-1.613092e-16,1.836025e-16,2564
1239.127093491228,-1.4329188e-16,1.4094812e-16,2564
1239.1804080863908,-1.607979e-16,1.5379383e-16,2564
1239.2337223651055,-1.8149256e-16,1.7914568e-16,2564
1239.287036327378,-1.8683378e-16,1.8986672e-16,2564
1239.3403499732137,-2.138061e-16,2.1463492e-16,2564
1239.393663302618,-1.6003093e-16,1.782312e-16,2564
1239.4469763155969,-1.7409666e-16,1.6496571e-16,2564
1239.5002890121561,-1.1759999e-16,1.4871938e-16,2564
1239.553601392301,-1.0877209e-16,1.05934e-16,2564
1239.606913456037,-1.7323572e-16,1.8118138e-16,2564
1239.6602252033701,-1.8226804e-16,1.967039e-16,2564
1239.7135366343064,-1.4407565e-16,1.5269692e-16,2564
1239.7668477488505,-1.517508e-16,1.5320393e-16,2564
1239.8201585470085,-1.5143299e-16,1.3166704e-16,2564
1239.873469028786,-1.4611509e-16,1.4223768e-16,2564
1239.9267791941888,-1.5450643e-16,1.4739105e-16,3072
1239.9800890432223,-1.5318387e-16,1.573234e-16,3072
1240.0333985758923,-1.4785774e-16,1.3306488e-16,2564
1240.0867077922048,-6.1704325e-17,8.09239e-17,2564
1240.1400166921644,-7.5996875e-17,9.484448e-17,2564
1240.1933252757774,-1.3303718e-16,1.4615323e-16,2564
1240.2466335430497,-1.5581302e-16,1.4467017e-16,2564
1240.2999414939866,-1.6826573e-16,1.639964e-16,2564
1240.3532491285935,-1.6392622e-16,1.7295564e-16,2564
1240.4065564468765,-1.508984e-16,1.4766096e-16,2564
1240.4598634488407,-1.3024381e-16,1.3289133e-16,2564
1240.5131701344924,-1.5292862e-16,1.506385e-16,2564
1240.5664765038366,-1.2990841e-16,1.2246068e-16,2564
1240.619782556879,-1.5381134e-16,1.6021553e-16,2564
1240.6730882936258,-1.4586363e-16,1.3887743e-16,2564
1240.7263937140822,-1.4379368e-16,1.4394772e-16,2564
1240.7796988182538,-1.5147882e-16,1.3521145e-16,2564
1240.8330036061463,-1.3216867e-16,1.4230314e-16,2564
1240.8863080777653,-1.4225022e-16,1.3131468e-16,2564
1240.9396122331168,-8.7746406e-17,8.161025e-17,2564
1240.9929160722058,-1.3862458e-16,1.1979137e-16,2564
1241.046219595038,-1.578673e-16,1.6030648e-16,2564
1241.0995228016197,-1.3430699e-16,1.2864034e-16,2564
1241.152825691956,-1.163161e-16,1.02401294e-16,2564
1241.2061282660525,-1.5203805e-16,1.3613978e-16,2564
1241.259430523915,-1.4020554e-16,1.3376806e-16,2564
1241.312732465549,-1.3712927e-16,1.3713715e-16,2564
1241.3660340909603,-1.3358721e-16,1.269683e-16,2564
1241.4193354001543,-1.3483037e-16,1.4738218e-16,3588
1241.4726363931368,-1.2471957e-16,1.09988115e-16,3588
1241.5259370699134,-1.1606907e-16,1.02860604e-16,3588
1241.57923743049,-1.3282191e-16,1.3941646e-16,3588
1241.6325374748715,-1.4414298e-16,1.3344737e-16,2564
1241.685837203064,-1.5489833e-16,1.4934218e-16,2564
1241.7391366150734,-1.1863948e-16,1.3750407e-16,2564
1241.7924357109048,-1.6719606e-16,1.576543e-16,2564
1241.8457344905644,-1.513281e-16,1.3937252e-16,2564
1241.8990329540568,-1.451903e-16,1.4026885e-16,2564
1241.9523311013888,-1.2297513e-16,1.2696475e-16,2564
1242.0056289325655,-1.2029101e-16,1.0871202e-16,2564
1242.0589264475925,-1.0226395e-16,9.859619e-17,2564
1242.1122236464755,-1.4740425e-16,1.3515545e-16,2564
1242.16552052922,-1.2928754e-16,1.08025004e-16,2564
1242.218817095832,-1.517229e-16,1.3510664e-16,2564
1242.2721133463162,-1.0089854e-16,9.958412e-17,2564
1242.3254092806797,-1.2587222e-16,1.1618665e-16,2564
1242.3787048989268,-1.456793e-16,1.4234849e-16,2564
1242.4320002010638,-1.3347634e-16,1.206065e-16,2564
1242.485295187096,-1.382981e-16,1.1862174e-16,2564
1242.5385898570294,-1.4957826e-16,1.4079669e-16,3588
1242.5918842108692,-1.353977e-16,1.4090277e-16,3588
1242.6451782486215,-1.3125912e-16,1.3225766e-16,2564
1242.6984719702914,-1.4620207e-16,1.3651155e-16,2564
1242.751765375885,-1.5909351e-16,1.4626298e-16,2564
1242.8050584654077,-1.6508926e-16,1.4225674e-16,2564
1242.8583512388648,-1.4624409e-16,1.3599135e-16,2564
1242.9116436962627,-1.521766e-16,1.442823e-16,2564
1242.9649358376062,-1.5952787e-16,1.4703694e-16,2564
1243.0182276629016,-1.396187e-16,1.345468e-16,2564
1243.071519172154,-1.4631761e-16,1.3090128e-16,2564
1243.1248103653693,-1.4090053e-16,1.2998366e-16,3588
1243.1781012425529,-1.3084082e-16,1.266477e-16,3588
1243.2313918037107,-1.5522519e-16,1.2417555e-16,3588
1243.2846820488483,-1.4081007e-16,1.2361707e-16,2564
1243.3379719779712,-1.2212156e-16,1.10918276e-16,2564
1243.391261591085,-1.3095059e-16,1.1325381e-16,2564
1243.4445508881952,-1.3262735e-16,1.1905634e-16,2564
1243.4978398693079,-1.5108799e-16,1.2561386e-16,2564
1243.5511285344282,-1.1786375e-16,9.768806e-17,2564
1243.6044168835622,-1.4088327e-16,1.2341625e-16,2564
1243.6577049167151,-1.3685024e-16,1.2366868e-16,2564
1243.7109926338926,-1.2657407e-16,1.0747737e-16,2564
1243.7642800351007,-1.6110851e-16,1.3739545e-16,2564
1243.8175671203444,-1.4629196e-16,1.2899911e-16,2564
1243.8708538896296,-1.4772612e-16,1.2951835e-16,2564
1243.9241403429621,-1.5172083e-16,1.3376531e-16,2564
1243.9774264803477,-1.3545604e-16,1.0542499e-16,2564
1244.0307123017913,-1.6889755e-16,1.3548304e-16,2564
1244.083997807299,-1.5093864e-16,1.3465007e-16,2564
1244.1372829968764,-1.7074832e-16,1.4080075e-16,2564
1244.1905678705289,-1.4762814e-16,1.2909382e-16,2564
1244.2438524282625,-1.5813614e-16,1.3419776e-16,3588
1244.2971366700824,-1.4774197e-16,1.2510442e-16,3588
1244.3504205959946,-1.4754501e-16,1.2634751e-16,3588
1244.4037042060042,-1.4579314e-16,1.1746652e-16,2564
1244.4569875001177,-1.5361808e-16,1.281174e-16,2564
1244.5102704783399,-1.5369806e-16,1.2428578e-16,2564
1244.5635531406765,-1.7098641e-16,1.4286697e-16,2564
1244.6168354871336,-1.6559937e-16,1.291263e-16,2564
1244.6701175177163,-1.4775669e-16,1.1847941e-16,2564
1244.7233992324304,-1.4340861e-16,1.2007327e-16,2564
1244.7766806312818,-1.5818487e-16,1.2980558e-16,2564
1244.829961714276,-1.6982828e-16,1.3065062e-16,2564
1244.8832424814182,-1.4694731e-16,1.2209668e-16,2564
1244.9365229327143,-1.554303e-16,1.2432836e-16,2564
1244.98980306817,-1.7218083e-16,1.3360288e-16,2564
1245.043082887791,-1.5059014e-16,1.2500577e-16,3588
1245.0963623915825,-1.3604368e-16,1.0891034e-16,3588
1245.1496415795507,-1.6424672e-16,1.3784739e-16,2564
1245.2029204517005,-1.4510757e-16,1.1580387e-16,2564
