trappist-1/STIS/TRAPPIST-1_G140M_coadd.ecsv
# %ECSV 0.9
# ---
# datatype:
# - {name: WAVELENGTH, unit: Angstrom, datatype: float64}
# - {name: FLUX, unit: erg / (Angstrom cm2 s), datatype: float32}
# - {name: ERROR, unit: erg / (Angstrom cm2 s), datatype: float32}
# - {name: DQ, datatype: int16}
# delimiter: ','
# schema: astropy-2.0
WAVELENGTH,FLUX,ERROR,DQ
1194.444823387054,nan,nan,2596
1194.4984045206868,nan,nan,2596
1194.5519853331025,nan,nan,2596
1194.6055658243054,nan,nan,2596
1194.6591459943022,nan,nan,2596
1194.7127258430985,nan,nan,2564
1194.7663053707,nan,nan,2564
1194.8198845771126,nan,nan,2564
1194.8734634623418,nan,nan,2564
1194.9270420263936,nan,nan,2564
1194.9806202692735,nan,nan,2564
1195.0341981909876,nan,nan,2564
1195.0877757915416,nan,nan,2564
1195.1413530709412,nan,nan,2564
1195.1949300291924,nan,nan,2564
1195.2485066663005,nan,nan,2564
1195.3020829822717,nan,nan,2564
1195.3556589771117,nan,nan,2564
1195.4092346508262,nan,nan,2564
1195.462810003421,nan,nan,2564
1195.5163850349018,nan,nan,3072
1195.5699597452742,nan,nan,3104
1195.6235341345443,nan,nan,2564
1195.677108202718,nan,nan,2564
1195.7306819498008,nan,nan,2564
1195.7842553757985,nan,nan,2564
1195.8378284807168,nan,nan,2564
1195.8914012645619,nan,nan,2564
1195.9449737273387,nan,nan,2564
1195.998545869054,nan,nan,2564
1196.052117689713,nan,nan,2564
1196.1056891893213,nan,nan,2564
1196.159260367885,nan,nan,2564
1196.21283122541,nan,nan,2564
1196.2664017619018,nan,nan,2564
1196.319971977366,nan,nan,2564
1196.373541871809,nan,nan,2564
1196.4271114452363,nan,nan,2564
1196.480680697653,nan,nan,2564
1196.5342496290657,nan,nan,2564
1196.58781823948,nan,nan,2564
1196.6413865289016,nan,nan,2564
1196.694954497336,nan,nan,2564
1196.7485221447896,nan,nan,2564
1196.8020894712674,nan,nan,2564
1196.8556564767757,nan,nan,2564
1196.90922316132,nan,nan,2564
1196.9627895249064,nan,nan,3588
1197.0163555675401,nan,nan,3588
1197.0699212892278,nan,nan,3588
1197.1234866899742,nan,nan,2564
1197.1770517697857,nan,nan,2564
1197.2306165286682,nan,nan,2564
1197.2841809666272,nan,nan,2564
1197.337745083668,nan,nan,2564
1197.3913088797972,nan,nan,2564
1197.4448723550202,nan,nan,2564
1197.4984355093427,nan,nan,2564
1197.5519983427705,nan,nan,2564
1197.6055608553095,nan,nan,2564
1197.6591230469655,nan,nan,2564
1197.7126849177437,nan,nan,2564
1197.7662464676507,nan,nan,2564
1197.819807696692,nan,nan,2564
1197.873368604873,nan,nan,2564
1197.9269291921996,nan,nan,2564
1197.9804894586778,nan,nan,2564
1198.0340494043132,nan,nan,2564
1198.0876090291117,nan,nan,2564
1198.1411683330791,nan,nan,2564
1198.194727316221,-3.1110332e-16,6.291202e-16,2564
1198.248285978543,-3.0249905e-16,6.6859397e-16,2564
1198.301844320051,-1.4819726e-16,3.0537976e-16,2564
1198.355402340751,-2.3892372e-16,4.845355e-16,2564
1198.4089600406487,-2.791015e-16,5.164737e-16,3072
1198.4625174197497,-3.1270768e-16,5.920653e-16,3072
1198.5160744780596,-4.1839942e-16,6.155254e-16,2564
1198.5696312155846,-3.7810852e-16,8.338073e-16,2564
1198.6231876323304,-3.755748e-16,5.8992483e-16,2564
1198.6767437283027,-4.78458e-16,7.0109436e-16,2564
1198.7302995035066,-3.8305853e-16,5.5115036e-16,2564
1198.783854957949,-3.105371e-16,4.973375e-16,2564
1198.8374100916349,-5.4911653e-16,1.061547e-15,2564
1198.8909649045702,-4.575281e-16,8.7181226e-16,2564
1198.944519396761,-6.234764e-16,1.0354971e-15,2564
1198.9980735682127,-3.60161e-16,5.5860007e-16,2564
1199.051627418931,-5.699276e-16,1.0431504e-15,2564
1199.105180948922,-2.137854e-16,2.47327e-16,2564
1199.158734158191,-2.5116406e-16,3.581002e-16,2564
1199.2122870467444,-3.098293e-16,4.932939e-16,2564
1199.2658396145875,-4.953506e-16,6.937223e-16,2564
1199.3193918617262,-6.718316e-16,8.263336e-16,2564
1199.3729437881661,-5.48258e-16,7.1914066e-16,2564
1199.4264953939132,-3.0595836e-16,3.5199007e-16,2564
1199.4800466789732,-4.3584747e-16,6.246026e-16,2564
1199.5335976433519,-4.0824465e-16,4.9202175e-16,2564
1199.5871482870548,-5.4337947e-16,7.4026556e-16,2564
1199.6406986100878,-2.7516585e-16,3.5752398e-16,2564
1199.694248612457,-6.576442e-16,1.1339774e-15,2564
1199.7477982941675,-4.8400204e-16,7.0725456e-16,2564
1199.8013476552255,-3.6988402e-16,3.5898622e-16,2564
1199.8548966956369,-6.4548755e-16,9.595198e-16,2564
1199.9084454154072,-4.047938e-16,4.912476e-16,2564
1199.9619938145418,-4.956097e-16,8.2272305e-16,2564
1200.0155418930476,-4.5312366e-16,5.5263225e-16,2564
1200.0690896509288,-3.8198677e-16,4.7704964e-16,2564
1200.1226370881925,-4.628069e-16,5.887771e-16,2564
1200.1761842048438,-2.7423483e-16,3.4806413e-16,2564
1200.2297310008887,-3.482812e-16,3.610586e-16,2564
1200.2832774763326,-1.5976983e-16,1.9046433e-16,2564
1200.336823631182,-2.2542061e-16,3.0032474e-16,2564
1200.3903694654418,-8.219924e-16,9.963265e-16,2564
1200.443914979118,-4.5173014e-16,9.488664e-16,2564
1200.497460172217,-5.7387287e-16,6.8975476e-16,2564
1200.5510050447435,-5.3567385e-16,6.6372866e-16,2564
1200.6045495967044,-4.861854e-16,5.8528955e-16,2564
1200.6580938281045,-4.0310444e-16,5.1970543e-16,2564
1200.7116377389498,-5.5235776e-16,9.981985e-16,2564
1200.7651813292464,-3.344493e-16,4.8853705e-16,2564
1200.8187245989998,-4.1137256e-16,4.9126524e-16,2564
1200.8722675482159,-3.7913687e-16,4.551851e-16,2564
1200.9258101769,-3.5958799e-16,4.1233974e-16,2564
1200.9793524850584,-7.611176e-16,1.2603255e-15,2564
1201.0328944726966,-5.0113333e-16,5.229072e-16,2564
1201.0864361398205,-5.1322335e-16,7.1254587e-16,2564
1201.1399774864358,-3.7678823e-16,5.801251e-16,2564
1201.1935185125483,-5.190808e-16,5.413795e-16,2564
1201.2470592181635,-4.6837576e-16,5.841428e-16,2564
1201.3005996032873,-3.63084e-16,4.1016911e-16,2564
1201.3541396679254,-3.5781184e-16,5.2442504e-16,2564
1201.4076794120842,-6.1225897e-16,7.4608594e-16,2564
1201.4612188357685,-6.7910575e-16,7.182009e-16,2564
1201.5147579389845,-4.898936e-16,6.049284e-16,2564
1201.568296721738,-3.5884384e-16,3.299489e-16,2564
1201.6218351840346,-3.463037e-16,3.2842805e-16,2564
1201.6753733258802,-3.8841741e-16,4.3343004e-16,2564
1201.7289111472803,-3.6310749e-16,5.890611e-16,2564
1201.7824486482411,-3.6310817e-16,3.9959764e-16,2564
1201.835985828768,-5.224383e-16,7.058503e-16,3072
1201.8895226888667,-5.707982e-16,7.6540756e-16,3072
1201.943059228543,-4.1202168e-16,5.4766334e-16,2564
1201.996595447803,-4.738947e-16,6.2426693e-16,2564
1202.050131346652,-3.5745934e-16,4.045941e-16,2564
1202.1036669250964,-4.867345e-16,5.0580387e-16,2564
1202.1572021831407,-4.9371147e-16,7.7109274e-16,2564
1202.2107371207921,-5.4603836e-16,7.018891e-16,2564
1202.2642717380556,-4.766361e-16,5.894379e-16,2564
1202.317806034937,-2.6334725e-16,2.4694555e-16,2564
1202.371340011442,-5.3116557e-16,6.841935e-16,2564
1202.4248736675768,-4.2436165e-16,5.5593933e-16,2564
1202.4784070033465,-4.7331296e-16,6.2112455e-16,2564
1202.531940018757,-5.1166936e-16,1.00407e-15,2564
1202.5854727138146,-3.1815653e-16,2.852708e-16,2564
1202.6390050885245,-4.07421e-16,6.271534e-16,2564
1202.692537142893,-2.9114582e-16,2.6305116e-16,2564
1202.746068876925,-4.507667e-16,4.8924814e-16,2564
1202.7996002906266,-3.0750033e-16,2.820702e-16,2564
1202.8531313840042,-6.314448e-16,1.0677859e-15,2564
1202.9066621570626,-2.729323e-16,3.0573543e-16,2564
1202.9601926098082,-3.5238085e-16,5.222089e-16,2564
1203.0137227422463,-4.231909e-16,4.1502632e-16,2564
1203.067252554383,-4.3517845e-16,3.8281768e-16,2564
1203.1207820462241,-3.594962e-16,3.568375e-16,2564
1203.174311217775,-4.125777e-16,8.917165e-16,2564
1203.2278400690418,-5.754323e-16,7.232162e-16,2564
1203.2813686000297,-6.114629e-16,7.6249e-16,2564
1203.334896810745,-3.7949186e-16,4.0096975e-16,2564
1203.3884247011936,-5.8930163e-16,4.858325e-16,2564
1203.4419522713806,-3.5722982e-16,3.1710976e-16,2564
1203.4954795213118,-4.742793e-16,5.924544e-16,2564
1203.5490064509936,-5.782531e-16,7.0700845e-16,2564
1203.6025330604314,-4.706176e-16,5.7955916e-16,2564
1203.6560593496308,-3.1018347e-16,2.813527e-16,2564
1203.7095853185976,-4.2560973e-16,3.9978094e-16,2564
1203.7631109673375,-3.779242e-16,5.2717345e-16,2564
1203.8166362958566,-3.47428e-16,3.511745e-16,2564
1203.8701613041603,-2.893303e-16,3.370872e-16,2564
1203.9236859922544,-3.1899115e-16,3.727988e-16,2564
1203.9772103601447,-4.4880734e-16,5.574524e-16,2564
1204.030734407837,-3.9920575e-16,5.7123383e-16,2564
1204.084258135337,-7.736159e-16,1.056553e-15,2564
1204.1377815426501,-3.7078375e-16,3.6351835e-16,2564
1204.191304629783,-5.3985343e-16,7.349779e-16,2564
1204.2448273967402,-4.231941e-16,5.304512e-16,2564
1204.2983498435285,-5.3248557e-16,6.622662e-16,2564
1204.3518719701528,-6.712878e-16,1.0659242e-15,2564
1204.4053937766198,-7.33776e-16,1.2148332e-15,2564
1204.4589152629342,-3.7500756e-16,3.597811e-16,2564
1204.5124364291028,-7.780849e-16,9.775442e-16,2564
1204.5659572751304,-4.627396e-16,4.5704114e-16,2564
1204.619477801023,-4.0362835e-16,4.9908865e-16,2564
1204.6729980067869,-5.893716e-16,1.0698487e-15,2564
1204.7265178924274,-7.4695606e-16,1.1433167e-15,2564
1204.78003745795,-3.4049343e-16,3.5173755e-16,2564
1204.8335567033607,-7.2133495e-16,8.88934e-16,2564
1204.8870756286656,-5.094214e-16,5.955371e-16,2564
1204.94059423387,-6.326099e-16,6.70763e-16,2564
1204.9941125189794,-6.292419e-16,7.267711e-16,2564
1205.0476304840001,-4.1366225e-16,3.713096e-16,2564
1205.1011481289377,-4.3722523e-16,3.6408488e-16,2564
1205.1546654537979,-4.751755e-16,5.0825714e-16,2564
1205.2081824585864,-7.526588e-16,1.037895e-15,2564
1205.261699143309,-3.6726483e-16,3.3099499e-16,2564
1205.3152155079715,-3.681291e-16,4.0488252e-16,2564
1205.3687315525792,-4.212054e-16,3.433179e-16,2564
1205.4222472771382,-8.0596953e-16,1.0222862e-15,2564
1205.4757626816547,-3.5853613e-16,3.1314297e-16,2564
1205.5292777661336,-7.916334e-16,1.0293754e-15,2564
1205.582792530581,-5.471323e-16,5.747838e-16,2564
1205.6363069750028,-5.06339e-16,6.285788e-16,2564
1205.6898210994048,-4.5077103e-16,4.6823695e-16,2564
1205.7433349037922,-4.3580748e-16,5.6083836e-16,2564
1205.7968483881712,-5.646015e-16,6.0574894e-16,2564
1205.8503615525474,-3.7730588e-16,3.5630208e-16,2564
1205.9038743969268,-4.025573e-16,3.6293183e-16,2564
1205.9573869213145,-6.0442535e-16,9.155706e-16,2564
1206.010899125717,-5.2290086e-16,5.315353e-16,2564
1206.0644110101393,-5.0642533e-16,5.06398e-16,2564
1206.1179225745877,-3.633083e-16,3.3917349e-16,2564
1206.171433819068,-3.426625e-16,2.9665108e-16,2564
1206.2249447435854,-3.0615315e-16,2.6463178e-16,2564
1206.278455348146,-5.211671e-16,4.770277e-16,2564
1206.3319656327556,-5.258633e-16,5.5664856e-16,2564
1206.38547559742,-3.8700504e-16,4.1966586e-16,2564
1206.4389852421443,-3.2765233e-16,3.791728e-16,2564
1206.4924945669352,-3.9173598e-16,4.2239844e-16,2564
1206.5460035717974,-4.452182e-16,5.246773e-16,2564
1206.5995122567376,-6.843237e-16,7.5800576e-16,2564
1206.6530206217608,-4.6643383e-16,5.109893e-16,2564
1206.7065286668733,-3.3803862e-16,3.4222196e-16,2564
1206.7600363920806,-3.5058808e-16,3.7340415e-16,2564
1206.8135437973883,-5.0771986e-16,5.0976423e-16,2564
1206.8670508828022,-7.446607e-16,8.524734e-16,2564
1206.9205576483282,-5.0714197e-16,5.0495996e-16,2564
1206.974064093972,-5.7693754e-16,6.9564476e-16,2564
1207.0275702197391,-5.1110916e-16,6.0531367e-16,2564
1207.0810760256356,-3.9115542e-16,3.7950837e-16,2564
1207.134581511667,-3.7343517e-16,4.3118435e-16,2564
1207.188086677839,-3.5711896e-16,3.9243984e-16,2564
1207.2415915241577,-4.444975e-16,3.5879095e-16,2564
1207.2950960506282,-4.773706e-16,4.8221543e-16,2564
1207.3486002572567,-4.3705532e-16,5.0441754e-16,2564
1207.402104144049,-4.104312e-16,3.864473e-16,2564
1207.4556077110108,-7.962146e-16,1.0711509e-15,2564
1207.5091109581472,-5.673687e-16,6.738882e-16,2564
1207.5626138854645,-3.0365578e-16,2.78914e-16,2564
1207.6161164929688,-3.856426e-16,3.6954642e-16,2564
1207.669618780665,-3.9156486e-16,3.4792064e-16,2564
1207.7231207485595,-7.291327e-16,8.5011387e-16,2564
1207.7766223966578,-3.645063e-16,3.4677947e-16,2564
1207.8301237249655,-3.431507e-16,3.1821604e-16,2564
1207.8836247334884,-3.6418875e-16,3.491013e-16,2564
1207.9371254222324,-2.1079183e-16,1.6367897e-16,2564
1207.9906257912028,-5.2406537e-16,6.107229e-16,2564
1208.044125840406,-5.7405525e-16,6.4877525e-16,2564
1208.0976255698474,-4.3760888e-16,4.0650935e-16,2564
1208.1511249795326,-7.7029653e-16,8.517437e-16,2564
1208.2046240694676,-5.498717e-16,4.8797865e-16,2564
1208.2581228396577,-5.832381e-16,6.2525675e-16,2564
1208.311621290109,-5.9852333e-16,6.630344e-16,2564
1208.3651194208273,-3.8134186e-16,3.3884838e-16,2564
1208.418617231818,-5.726913e-16,7.451052e-16,2564
1208.4721147230869,-3.0281404e-16,2.3802804e-16,2564
1208.5256118946402,-6.1071324e-16,6.0976944e-16,2564
1208.5791087464831,-5.209922e-16,6.427836e-16,2564
1208.6326052786214,-3.6356896e-16,3.131325e-16,2564
1208.6861014910612,-3.5505223e-16,3.4335508e-16,2564
1208.739597383808,-5.240753e-16,7.2907313e-16,2564
1208.7930929568672,-3.885016e-16,4.574704e-16,2564
1208.8465882102448,-3.1701389e-16,3.777766e-16,2564
1208.9000831439469,-4.8321546e-16,6.0616473e-16,2564
1208.9535777579788,-2.2119512e-16,1.6662303e-16,2564
1209.0070720523463,-5.1594566e-16,5.1446473e-16,2564
1209.0605660270548,-4.506047e-16,4.5984206e-16,2564
1209.114059682111,-3.9045095e-16,4.7223956e-16,2564
1209.1675530175198,-5.7371484e-16,6.1632664e-16,2564
1209.221046033287,-4.5724406e-16,4.379177e-16,2564
1209.2745387294187,-4.6908764e-16,5.946602e-16,2564
1209.32803110592,-3.0428666e-16,3.337449e-16,2564
1209.3815231627973,-6.733446e-16,7.10167e-16,2564
1209.4350149000563,-8.1979094e-16,1.0658089e-15,2564
1209.488506317702,-5.0725214e-16,5.0145854e-16,2564
1209.541997415741,-4.9676344e-16,4.789839e-16,2564
1209.5954881941784,-4.5150546e-16,5.32571e-16,2564
1209.6489786530203,-5.670751e-16,6.969984e-16,2564
1209.7024687922724,-6.2087187e-16,7.720272e-16,2564
1209.7559586119403,-5.452861e-16,7.252523e-16,2564
1209.8094481120297,-4.405592e-16,3.9146382e-16,2564
1209.8629372925466,-4.1508865e-16,3.8393087e-16,2564
1209.9164261534963,-5.8799365e-16,6.1454654e-16,2564
1209.9699146948847,-5.660192e-16,6.209097e-16,2564
1210.0234029167182,-5.409047e-16,5.93834e-16,2564
1210.076890819001,-7.0591556e-16,1.0235389e-15,2564
1210.1303784017402,-5.531021e-16,6.0261677e-16,2564
1210.183865664941,-4.0959763e-16,3.584053e-16,2564
1210.237352608609,-9.821421e-16,1.4498989e-15,2564
1210.2908392327504,-5.778699e-16,1.0179372e-15,2564
1210.3443255373707,-3.721891e-16,5.4698545e-16,2564
1210.3978115224752,-6.093764e-16,7.346996e-16,2564
1210.4512971880702,-3.209406e-16,3.9759774e-16,2564
1210.5047825341612,-3.1313508e-16,3.7681788e-16,2564
1210.5582675607538,-3.9754507e-16,4.1973145e-16,2564
1210.6117522678542,-6.412985e-16,6.301687e-16,2564
1210.6652366554674,-4.871591e-16,5.790612e-16,2564
1210.7187207236,-4.7895637e-16,4.8404825e-16,2564
1210.7722044722568,-3.8763772e-16,3.661023e-16,2564
1210.8256879014443,-4.0958048e-16,3.6778676e-16,2564
1210.8791710111677,-3.0604113e-16,2.184866e-16,2564
1210.9326538014332,-3.8914946e-16,3.3941894e-16,2564
1210.9861362722459,-2.806126e-16,3.8667655e-16,2564
1211.039618423612,-4.578275e-16,4.4880374e-16,2564
1211.0931002555371,-5.9306653e-16,6.0932766e-16,2564
1211.1465817680269,-6.846552e-16,8.5789784e-16,2564
1211.2000629610868,-3.1043914e-16,2.0589448e-16,2564
1211.2535438347234,-3.5166333e-16,3.7966285e-16,2564
1211.3070243889413,-4.2246046e-16,3.6456536e-16,2564
1211.3605046237474,-4.1289455e-16,5.3609525e-16,2564
1211.4139845391467,-3.752199e-16,3.9584372e-16,2564
1211.4674641351448,-4.283501e-16,3.4831183e-16,2564
1211.5209434117478,-4.630097e-16,4.697124e-16,2564
1211.5744223689615,-3.861519e-16,3.3665878e-16,2564
1211.6279010067913,-4.3918362e-16,3.862373e-16,2564
1211.681379325243,-4.303269e-16,5.1227563e-16,2564
1211.7348573243223,-5.014918e-16,5.7860736e-16,2564
1211.788335004035,-3.802535e-16,2.950925e-16,2564
1211.841812364387,-5.2992107e-16,6.666654e-16,2564
1211.8952894053834,-3.6846643e-16,3.9256684e-16,2564
1211.948766127031,-5.3671745e-16,5.6644307e-16,2564
1212.0022425293346,-3.8098298e-16,3.7205253e-16,2564
1212.0557186122999,-3.5532558e-16,2.666213e-16,2564
1212.109194375933,-4.284837e-16,4.9693634e-16,2564
1212.16266982024,-4.0142495e-16,3.6760902e-16,2564
1212.2161449452258,-4.9009983e-16,4.7589143e-16,2564
1212.2696197508963,-3.6965468e-16,3.469783e-16,2564
1212.3230942372577,-4.1023688e-16,4.9605855e-16,2564
1212.3765684043153,-6.451199e-16,6.920812e-16,2564
