trappist-1/STIS/TRAPPIST-1_G140M_mean.ecsv
# %ECSV 0.9
# ---
# datatype:
# - {name: WAVELENGTH, unit: Angstrom, datatype: float64}
# - {name: FLUX, unit: erg / (Angstrom cm2 s), datatype: float32}
# - {name: ERROR, unit: erg / (Angstrom cm2 s), datatype: float32}
# - {name: DQ, datatype: int16}
# delimiter: ','
# schema: astropy-2.0
WAVELENGTH,FLUX,ERROR,DQ
[from data line 933]
1244.2971366700824,-6.437346e-17,2.2235115e-16,3588
1244.3504205959946,-4.645499e-17,2.7245556e-16,3588
1244.4037042060042,-4.990362e-17,2.4124663e-16,2564
1244.4569875001177,-1.0465258e-16,2.0405315e-16,2564
1244.5102704783399,-5.146224e-17,3.02203e-16,2564
1244.5635531406765,-5.4946445e-17,2.872475e-16,2564
1244.6168354871336,-5.3363757e-17,2.716328e-16,2564
1244.6701175177163,-5.1350883e-17,2.330249e-16,2564
1244.7233992324304,-2.2592251e-17,2.6919517e-16,2564
1244.7766806312818,-9.793862e-17,2.2341775e-16,2564
1244.829961714276,-3.903489e-17,2.9893908e-16,2564
1244.8832424814182,-3.933892e-17,2.377658e-16,2564
1244.9365229327143,-9.718315e-17,2.0821817e-16,2564
1244.98980306817,-5.714695e-17,2.798087e-16,2564
1245.043082887791,-6.5710454e-17,2.7912798e-16,3588
1245.0963623915825,5.567455e-17,3.6880315e-16,3588
1245.1496415795507,-8.0707423e-17,2.4939768e-16,2564
1245.2029204517005,-2.959021e-17,2.8688474e-16,2564
1245.2561990080383,-8.973867e-17,2.3873526e-16,2564
1245.309477248569,-9.221797e-17,2.288552e-16,2564
1245.3627551732989,2.277336e-17,3.0702742e-16,2564
1245.4160327822328,-5.617733e-17,2.8320274e-16,2564
1245.469310075377,-1.00011265e-16,2.423066e-16,2564
1245.522587052737,-5.185594e-17,3.1036513e-16,2564
1245.5758637143185,-5.5205697e-17,2.9296466e-16,2564
1245.6291400601267,-3.273574e-17,3.172667e-16,2564
1245.6824160901672,-9.9040135e-17,2.6463882e-16,2564
1245.735691804446,-2.0063162e-17,2.9726706e-16,2564
1245.788967202969,-1.6476652e-17,2.8605698e-16,2564
1245.842242285741,-5.1713846e-17,3.0299017e-16,2564
1245.8955170527677,-8.335657e-17,2.4443306e-16,2564
1245.9487915040554,-1.239995e-16,2.3110468e-16,2564
1246.002065639609,-1.4191447e-16,2.2039513e-16,2564
1246.0553394594347,-1.4800285e-16,2.2167045e-16,2564
1246.1086129635378,-8.438847e-17,2.312772e-16,3588
1246.1618861519241,-1.0875463e-16,2.730021e-16,3588
1246.215159024599,-1.1508283e-16,2.4988973e-16,2564
1246.268431581568,-5.9774903e-17,3.4172057e-16,2564
1246.321703822837,-1.1771791e-16,2.1669575e-16,2564
1246.3749757484115,-1.06986356e-16,2.447381e-16,2564
1246.428247358297,-1.2544153e-16,2.7533574e-16,2564
1246.4815186524995,-5.986972e-17,3.0013845e-16,2564
1246.5347896310243,-9.469726e-17,2.6607002e-16,2564
1246.5880602938769,-2.0703925e-17,3.2943062e-16,2564
1246.6413306410632,3.6944047e-17,3.644307e-16,2564
1246.6946006725886,-3.705328e-17,3.3039788e-16,2564
1246.747870388459,-1.3757757e-16,2.6885326e-16,2564
1246.8011397886796,-1.35203e-16,2.4127985e-16,2564
1246.8544088732565,-1.3902577e-16,2.803703e-16,2564
1246.9076776421948,-1.3144558e-16,2.262763e-16,2564
1246.9609460955,-6.1079764e-17,2.8214757e-16,2564
1247.0142142331786,-9.385832e-17,2.22879e-16,2564
1247.0674820552354,-1.4432913e-16,2.3821682e-16,2564
1247.1207495616766,-1.1396302e-16,2.2440253e-16,2564
1247.174016752507,-1.609946e-16,2.3402777e-16,2564
1247.227283627733,-1.05027036e-16,2.4929302e-16,2564
1247.2805501873597,-3.7339935e-17,3.858278e-16,2564
1247.3338164313927,-9.122015e-17,3.1268785e-16,2564
1247.3870823598384,-1.9664452e-16,2.100072e-16,2564
1247.4403479727016,-1.1177665e-16,2.5044244e-16,2564
1247.493613269988,-4.751686e-17,3.323686e-16,2564
1247.5468782517034,-4.464044e-17,3.4369066e-16,2564
1247.6001429178534,-3.785315e-17,3.325792e-16,2564
1247.6534072684435,-1.4882799e-16,2.410259e-16,2564
1247.7066713034797,-1.65605e-16,2.5779165e-16,2564
1247.7599350229668,-1.2878882e-16,3.0731396e-16,2564
1247.8131984269112,4.15575e-17,3.9957967e-16,2564
1247.866461515318,9.940592e-18,4.1684577e-16,2564
1247.9197242881933,-1.1495897e-16,2.881448e-16,2564
1247.9729867455421,-1.244231e-16,2.6667173e-16,2564
1248.0262488873705,-9.6985994e-17,2.9028608e-16,3588
1248.079510713684,-1.7755284e-16,2.0140007e-16,3588
1248.132772224488,-1.3141499e-16,2.8257954e-16,2564
1248.186033419788,-1.3657001e-16,3.2987915e-16,2564
1248.23929429959,-1.5619535e-16,2.9126573e-16,2564
1248.2925548638998,-1.1675188e-16,3.1025475e-16,2564
1248.3458151127222,-1.4924719e-16,2.8584824e-16,2564
1248.3990750460634,-1.9656309e-16,2.7456994e-16,2564
1248.4523346639292,-2.2734311e-16,2.2306255e-16,2564
1248.5055939663243,-1.7815452e-16,2.5819616e-16,2564
1248.5588529532554,-1.8760892e-16,2.49732e-16,2564
1248.6121116247275,-1.6912249e-16,3.144196e-16,2564
1248.6653699807462,7.9897e-19,2.7274805e-16,2564
1248.718628021317,-2.0541786e-17,3.278156e-16,2564
1248.771885746446,1.8539265e-17,3.0324777e-16,2564
1248.8251431561384,-3.8837063e-17,3.4820664e-16,2564
1248.8784002503999,-2.385423e-17,2.2503005e-16,2596
1248.9316570292362,-5.0330304e-17,2.7744395e-16,2596
1248.9849134926528,4.1156835e-17,2.2115318e-16,2596
1249.038169640655,1.272927e-16,3.0364315e-16,2596
1249.0914254732493,-1.5388532e-17,2.0859753e-16,2596
