trappist-1/STIS/TRAPPIST-1_G140M_coadd.ecsv
# %ECSV 0.9
# ---
# datatype:
# - {name: WAVELENGTH, unit: Angstrom, datatype: float64}
# - {name: FLUX, unit: erg / (Angstrom cm2 s), datatype: float32}
# - {name: ERROR, unit: erg / (Angstrom cm2 s), datatype: float32}
# - {name: DQ, datatype: int16}
# delimiter: ','
# schema: astropy-2.0
WAVELENGTH,FLUX,ERROR,DQ
[from data line 952]
1245.309477248569,-1.677358e-16,1.331409e-16,2564
1245.3627551732989,-1.3709419e-16,9.4342033e-17,2564
1245.4160327822328,-1.636079e-16,1.3330084e-16,2564
1245.469310075377,-1.7403547e-16,1.3175979e-16,2564
1245.522587052737,-1.7187826e-16,1.4006268e-16,2564
1245.5758637143185,-1.8017798e-16,1.4101727e-16,2564
1245.6291400601267,-1.6137583e-16,1.383007e-16,2564
1245.6824160901672,-1.6683444e-16,1.3366167e-16,2564
1245.735691804446,-1.5647455e-16,1.3354648e-16,2564
1245.788967202969,-1.5796348e-16,1.2297854e-16,2564
1245.842242285741,-1.9207436e-16,1.4483467e-16,2564
1245.8955170527677,-1.6812554e-16,1.3947528e-16,2564
1245.9487915040554,-1.7460949e-16,1.4190373e-16,2564
1246.002065639609,-1.8508788e-16,1.4614718e-16,2564
1246.0553394594347,-2.0045466e-16,1.435466e-16,2564
1246.1086129635378,-1.5785359e-16,1.3076483e-16,3588
1246.1618861519241,-1.9952283e-16,1.5411485e-16,3588
1246.215159024599,-1.7133002e-16,1.4203295e-16,2564
1246.268431581568,-1.8015701e-16,1.4731195e-16,2564
1246.321703822837,-1.7347284e-16,1.3741548e-16,2564
1246.3749757484115,-1.7667628e-16,1.3660548e-16,2564
1246.428247358297,-1.8829352e-16,1.5958858e-16,2564
1246.4815186524995,-1.6508634e-16,1.4128611e-16,2564
1246.5347896310243,-1.9638181e-16,1.4824245e-16,2564
1246.5880602938769,-1.603563e-16,1.4004999e-16,2564
1246.6413306410632,-1.3233749e-16,1.1199114e-16,2564
1246.6946006725886,-1.6329064e-16,1.4234701e-16,2564
1246.747870388459,-1.938902e-16,1.5759854e-16,2564
1246.8011397886796,-1.890811e-16,1.5893504e-16,2564
1246.8544088732565,-2.0528021e-16,1.5575582e-16,2564
1246.9076776421948,-1.8073174e-16,1.4680784e-16,2564
1246.9609460955,-1.6866541e-16,1.4605556e-16,2564
1247.0142142331786,-1.5994368e-16,1.349015e-16,2564
1247.0674820552354,-1.9661637e-16,1.6375673e-16,2564
1247.1207495616766,-1.668947e-16,1.4004968e-16,2564
1247.174016752507,-1.9804917e-16,1.6684592e-16,2564
1247.227283627733,-1.8537251e-16,1.6156224e-16,2564
1247.2805501873597,-1.7592934e-16,1.5661168e-16,2564
1247.3338164313927,-1.7187609e-16,1.449099e-16,2564
1247.3870823598384,-2.0920893e-16,1.7412239e-16,2564
1247.4403479727016,-1.7625856e-16,1.5597417e-16,2564
1247.493613269988,-1.8017426e-16,1.6093623e-16,2564
1247.5468782517034,-1.6510173e-16,1.4205673e-16,2564
1247.6001429178534,-1.8050275e-16,1.6456237e-16,2564
1247.6534072684435,-2.0165025e-16,1.840018e-16,2564
1247.7066713034797,-2.1142571e-16,1.8144364e-16,2564
1247.7599350229668,-2.012389e-16,1.8306763e-16,2564
1247.8131984269112,-1.5524679e-16,1.4674371e-16,2564
1247.866461515318,-1.4151413e-16,1.2341356e-16,2564
1247.9197242881933,-1.9080955e-16,1.8065734e-16,2564
1247.9729867455421,-1.898286e-16,1.7504144e-16,2564
1248.0262488873705,-2.0114624e-16,1.9051239e-16,3588
1248.079510713684,-1.8770056e-16,1.69247e-16,3588
1248.132772224488,-1.9814324e-16,1.8758843e-16,2564
1248.186033419788,-2.0925675e-16,1.9072952e-16,2564
1248.23929429959,-2.047703e-16,1.8399714e-16,2564
1248.2925548638998,-1.7889648e-16,1.7404298e-16,2564
1248.3458151127222,-2.0588307e-16,1.9444131e-16,2564
1248.3990750460634,-2.225406e-16,2.0384107e-16,2564
1248.4523346639292,-2.1581889e-16,1.9724671e-16,2564
1248.5055939663243,-2.063063e-16,2.0223002e-16,2564
1248.5588529532554,-1.9093813e-16,1.8287841e-16,2564
1248.6121116247275,-2.1248872e-16,2.0861949e-16,2564
1248.6653699807462,-7.702082e-17,1.6074487e-16,2564
1248.718628021317,-1.0195317e-16,1.8900785e-16,2564
1248.771885746446,-7.812787e-17,1.6912293e-16,2564
1248.8251431561384,-7.55289e-17,2.637728e-16,2564
1248.8784002503999,-7.390022e-17,1.5535034e-16,2596
1248.9316570292362,-7.920406e-17,2.3431875e-16,2596
1248.9849134926528,-5.372195e-17,3.799682e-17,2596
1249.038169640655,-4.6598604e-17,3.530289e-17,2596
1249.0914254732493,-5.671308e-17,3.045089e-17,2596
