trappist-1/STIS/TRAPPIST-1_G140L_coadd.ecsv
# %ECSV 0.9
# ---
# datatype:
# - {name: WAVELENGTH, unit: Angstrom, datatype: float64}
# - {name: FLUX, unit: erg / (Angstrom cm2 s), datatype: float32}
# - {name: ERROR, unit: erg / (Angstrom cm2 s), datatype: float32}
# - {name: DQ, datatype: int16}
# delimiter: ','
# schema: astropy-2.0
WAVELENGTH,FLUX,ERROR,DQ
[from data line 339]
1317.3954984287188,-1.4793786e-17,1.1888102e-17,32
1317.9793066602715,-1.7044232e-17,4.060051e-17,32
1318.5631138240656,-1.980659e-17,2.51729e-17,48
1319.1469199201074,-2.2221435e-17,2.0051485e-17,32
1319.7307249484018,-2.3773947e-17,9.484649e-18,32
1320.3145289089555,8.165819e-17,9.357086e-18,32
1320.898331801774,-2.3171028e-17,1.2898311e-17,32
1321.4821336268635,9.100327e-18,1.677872e-17,32
1322.0659343842294,-1.7402631e-17,2.7982984e-17,32
1322.6497340738777,-1.4458644e-17,8.4417926e-18,32
1323.2335326958141,-1.115271e-17,1.3159943e-17,32
1323.817330250045,-1.4813728e-17,2.0614949e-17,32
1324.4011267365759,9.085325e-17,1.06582864e-16,32
1324.9849221554127,2.287516e-17,5.520291e-17,32
1325.5687165065613,-1.3573911e-17,7.079441e-18,32
1326.1525097900276,-9.448597e-20,9.920401e-18,32
1326.736302005817,3.6913802e-17,2.959355e-17,32
1327.3200931539359,-9.129496e-19,3.07005e-17,32
1327.90388323439,-2.64115e-17,3.3151556e-18,32
1328.487672247185,1.496188e-17,6.0594806e-18,32
1329.0714601923269,-1.2502146e-17,2.348703e-17,32
1329.6552470698216,-4.8624398e-18,7.036504e-18,32
1330.239032879675,2.1054637e-17,1.9604071e-17,32
1330.822817621893,-5.7627365e-18,1.9069911e-17,32
1331.406601296481,-6.47199e-17,3.3924788e-18,48
1331.9903839034455,-1.954936e-18,6.5101224e-18,32
1332.5741654427916,6.427775e-18,1.9032066e-17,32
1333.1579459145262,-2.586279e-17,1.752461e-17,32
1333.7417253186543,-6.6510607e-18,4.0139925e-17,32
1334.3255036551816,-9.318039e-19,3.3821916e-17,32
1334.9092809241151,-2.5627336e-17,1.5470132e-17,32
1335.4930571254592,-1.7325669e-17,2.0121426e-17,32
1336.076832259221,-4.8181113e-17,2.3552001e-17,32
1336.6606063254058,-1.4205217e-17,2.56039e-17,32
1337.2443793240193,-8.676039e-18,1.5941e-17,32
1337.8281512550675,-3.2193436e-17,1.6295245e-17,32
1338.4119221185565,-3.236784e-17,1.3067105e-17,48
1338.995691914492,-1.5160487e-17,1.2491994e-17,32
1339.5794606428797,-2.3011984e-17,1.0424246e-17,32
1340.1632283037252,-4.7825336e-17,4.3738594e-18,48
1340.7469948970354,-2.5113662e-17,3.1973145e-17,32
1341.3307604228153,-4.1838997e-17,1.468653e-17,48
1341.914524881071,2.677762e-18,8.8959205e-18,32
1342.498288271808,-3.5551317e-18,8.2510844e-18,32
1343.0820505950326,3.4411237e-18,8.939473e-18,32
1343.6658118507505,1.1227378e-17,1.4858551e-17,32
1344.249572038968,1.623351e-17,3.29222e-17,32
1344.8333311596903,-1.449375e-17,6.4995162e-18,32
1345.4170892129232,-5.5428417e-18,1.3859763e-17,32
1346.000846198673,-1.6741346e-17,1.5802133e-17,32
1346.5846021169455,-2.0577073e-20,1.1495171e-17,32
1347.1683569677461,7.036799e-18,3.501252e-17,32
1347.7521107510813,-2.0850055e-17,1.6830167e-17,32
1348.3358634669569,4.174552e-18,2.093191e-17,32
1348.9196151153783,-1.2257744e-17,1.0376781e-17,32
1349.5033656963515,-3.0900635e-17,1.4983776e-17,32
1350.0871152098823,-3.2292827e-17,1.6499333e-17,32
1350.6708636559772,-2.5033599e-17,1.5521468e-17,32
1351.2546110346411,-5.3108056e-18,3.6788735e-17,32
1351.8383573458805,5.395424e-17,3.0620853e-17,32
1352.4221025897011,-2.1319275e-17,1.00924315e-17,32
1353.0058467661086,-1.9023859e-17,1.027922e-17,32
1353.5895898751091,-2.3219405e-17,2.854227e-17,32
1354.173331916708,-3.36607e-17,4.893889e-18,32
1354.757072890912,-1.3663316e-17,1.3336442e-17,32
1355.3408127977261,-4.4033256e-17,2.5755892e-19,32
1355.9245516371564,-1.38107945e-17,8.535825e-18,32
1356.508289409209,5.3385616e-18,2.6985568e-18,32
1357.0920261138897,-8.929834e-18,6.647548e-18,32
1357.6757617512042,-1.13988135e-17,2.3244783e-17,32
1358.2594963211582,1.7952794e-17,3.332562e-17,32
1358.8432298237578,-1.9172106e-17,1.06843115e-17,32
1359.426962259009,-1.5023481e-17,1.8004733e-17,32
1360.0106936269176,-5.9958344e-18,1.4676722e-17,32
1360.594423927489,-5.688392e-18,2.3879728e-17,32
1361.1781531607296,-2.3156162e-17,1.20768675e-17,32
1361.7618813266452,-2.7299083e-17,1.9818912e-17,32
1362.3456084252414,-1.0159275e-17,2.3630107e-17,48
1362.929334456524,-2.0924564e-17,7.786709e-18,48
1363.5130594204988,-3.1027714e-17,2.5954224e-17,48
1364.0967833171724,-3.3869324e-17,1.635989e-17,32
1364.6805061465498,-6.409121e-19,1.2272732e-17,32
1365.264227908637,-2.1114187e-17,1.4452996e-17,32
1365.84794860344,6.1395736e-18,7.738025e-18,48
1366.431668230965,-9.087683e-18,3.4192613e-18,32
1367.0153867912177,-1.38396895e-17,1.31140346e-17,32
1367.5991042842033,-2.4475285e-17,6.5609336e-18,32
1368.1828207099284,-1.1254432e-17,1.5086737e-17,48
1368.7665360683986,-4.3570564e-17,2.723199e-19,32
1369.3502503596196,-2.4438747e-17,5.8259683e-18,32
1369.9339635835977,6.426521e-18,1.9008783e-17,32
1370.517675740338,-2.565508e-18,2.0000484e-17,32
1371.1013868298473,-1.5604905e-17,2.884003e-17,32
1371.6850968521305,-5.770577e-18,1.9869887e-17,32
1372.2688058071942,3.415366e-18,2.7658784e-17,32
1372.8525136950436,-2.3565072e-17,5.2277368e-17,32
1373.4362205156854,-1.9711415e-17,2.466205e-17,32
1374.0199262691249,4.466756e-18,6.4307593e-18,32
1374.6036309553679,-1.2186332e-17,1.0543547e-17,32
1375.1873345744207,1.0659433e-17,1.17507475e-17,32
1375.7710371262883,-3.1800737e-17,2.54137e-17,32
1376.3547386109774,-2.2162243e-18,8.147374e-18,48
1376.9384390284936,-4.3166516e-17,5.190445e-19,32
1377.5221383788426,-2.4873465e-17,8.917967e-18,32
1378.1058366620305,-4.72317e-18,1.3832947e-17,32
1378.6895338780628,6.64298e-17,7.4039355e-17,32
1379.2732300269456,-1.9054695e-18,1.7920613e-17,32
1379.8569251086847,-2.4935331e-17,7.249828e-18,32
1380.4406191232858,-3.7848513e-17,1.6999347e-17,48
1381.024312070755,-4.7274504e-17,4.9790785e-18,48
1381.6080039510985,-3.900712e-17,7.480953e-18,32
1382.191694764321,-3.1288626e-17,1.776499e-17,32
1382.77538451043,-1.1178177e-17,9.8834385e-18,32
1383.3590731894296,-1.4485474e-17,1.4760777e-17,32
1383.9427608013268,-4.2833867e-17,6.609087e-19,32
1384.526447346127,-6.131792e-17,9.132769e-19,32
1385.1101328238365,-8.784776e-18,9.974594e-18,32
1385.6938172344605,6.401446e-18,1.9038857e-17,32
1386.2775005780054,-3.0993465e-17,1.0047428e-17,32
1386.861182854477,-4.2746778e-17,6.568563e-19,32
1387.4448640638807,-2.9392774e-17,2.4729987e-18,32
1388.0285442062227,-3.52843e-18,1.7241283e-17,32
1388.6122232815087,-2.7773463e-17,1.6643271e-17,32
1389.1959012897448,-1.6536561e-17,2.1881308e-17,32
1389.7795782309367,-2.3105396e-17,8.670105e-18,32
1390.3632541050904,-1.9834569e-17,1.2336771e-17,32
1390.9469289122114,-3.5309773e-17,1.2573844e-17,32
1391.5306026523058,-2.3142692e-17,1.4388578e-17,32
1392.1142753253794,-6.599452e-18,1.9293295e-17,32
1392.697946931438,6.962777e-17,3.3787284e-17,32
1393.2816174704876,-6.0596783e-17,1.3577175e-18,32
1393.865286942534,5.704922e-17,4.425581e-17,32
1394.4489553475833,-3.0573065e-17,3.592878e-17,32
1395.0326226856405,-3.4181723e-17,1.6246064e-17,32
1395.6162889567122,-2.6604493e-17,1.6671252e-18,32
1396.199954160804,-1.1816038e-17,2.0421547e-17,32
1396.7836182979224,-2.7687638e-17,3.1869165e-17,32
1397.367281368072,-2.6287884e-17,1.5869629e-17,32
1397.9509433712597,-1.8708862e-17,3.5993113e-17,48
1398.5346043074908,-2.0553254e-17,6.3010396e-18,32
1399.1182641767716,-1.7189481e-17,8.732897e-18,32
1399.7019229791074,-9.487719e-18,2.058593e-17,32
1400.2855807145045,-2.5442413e-17,9.590554e-18,32
1400.8692373829685,-1.0948685e-17,3.8781334e-17,32
1401.4528929845053,-2.6465781e-17,1.21302124e-17,32
1402.0365475191209,-4.154647e-17,6.7231575e-19,32
1402.6202009868211,-2.831373e-17,3.029047e-17,32
1403.2038533876114,-4.963595e-18,1.4384396e-17,32
1403.7875047214982,-3.8170028e-17,9.654114e-18,32
1404.371154988487,-7.890771e-17,1.4564252e-18,32
1404.954804188584,-3.0584778e-17,2.1220993e-17,32
1405.5384523217942,-3.674343e-17,1.3983296e-17,32
1406.1220993881245,-4.135331e-17,3.5975535e-19,32
1406.7057453875802,-2.2864842e-17,1.1665561e-17,32
1407.2893903201673,-3.8447084e-17,9.076115e-18,32
1407.8730341858914,-2.0032837e-17,1.10772305e-17,32
1408.4566769847584,-4.1164885e-17,7.485655e-19,32
1409.040318716775,-4.1049357e-17,7.100847e-19,48
1409.6239593819455,-9.4911034e-18,5.8668294e-18,32
1410.207598980277,-4.023016e-18,2.620271e-17,32
1410.791237511775,-2.5305571e-17,3.338047e-17,48
1411.3748749764454,-2.190988e-17,1.1335405e-17,32
1411.9585113742937,-4.665492e-17,3.9216405e-17,32
1412.542146705326,-1.348011e-17,7.610236e-18,32
1413.1257809695485,6.990195e-18,4.4762035e-17,32
1413.7094141669663,-1.5548269e-17,6.120154e-18,32
1414.293046297586,-1.7554986e-17,1.401132e-17,32
1414.8766773614125,2.2453035e-17,1.4277056e-17,32
1415.4603073584526,-6.3548163e-18,5.1437135e-18,32
1416.043936288712,-6.640157e-18,2.780101e-17,32
1416.627564152196,-2.361732e-17,9.862581e-18,32
1417.211190948911,-3.456469e-18,2.1235397e-17,32
1417.7948166788626,-1.4193572e-17,2.340538e-17,32
1418.378441342057,-2.1867641e-17,1.298503e-17,32
1418.962064938499,-3.9896274e-17,4.9017725e-19,32
1419.545687468196,-2.879597e-17,4.1267466e-18,32
1420.1293089311525,-1.7346186e-17,1.7575828e-17,32
1420.7129293273752,-1.4899905e-17,1.2112536e-17,32
1421.2965486568694,-2.2100349e-17,1.5949314e-17,32
1421.8801669196414,-7.653726e-18,1.1523423e-18,32
1422.4637841156964,-3.9672303e-17,7.497982e-19,32
1423.0474002450412,-5.7212304e-17,6.1832754e-19,32
1423.631015307681,-7.998207e-17,1.850481e-17,48
1424.2146293036217,-2.0639106e-17,2.6505855e-17,32
1424.7982422328696,-2.865247e-17,1.8102646e-17,32
1425.3818540954296,-2.1707373e-17,2.9595953e-17,32
1425.9654648913086,-3.9564644e-17,8.306104e-19,32
1426.5490746205116,-3.9367537e-17,4.5186504e-19,32
1427.1326832830453,-3.94528e-17,5.696957e-19,32
1427.7162908789146,4.061887e-17,5.9701848e-18,32
1428.2998974081258,-1.2498853e-17,5.4788308e-18,32
1428.8835028706853,3.648199e-18,6.882374e-18,32
1429.467107266598,1.1176068e-16,1.4436782e-17,32
1430.0507105958707,-3.9257264e-17,5.0230987e-19,32
1430.634312858508,-3.299128e-17,9.028731e-18,32
1431.2179140545168,-3.9104133e-17,6.671916e-19,32
1431.8015141839026,3.9455946e-17,1.3703679e-17,32
1432.3851132466714,-1.78453e-17,2.6635542e-17,32
1432.9687112428287,-1.4173758e-17,3.4524848e-17,32
1433.5523081723807,-4.6531444e-17,1.4748569e-17,32
1434.1359040353332,-3.8682628e-17,5.024439e-19,32
1434.7194988316917,-8.60834e-18,2.3586534e-17,32
1435.3030925614623,-7.7869815e-18,8.9326134e-18,48
1435.886685224651,-3.8542676e-17,8.936822e-19,32
1436.4702768212637,-1.6340961e-17,1.9376891e-17,32
1437.0538673513058,-3.3961346e-17,9.261145e-18,32
1437.6374568147835,-2.5739397e-17,2.4309571e-17,32
1438.2210452117024,-2.584972e-18,2.0452876e-17,32
1438.8046325420687,4.275149e-17,9.006766e-17,32
1439.388218805888,-2.3391592e-17,1.9020654e-17,32
1439.971804003166,-3.7904446e-17,5.377235e-19,32
1440.5553881339088,-3.2079752e-19,1.2187378e-17,32
1441.1389711981224,-8.333178e-18,2.868372e-17,32
1441.7225531958122,-2.4347544e-17,1.7685578e-17,32
1442.3061341269845,-3.7615122e-17,4.025244e-19,32
1442.8897139916446,-1.29234555e-17,7.967084e-18,32
1443.473292789799,-2.586452e-17,3.3834787e-17,32
1444.056870521453,-1.8905913e-17,2.1951666e-17,32
1444.6404471866128,-3.724773e-17,3.794566e-19,32
1445.2240227852842,-2.3412049e-17,1.8392707e-17,32
1445.8075973174728,-2.5651011e-17,1.0619172e-17,32
1446.3911707831844,-2.0139039e-17,2.0021146e-17,32
1446.9747431824253,-3.3749373e-17,1.7187629e-17,48
1447.5583145152011,-3.3849978e-17,3.252954e-17,32
1448.1418847815178,2.1171959e-17,2.3970783e-17,32
1448.7254539813807,4.4933344e-17,2.952333e-17,32
1449.3090221147963,-1.5915577e-18,1.17116524e-17,32
1449.8925891817703,2.5230003e-17,8.56504e-18,32
1450.4761551823083,-1.5818474e-17,2.1701022e-17,32
1451.0597201164162,5.715577e-18,8.31135e-18,32
1451.6432839841002,-1.1498587e-17,2.8198395e-17,32
1452.2268467853655,-7.099446e-17,1.2350091e-18,32
1452.8104085202187,-3.6198575e-17,7.38473e-19,32
1453.3939691886649,-3.621109e-17,3.7712697e-19,48
1453.9775287907107,-2.1913e-18,7.2945774e-18,32
1454.561087326361,5.761678e-18,2.219782e-17,32
1455.144644795623,-2.3968222e-17,3.0245757e-17,48
1455.7282011985012,3.36239e-17,1.0131139e-17,48
1456.3117565350021,-1.5201447e-17,2.395935e-17,32
1456.8953108051314,-4.870815e-18,1.4342725e-17,32
1457.478864008895,3.4911625e-18,1.5095267e-17,32
1458.0624161462988,-1.4572558e-17,5.2001627e-18,32
1458.6459672173487,-2.5710664e-17,2.0426926e-17,32
1459.2295172220502,-1.2393579e-17,2.2231359e-17,32
1459.8130661604093,-5.30608e-18,1.4668222e-17,32
1460.3966140324324,2.1028779e-17,2.1718959e-17,32
1460.9801608381244,-1.4685531e-17,5.7821302e-18,32
1461.5637065774918,-3.4938425e-17,1.3055594e-18,32
1462.1472512505404,-3.4861666e-17,1.0820198e-18,32
1462.7307948572757,1.375114e-17,1.4780528e-17,32
1463.3143373977039,-6.840221e-17,1.1703067e-18,32
1463.8978788718302,-5.5882668e-18,4.1200506e-17,32
1464.4814192796616,2.4045603e-16,8.6646805e-17,32
1465.064958621203,-1.36813895e-17,4.2269158e-17,32
1465.6484968964605,1.4386165e-16,5.2730888e-17,32
1466.23203410544,-3.4192202e-17,5.788248e-19,32
1466.8155702481474,-8.645983e-18,1.8282086e-17,32
1467.3991053245882,5.536717e-17,8.778744e-18,32
1467.9826393347685,-3.0143583e-17,1.7667509e-17,32
1468.5661722786947,-4.9399954e-18,2.860995e-17,32
1469.1497041563716,1.6870221e-17,4.5432065e-17,32
1469.7332349678056,3.76564e-17,7.255074e-18,32
1470.3167647130028,-8.817396e-18,2.4660173e-17,32
1470.9002933919685,-3.330787e-17,1.1071822e-18,32
1471.4838210047085,-1.485154e-17,2.2170786e-17,32
1472.0673475512292,-4.8977966e-17,7.0563366e-19,32
1472.6508730315363,-3.300199e-17,6.432346e-19,32
1473.2343974456355,2.0418315e-17,2.056858e-17,32
1473.8179207935325,-2.890572e-17,1.7078957e-17,32
1474.4014430752334,-1.4873528e-17,1.867332e-17,32
1474.9849642907438,2.9247268e-18,3.9841353e-17,32
1475.5684844400698,-3.584456e-18,2.145533e-17,32
1476.1520035232172,-3.2433894e-17,6.148881e-19,32
1476.7355215401915,1.2491924e-17,3.2488594e-18,32
1477.3190384909992,-4.7641934e-17,6.9600724e-19,32
1477.9025543756456,1.3788028e-17,1.1805889e-17,32
1478.4860691941365,7.459901e-18,1.830275e-17,32
1479.0695829464782,-3.1812837e-17,1.1471432e-18,32
1479.6530956326762,1.8922931e-17,3.0649308e-17,32
1480.2366072527363,4.0911447e-17,7.602825e-17,32
1480.8201178066647,-3.1456785e-17,4.3109197e-19,32
1481.403627294467,2.1668084e-17,2.8004203e-17,32
1481.987135716149,-1.9819963e-18,4.6045608e-17,32
1482.5706430717166,-3.900873e-18,1.30298954e-17,32
1483.154149361176,-3.0859422e-17,3.1952488e-19,32
1483.7376545845323,-2.1339192e-17,9.2728005e-18,32
1484.3211587417923,-3.0573492e-17,7.119051e-19,32
1484.9046618329605,-8.560276e-19,1.2611958e-17,48
1485.4881638580441,1.31469e-17,2.1619581e-17,32
1486.0716648170483,1.0679052e-18,2.1700271e-17,32
1486.6551647099786,-1.1974646e-17,3.1911288e-17,32
1487.2386635368414,-3.010177e-17,2.7106946e-19,32
1487.822161297643,-1.0478327e-17,1.6679558e-17,32
1488.4056579923881,-6.2724266e-18,3.3516699e-18,32
1488.9891536210832,6.7159744e-16,1.3720086e-16,32
1489.5726481837341,-2.8301124e-17,3.6451007e-17,32
1490.1561416803463,5.1535533e-17,1.8831003e-17,32
1490.7396341109263,-1.2962887e-17,2.5571407e-17,32
1491.3231254754794,-1.8897861e-18,8.350727e-18,32
1491.906615774012,-1.0329376e-17,1.2006198e-17,32
1492.490105006529,-1.9757728e-17,9.447568e-18,32
1493.073593173037,-1.6721994e-17,9.195879e-18,32
1493.6570802735412,1.0111562e-17,1.5216722e-17,32
1494.2405663080485,4.4174633e-18,2.5616629e-17,32
1494.824051276564,-1.7477658e-17,7.010103e-18,32
1495.4075351790937,-2.8455337e-17,1.2201047e-18,32
1495.9910180156432,-2.8270896e-17,8.014661e-19,32
1496.5744997862187,-2.8227532e-17,1.9122657e-19,32
1497.1579804908256,-7.832845e-18,9.2328916e-18,32
1497.7414601294702,-2.796356e-17,5.570589e-19,32
1498.324938702158,-3.887309e-17,4.1202316e-17,32
1498.9084162088955,-4.6051035e-18,3.368674e-17,32
1499.4918926496875,-5.0654373e-18,5.4473102e-17,32
1500.0753680245411,-2.7583102e-17,7.3446706e-19,32
1500.6588423334608,6.553726e-19,2.2776716e-17,32
1501.2423155764534,-1.399574e-17,1.2808224e-17,32
1501.8257877535243,-4.8424688e-17,7.272719e-18,32
1502.4092588646797,1.6622256e-17,3.3897782e-17,32
1502.992728909925,1.4241833e-17,1.6608687e-17,32
1503.5761978892663,-2.681649e-17,4.8503503e-19,32
