trappist-1/STIS/TRAPPIST-1_G140L_coadd.ecsv
# %ECSV 0.9
# ---
# datatype:
# - {name: WAVELENGTH, unit: Angstrom, datatype: float64}
# - {name: FLUX, unit: erg / (Angstrom cm2 s), datatype: float32}
# - {name: ERROR, unit: erg / (Angstrom cm2 s), datatype: float32}
# - {name: DQ, datatype: int16}
# delimiter: ','
# schema: astropy-2.0
WAVELENGTH,FLUX,ERROR,DQ
1119.4229345994204,nan,nan,2564
1120.007105139106,nan,nan,2564
1120.5912746090437,nan,nan,2564
1121.1754430092396,nan,nan,2564
1121.7596103396997,nan,nan,2560
1122.3437766004297,nan,nan,512
1122.9279417914356,nan,nan,512
1123.512105912723,nan,nan,512
1124.096268964298,nan,nan,512
1124.680430946166,nan,nan,512
1125.2645918583341,nan,nan,512
1125.8487517008068,nan,nan,512
1126.4329104735907,nan,nan,512
1127.0170681766915,nan,nan,512
1127.6012248101151,nan,nan,512
1128.1853803738675,nan,nan,512
1128.7695348679542,nan,nan,512
1129.3536882923815,nan,nan,512
1129.9378406471549,nan,nan,512
1130.5219919322808,nan,nan,512
1131.1061421477648,nan,nan,512
1131.6902912936125,nan,nan,512
1132.27443936983,nan,nan,512
1132.8585863764233,nan,nan,512
1133.4427323133982,nan,nan,512
1134.0268771807605,nan,nan,512
1134.6110209785159,nan,nan,512
1135.1951637066707,nan,nan,512
1135.7793053652306,nan,nan,512
1136.363445954201,nan,nan,512
1136.9475854735888,nan,nan,512
1137.5317239233989,-5.737054e-14,1.043431e-13,0
1138.1158613036378,-7.9828514e-16,3.920555e-15,0
1138.699997614311,-4.094985e-15,1.4693044e-15,0
1139.2841328554246,-3.0646787e-15,7.539313e-16,0
1139.8682670269843,5.950625e-16,2.8332223e-15,0
1140.4524001289963,-2.260246e-15,1.5702278e-15,0
1141.036532161466,-2.3846862e-15,1.0011835e-17,0
1141.6206631243995,-9.528069e-16,2.337694e-16,0
1142.2047930178028,-2.1050432e-16,1.1295899e-15,0
1142.7889218416817,1.8069546e-16,7.1590907e-16,0
1143.373049596042,-7.8194053e-16,4.640063e-16,0
1143.9571762808896,-3.4826083e-16,2.7927023e-16,0
1144.5413018962304,-6.1672067e-16,1.8110279e-16,0
1145.1254264420702,-6.525455e-16,3.0247793e-16,0
1145.709549918415,1.266175e-16,3.7627798e-16,0
1146.2936723252706,-5.194472e-16,2.3872687e-16,0
1146.877793662643,-1.7739767e-16,2.1272723e-16,0
1147.4619139305375,-2.2118205e-16,1.8883923e-16,0
1148.0460331289607,-4.853882e-16,3.152709e-18,0
1148.6301512579184,-2.0161346e-16,1.5466233e-16,0
1149.214268317416,-1.8270587e-16,2.418912e-16,0
1149.7983843074603,-1.3346289e-16,1.849425e-16,0
1150.3824992280556,-3.5217774e-16,2.5974683e-18,0
1150.9666130792093,-4.4638438e-17,7.572491e-17,0
1151.5507258609266,-5.2512565e-17,6.143169e-17,0
1152.1348375732134,9.202686e-17,5.381403e-17,0
1152.7189482160757,-2.7841716e-16,6.395071e-18,0
1153.303057789519,5.4787537e-17,7.436186e-17,0
1153.88716629355,-1.3970396e-16,2.239108e-16,0
1154.4712737281736,-9.425319e-17,1.303842e-16,0
1155.0553800933963,-4.244923e-18,1.04193576e-16,0
1155.6394853892239,1.8793924e-17,4.0060575e-17,0
1156.223589615662,2.5190055e-17,1.7900028e-16,0
1156.8076927727166,2.1358222e-17,5.292736e-17,0
1157.3917948603937,-9.730545e-17,1.07510305e-16,0
1157.9758958786992,-1.2413346e-16,7.388666e-17,0
1158.5599958276387,-2.6924884e-17,1.6122757e-16,0
1159.1440947072183,-5.809222e-17,1.0797515e-16,0
1159.7281925174439,-1.1283286e-16,3.941562e-17,0
1160.312289258321,-8.912723e-17,6.238839e-17,0
1160.8963849298561,5.19873e-18,8.832402e-17,0
1161.4804795320545,4.8986394e-17,5.9025114e-17,0
1162.0645730649223,3.4103072e-17,8.728944e-18,0
1162.6486655284655,-2.3196027e-17,8.461427e-17,0
1163.2327569226898,-1.6392355e-18,6.151173e-17,0
1163.8168472476013,2.669491e-17,1.7048709e-16,0
1164.4009365032057,-7.914783e-17,7.6786223e-17,0
1164.9850246895085,1.0643113e-17,6.405477e-17,0
1165.569111806516,-1.6006593e-16,3.1186312e-18,0
1166.1531978542341,-2.2942356e-17,7.048362e-17,0
1166.7372828326688,-1.0645328e-16,4.7650805e-17,0
1167.3213667418256,-7.7906127e-17,1.128276e-16,0
1167.9054495817104,5.804586e-17,1.1536229e-16,0
1168.4895313523295,2.7246106e-16,1.1004021e-16,0
1169.073612053688,-1.04586884e-16,2.4665437e-17,0
1169.657691685793,-7.0807024e-17,6.401008e-17,0
1170.241770248649,-1.1965964e-18,5.191361e-17,0
1170.8258477422626,-2.5764894e-17,2.5267908e-17,0
1171.4099241666397,-5.2104103e-17,7.05914e-17,0
1171.993999521786,-1.0983158e-16,2.1717607e-17,0
1172.5780738077074,4.4365677e-17,6.2276106e-17,0
1173.16214702441,3.1917518e-17,5.859671e-17,0
1173.746219171899,-2.8860904e-17,3.6597207e-17,0
1174.330290250181,4.0958986e-17,4.427831e-17,0
1174.9143602592615,-1.3224146e-16,1.2859087e-18,0
1175.4984291991466,-2.4228717e-17,4.759282e-17,0
1176.082497069842,-7.451041e-20,3.9435584e-17,0
1176.6665638713534,-6.2759206e-17,2.6150437e-17,0
1177.250629603687,-1.04570764e-16,5.586814e-17,0
1177.8346942668488,8.1885415e-17,5.2362442e-17,0
1178.4187578608442,3.9474386e-17,6.3671017e-17,0
1179.0028203856793,-2.6162672e-18,6.952114e-18,0
1179.5868818413599,4.312554e-17,4.3326738e-17,0
1180.170942227892,-4.246318e-17,7.532047e-17,0
1180.7550015452816,1.6067888e-16,8.019827e-17,0
1181.3390597935343,-6.0352646e-17,5.993776e-17,0
1181.9231169726559,-3.53338e-17,2.8860815e-17,0
1182.5071730826526,8.870678e-18,2.3141747e-17,0
1183.0912281235298,-1.8868798e-18,2.629459e-17,0
1183.675282095294,-1.8324348e-17,2.2185376e-17,0
1184.2593349979506,3.2953675e-17,5.148246e-17,0
1184.8433868315058,-2.7481266e-18,1.6265994e-17,0
1185.427437595965,-3.0569383e-17,8.049765e-17,0
1186.0114872913348,1.1899433e-16,1.1184582e-16,0
1186.59553591762,-6.7274872e-18,3.3890212e-17,0
1187.1795834748275,1.2901878e-17,3.288895e-17,0
1187.7636299629628,6.9175864e-17,5.3482617e-17,0
1188.3476753820314,7.532191e-18,2.6845516e-17,0
1188.9317197320397,5.985175e-17,3.0073954e-17,0
1189.5157630129936,2.1680826e-17,3.0034627e-17,0
1190.0998052248983,5.690991e-18,5.4055684e-17,0
1190.6838463677605,3.6860406e-17,4.9911413e-17,0
1191.2678864415857,2.0150677e-17,5.4905234e-18,0
1191.8519254463795,-1.0619687e-17,5.9588245e-17,0
1192.4359633821482,-2.1033983e-18,5.3610598e-17,0
1193.0200002488973,4.0028527e-18,4.787051e-17,16
1193.604036046633,-9.258399e-18,7.209252e-17,0
1194.188070775361,5.2684546e-17,3.9870506e-17,0
1194.7721044350874,-2.3874951e-18,3.7143874e-17,0
1195.3561370258176,-1.4498914e-17,6.386618e-17,0
1195.9401685475577,1.4092933e-17,5.664983e-17,0
1196.524199000314,-2.580412e-17,1.8150503e-17,0
1197.1082283840917,5.0732062e-17,4.0432423e-17,0
1197.692256698897,2.2117765e-16,4.7412097e-17,0
1198.2762839447357,1.0058388e-16,1.0980962e-16,16
1198.860310121614,3.7054565e-17,2.6904766e-17,0
1199.4443352295373,2.5734697e-17,1.03928014e-17,0
1200.0283592685114,-1.0564321e-17,6.2363886e-17,0
1200.6123822385428,3.4129763e-17,1.35427854e-17,0
1201.1964041396368,8.6300845e-17,4.8796175e-17,0
1201.7804249717992,1.7027968e-17,7.435151e-17,0
1202.3644447350364,6.0504344e-17,4.8468794e-17,0
1202.9484634293538,4.1665037e-16,1.10308135e-16,16
1203.5324810547577,6.766085e-16,1.9465665e-16,0
1204.1164976112534,5.5010283e-17,5.302863e-17,0
1204.7005130988473,-1.8917838e-18,4.937349e-17,0
1205.2845275175448,-8.524739e-17,3.0497527e-17,0
1205.8685408673525,6.398923e-17,4.0407783e-17,0
1206.4525531482755,-1.075368e-17,1.3881692e-17,16
1207.03656436032,-7.56913e-17,8.186181e-17,16
1207.620574503492,6.082463e-17,6.875776e-17,0
1208.204583577797,5.621941e-17,5.0866248e-17,0
1208.788591583241,-1.1547604e-16,2.0167839e-16,0
1209.3725985198303,-1.36666045e-17,3.6375515e-16,0
1209.95660438757,-2.4100877e-16,3.0607774e-16,0
1210.5406091864666,3.13136e-16,1.7697864e-16,0
1211.1246129165258,-9.220563e-17,1.6424975e-16,16
1211.7086155777536,-6.41355e-17,4.3704454e-16,0
1212.2926171701552,8.3882096e-17,1.1702598e-16,0
1212.876617693737,-2.2119852e-17,2.4466078e-16,0
1213.4606171485052,6.099013e-17,3.5170131e-16,0
1214.0446155344653,-9.964826e-18,4.763417e-16,0
1214.6286128516226,-1.3424371e-16,1.733123e-16,0
1215.2126090999839,1.4514417e-17,2.7315566e-16,0
1215.796604279555,1.6630849e-16,6.732012e-17,0
1216.3805983903408,-3.1298333e-16,5.1274104e-17,0
1216.9645914323485,-1.4028851e-16,9.626113e-17,0
1217.5485834055828,-2.063727e-16,3.3166242e-16,0
1218.1325743100504,5.660677e-17,1.6509368e-16,0
1218.7165641457564,-1.0801689e-16,2.737884e-16,16
1219.3005529127076,-2.2061439e-16,3.4884425e-16,16
1219.884540610909,9.30606e-17,1.6867008e-16,0
1220.4685272403672,8.0959164e-17,2.963714e-16,0
1221.0525128010875,-1.3147367e-16,3.063863e-16,0
1221.636497293076,-4.155201e-17,6.1389e-17,0
1222.2204807163382,2.8086947e-17,1.9584819e-16,0
1222.8044630708807,4.2292018e-17,9.502924e-18,0
1223.388444356709,1.333188e-17,7.810103e-17,0
1223.972424573829,-8.737134e-18,7.162934e-17,0
1224.5564037222462,-1.2182015e-18,2.9117125e-17,0
1225.1403818019667,3.359672e-17,3.4355706e-17,0
1225.7243588129968,-1.20471494e-17,7.4941326e-17,0
1226.308334755342,1.1351708e-17,5.4502884e-17,0
1226.892309629008,-4.3260314e-18,8.09046e-17,0
1227.4762834340008,3.4942528e-17,3.4826997e-17,0
1228.0602561703267,3.6700733e-17,9.780948e-18,0
1228.6442278379907,4.3058262e-18,2.8784496e-17,16
1229.2281984369995,2.435875e-17,3.675092e-17,0
1229.8121679673584,3.61088e-17,1.7362481e-17,0
1230.3961364290737,9.886618e-18,2.3013594e-17,0
1230.9801038221508,1.7574721e-17,2.1039978e-18,0
1231.564070146596,-4.794262e-19,2.4654432e-17,16
1232.1480354024147,2.4589891e-17,3.3619006e-17,0
1232.7319995896132,4.3618395e-17,4.3250554e-17,16
1233.3159627081973,8.224374e-17,8.170489e-17,16
1233.8999247581726,8.746787e-18,2.9658597e-17,0
1234.4838857395455,-2.0746621e-17,1.4067872e-17,0
1235.0678456523212,3.336061e-19,1.411923e-17,0
1235.651804496506,-7.720875e-18,2.672156e-17,0
1236.2357622721056,1.021923e-17,5.3598806e-18,0
1236.819718979126,2.8596656e-17,1.5005266e-17,0
1237.403674617573,-3.965289e-17,1.7138294e-17,16
1237.987629187452,-2.8604203e-18,1.677294e-17,0
1238.57158268877,1.8996965e-17,2.202428e-17,16
1239.1555351215318,3.346314e-17,5.8888715e-17,0
1239.7394864857436,2.0787077e-17,3.2420335e-17,0
1240.3234367814111,-2.5266225e-17,1.8942352e-17,0
1240.907386008541,3.2460496e-17,8.381206e-18,0
1241.491334167138,2.3451168e-17,2.5917914e-18,0
1242.0752812572089,-2.2179966e-17,2.3467822e-17,0
1242.6592272787589,8.68895e-18,4.3252278e-17,0
1243.2431722317942,1.8888835e-17,5.8154404e-18,0
1243.8271161163207,-6.0244896e-18,7.347486e-18,0
1244.411058932344,1.8488656e-17,3.161784e-17,0
1244.9950006798701,6.284488e-18,3.4431389e-18,0
1245.5789413589052,1.0846716e-16,2.2789766e-17,16
1246.1628809694546,4.5371498e-18,9.455153e-18,0
1246.7468195115246,1.1592773e-18,1.0799198e-17,0
1247.3307569851206,-1.5071269e-17,2.01647e-17,0
1247.914693390249,9.444017e-18,3.8865716e-17,0
1248.4986287269153,-5.496162e-18,2.6335637e-17,0
1249.0825629951257,1.5169351e-17,5.9474927e-18,0
1249.6664961948854,-1.9548852e-17,7.212497e-18,0
1250.2504283262012,1.5726204e-17,3.5154e-17,0
1250.8343593890786,-5.0231817e-18,3.0697248e-17,0
1251.418289383523,3.2306633e-18,3.8112502e-17,0
1252.0022183095405,3.2043177e-17,1.1039189e-17,16
1252.5861461671375,-3.0371448e-17,1.1766233e-17,16
1253.1700729563192,5.6383877e-18,2.2309642e-17,0
1253.7539986770917,-2.2210205e-17,2.7904362e-17,0
1254.3379233294609,7.530647e-18,2.3387506e-17,0
1254.9218469134325,1.24168305e-17,4.0718138e-17,0
1255.5057694290126,6.1585635e-17,3.5855358e-17,16
1256.0896908762072,1.9040009e-17,2.137475e-17,0
1256.6736112550218,3.0229547e-17,2.3940867e-17,16
1257.2575305654623,1.6344325e-17,1.1778766e-17,0
1257.8414488075346,-1.5377855e-17,3.829905e-18,16
1258.4253659812448,-6.0837538e-18,2.4626002e-17,0
1259.0092820865984,-1.3284528e-17,3.5443862e-17,0
1259.5931971236016,1.0461033e-18,6.7774804e-18,0
1260.17711109226,5.9161466e-17,2.1474919e-17,16
1260.7610239925796,9.303465e-18,2.7410594e-18,0
1261.3449358245662,-1.3710906e-17,1.407719e-17,0
1261.928846588226,1.9981097e-17,2.6900165e-17,0
1262.5127562835642,-5.4305962e-18,1.6044121e-17,16
1263.0966649105874,-1.375042e-17,2.812749e-17,0
1263.6805724693008,-5.809787e-18,2.3347983e-17,0
1264.2644789597107,-1.3630747e-17,6.2554446e-18,16
1264.8483843818226,-2.7290425e-17,1.228112e-17,0
1265.4322887356427,-2.030827e-17,2.597442e-17,0
1266.0161920211767,-9.980159e-18,5.1536036e-17,0
1266.6000942384308,-2.3140785e-17,1.1257691e-17,0
1267.1839953874105,-2.1600993e-17,2.3953964e-17,0
1267.7678954681217,-1.7294525e-17,1.9743446e-17,0
1268.35179448057,7.06881e-17,3.7958332e-17,0
1268.935692424762,-1.5207704e-17,2.4003625e-17,0
1269.5195893007028,-3.8159446e-18,1.972258e-17,0
1270.1034851083987,-1.0532406e-17,3.2276568e-17,0
1270.687379847856,5.648937e-18,1.5072152e-17,0
1271.2712735190792,6.0424955e-17,3.894986e-17,48
1271.8551661220754,-1.3647346e-17,3.1131045e-17,32
1272.43905765685,1.6787611e-16,4.0606462e-17,32
1273.0229481234087,-1.18571005e-17,2.5283768e-17,32
1273.606837521758,-7.315289e-18,1.8378974e-17,48
1274.1907258519032,2.8157185e-17,1.3799489e-17,32
1274.7746131138501,-8.519411e-18,1.8337097e-17,32
1275.3584993076047,-3.831836e-17,1.3030659e-17,32
1275.9423844331732,-2.7290086e-17,1.7686344e-17,32
1276.526268490561,1.588391e-17,2.961758e-17,32
1277.1101514797742,1.0356469e-17,1.7603378e-17,32
1277.6940334008186,-2.4279065e-17,1.265973e-17,32
1278.2779142537004,3.7575817e-18,2.2629297e-17,32
1278.8617940384245,-7.464824e-18,5.3695466e-18,32
1279.445672754998,-1.0263583e-17,2.9579363e-17,32
1280.0295504034257,-8.7976324e-18,1.2533918e-17,32
1280.6134269837141,-1.5352198e-17,2.287771e-17,32
1281.1973024958688,-3.6365945e-18,2.8867e-17,32
1281.781176939896,-6.073562e-18,9.990389e-18,48
1282.365050315801,1.4429329e-17,6.1037054e-18,32
1282.9489226235903,-1.8631079e-17,2.7936242e-17,32
1283.5327938632693,1.541411e-17,1.0495199e-17,32
1284.116664034844,-6.3734738e-18,1.845048e-17,32
1284.7005331383202,-1.1013041e-17,2.3410239e-17,32
1285.2844011737038,9.038475e-19,2.5792201e-17,32
1285.8682681410007,-1.0896588e-17,1.521687e-17,32
1286.4521340402168,-3.387618e-18,1.9671687e-17,32
1287.0359988713578,5.534797e-18,7.0904905e-18,32
1287.6198626344299,2.6462396e-17,2.1643771e-17,32
1288.2037253294384,-5.2883464e-18,1.01268265e-17,32
1288.7875869563895,3.3844533e-18,4.316643e-17,32
1289.3714475152894,2.9552374e-17,1.4813452e-17,32
1289.9553070061434,8.653906e-18,1.8858484e-17,32
1290.5391654289574,-2.8632728e-17,2.799677e-17,32
1291.123022783738,3.467909e-17,1.8327179e-17,32
1291.70687907049,2.6118701e-17,3.2692405e-17,32
1292.2907342892195,5.717132e-18,6.5775367e-18,32
1292.8745884399332,-1.0618027e-17,1.2609259e-17,32
1293.458441522636,-3.2741817e-17,3.9310693e-17,32
1294.0422935373344,-1.5899856e-17,1.5304411e-17,48
1294.6261444840338,1.5296674e-17,3.0928313e-17,48
1295.2099943627402,-3.2691333e-17,7.926575e-18,32
1295.7938431734597,3.6023524e-17,3.4466095e-17,32
1296.377690916198,-2.7054858e-17,1.0765865e-17,32
1296.961537590961,5.2658582e-17,1.5019583e-17,32
1297.545383197754,3.0160825e-17,3.9087106e-17,32
1298.129227736584,1.0321376e-17,3.7459003e-17,32
1298.7130712074559,-6.4507336e-17,7.727959e-17,32
1299.2969136103757,-1.8719415e-17,2.6764517e-17,32
1299.88075494535,2.984884e-17,2.2714767e-17,32
1300.4645952123835,-6.3651685e-18,2.7143437e-17,32
1301.0484344114834,-1.2258426e-17,1.1876978e-17,32
1301.6322725426544,2.0699545e-17,1.6597576e-17,32
1302.2161096059024,-7.916002e-18,6.245623e-17,32
1302.799945601234,-4.18845e-18,4.8812193e-17,32
1303.3837805286548,2.7797345e-17,4.3766598e-18,32
1303.9676143881707,-3.6833492e-17,2.0020924e-17,32
1304.5514471797871,-4.4791906e-17,3.2815956e-17,32
1305.1352789035102,-7.890125e-18,1.38829e-17,32
1305.719109559346,-8.479673e-17,5.1505883e-17,32
1306.3029391473,1.403995e-17,2.5309862e-17,32
1306.8867676673783,5.238541e-17,5.597385e-17,32
1307.4705951195872,2.5328982e-16,8.075045e-18,32
1308.0544215039315,1.7956424e-17,4.755844e-17,32
1308.638246820418,2.1911737e-18,5.7363023e-17,32
1309.222071069052,2.4809176e-17,3.581235e-17,32
1309.8058942498399,-2.7692877e-17,4.0705316e-17,32
1310.3897163627867,-3.7038077e-17,4.108123e-17,32
1310.973537407899,-1.5197435e-17,6.448545e-18,32
1311.5573573851823,2.5432002e-17,3.1637567e-17,32
1312.141176294643,-1.30290145e-17,1.6821816e-17,32
1312.724994136286,3.3383928e-17,2.1448606e-17,32
1313.3088109101184,2.3906765e-17,5.236121e-18,32
1313.892626616145,-7.72484e-18,1.7922114e-17,32
1314.476441254372,-2.0651158e-17,1.9287423e-17,32
1315.060254824805,-1.8534504e-17,4.3152883e-18,48
1315.6440673274508,-1.9816918e-17,8.688845e-18,32
1316.2278787623143,-2.0974595e-17,7.476388e-18,32
