trappist-1/STIS/.ipynb_checkpoints/b17_g140m_out_of_transit-checkpoint.ecsv
# %ECSV 0.9
# ---
# datatype:
# - {name: WAVELENGTH, datatype: float64}
# - {name: FLUX, datatype: float64}
# - {name: ERROR, datatype: float64}
# schema: astropy-2.0
WAVELENGTH FLUX ERROR
[from data line 748]
1234.5619172063284 -8.794469802000012e-17 9.229531646490287e-20
1234.6152532713845 -8.816282366871841e-17 9.259031185760755e-20
1234.6685893364406 2.757658205438015e-17 8.259351769074659e-17
1234.7219254014967 4.1690311264467123e-16 2.6724935491463477e-16
1234.7752614665528 5.732385282284863e-16 2.7096437068175225e-16
1234.828597531609 -8.621737926402527e-17 9.006799162698304e-20
1234.881933596665 -8.643729760431384e-17 9.041162219952609e-20
1234.9352696617211 -8.714941577882225e-17 9.131669767652624e-20
1234.9886057267772 -8.770838627320216e-17 9.217343485067947e-20
1235.0419417918333 -8.731557984557315e-17 9.169026607495241e-20
1235.0952778568894 -8.667846176021757e-17 9.088743027828902e-20
1235.1486139219455 -8.622026406449358e-17 9.025287497139289e-20
1235.2019499870016 3.321598343623746e-17 8.35681129123556e-17
1235.2552860520577 1.0643598234636263e-16 1.361013355023174e-16
1235.3086221171138 -8.69309788856513e-17 9.123448989004146e-20
1235.36195818217 -8.646046218584048e-17 9.06415313847474e-20
1235.415294247226 -1.6626694001896096e-16 7.174355139062774e-18
1235.4686303122821 -2.8606534389976345e-16 1.7763811586576823e-17
1235.5219663773382 -1.8672160120249392e-16 9.04373100922082e-18
1235.5753024423943 -8.566411501052403e-17 8.965455919359454e-20
1235.6286385074504 -8.556648607839235e-17 8.95296087780735e-20
1235.6819745725065 -5.486578071514365e-17 4.402954316523923e-17
1235.7353106375626 7.28568137715834e-17 1.4648915749704048e-16
1235.7886467026187 1.277756811081223e-16 1.5114047696094348e-16
1235.8419827676748 -8.401621229496793e-17 8.75715494602205e-20
1235.895318832731 -8.472595204399523e-17 8.852219784726213e-20
1235.948654897787 -8.549927958563769e-17 8.959145388700594e-20
1236.0019909628431 8.648471842246668e-18 7.923962193918387e-17
1236.0553270278992 5.161737430503076e-17 1.1604617700947293e-16
1236.1086630929553 2.76351167962099e-17 7.922007265729169e-17
1236.1619991580114 1.1731309876897774e-16 1.4315226700439849e-16
1236.2153352230675 -8.481823403866223e-17 8.877720733408237e-20
1236.2686712881236 2.7733433712229636e-17 7.966207578732723e-17
1236.3220073531797 1.139830294609223e-16 1.4066782545731886e-16
1236.3753434182358 -8.525242064256245e-17 8.946986505736447e-20
1236.428679483292 -8.485858373067404e-17 8.894675779710048e-20
1236.482015548348 4.216450189401907e-17 9.016247183600877e-17
1236.5353516134041 9.072422189501353e-17 1.2366783447317807e-16
1236.5886876784602 3.4026922089218206e-17 8.400467102116344e-17
1236.6420237435163 1.1637483559648253e-16 1.4160646555921977e-16
1236.6953598085724 -8.40561949487315e-17 8.815149490510267e-20
1236.7486958736285 -8.493959924647358e-17 8.933311800201443e-20
1236.8020319386846 -8.446551755095826e-17 8.879413174031202e-20
1236.8553680037408 -8.450213976075785e-17 8.885900682103701e-20
1236.9087040687969 4.79972991541734e-17 9.376037610904525e-17
1236.962040133853 2.0962520042677855e-16 2.0797673795824272e-16
1237.015376198909 1.1152612208045322e-16 1.3866617017463124e-16
1237.0687122639652 -8.337092651299732e-17 8.74261534761535e-20
1237.1220483290213 5.17269121512902e-17 9.616130082606741e-17
1237.1753843940774 8.598047390267689e-17 1.2058503566934457e-16
1237.2287204591335 -8.454267522567755e-17 8.91251460025482e-20
1237.2820565241896 -8.366948088205805e-17 8.801807811884331e-20
1237.3353925892457 -8.386381789159856e-17 8.831782281077401e-20
1237.3887286543018 -8.373612833958943e-17 8.818303220003782e-20
1237.4420647193579 5.557808135889809e-17 9.833650075448855e-17
1237.495400784414 8.278931590390588e-17 1.1778142461790415e-16
1237.54873684947 -8.566835420678157e-17 9.084529131942044e-20
1237.6020729145262 -2.4589563296890746e-16 1.0202544463303254e-17
1237.6554089795823 -1.6791273280294342e-16 1.020877761594378e-16
1237.7087450446384 2.431541530385679e-16 2.321904113749779e-16
1237.7620811096945 8.539870130353578e-17 1.2018821402280394e-16
1237.8154171747506 -8.432130933878361e-17 8.928439542903561e-20
1237.8687532398067 -8.556424757265401e-17 9.107643516358377e-20
1237.9220893048628 6.369823203487817e-17 1.0430695888806513e-16
1237.9754253699189 8.08448073656602e-17 1.1645612694561102e-16
1238.028761434975 -8.330077631368049e-17 8.817133532746034e-20
1238.082097500031 -3.2045643843053884e-17 5.819476112220394e-17
1238.1354335650872 -1.416490608663537e-17 7.847786399902593e-17
1238.1887696301433 -8.392200341662982e-17 8.918726755753017e-20
1238.2421056951994 1.0216082226891276e-16 1.119085484278057e-16
1238.2954417602555 2.9517593027867595e-16 2.4209446194724417e-16
1238.3487778253116 9.285857834692647e-17 1.2387318019090875e-16
1238.4021138903677 -8.242610455964691e-17 8.738703724134939e-20
1238.4554499554238 5.350320441498349e-17 9.682310900181217e-17
1238.5087860204799 9.183478319930639e-17 1.2327305349255541e-16
1238.562122085536 6.973312090826231e-17 1.0843703845113071e-16
1238.615458150592 4.2266220179682516e-16 3.174781531398122e-16
1238.6687942156482 3.7305583692098177e-16 3.0209231531252073e-16
1238.7221302807043 3.080584998854396e-17 9.888656283518445e-17
1238.7754663457604 2.0817838483005176e-16 2.0593825926829805e-16
1238.8288024108165 2.344365029846042e-16 2.2428215932277373e-16
1238.8821384758726 -8.29660633864756e-17 8.856223062463451e-20
1238.9354745409287 -8.296512292067619e-17 8.859995805551871e-20
1238.9888106059848 -8.23692092267429e-17 8.7804962070414e-20
1239.0421466710409 5.879682370882158e-17 9.98418203007079e-17
1239.095482736097 8.191298733535215e-17 1.158978265631802e-16
1239.148818801153 -8.282206917740949e-17 8.861627187461902e-20
1239.2021548662092 7.086934808038767e-17 1.0829278815658805e-16
1239.2554909312653 5.881224710201583e-17 9.930743744325832e-17
1239.3088269963214 -8.147444784859035e-17 8.694409769516147e-20
1239.3621630613775 -8.060740784376245e-17 8.581602404131139e-20
1239.4154991264336 -8.180116000968871e-17 8.748345551172977e-20
1239.4688351914897 -8.150699119448413e-17 8.715061488345988e-20
1239.5221712565458 -8.126859790634635e-17 8.689138665677836e-20
1239.575507321602 7.224177621074678e-17 1.0866274430970401e-16
1239.628843386658 3.745976788155932e-16 2.6207878410904095e-16
1239.682179451714 3.7952665705975047e-16 2.6177188182347384e-16
1239.7355155167702 7.81906074264125e-17 1.1224376279332537e-16
1239.7888515818263 -8.057100474361425e-17 8.624299781063883e-20
1239.8421876468824 8.558397103213924e-17 1.1764511830722504e-16
1239.8955237119385 1.9932176725279912e-16 1.9790037028896703e-16
1239.9488597769946 2.1653017620320744e-16 2.1054012611702893e-16
1240.0021958420507 3.5434456040086225e-16 2.5472996183581694e-16
1240.0555319071068 1.9866296281843284e-16 1.4476921511456657e-16
1240.108867972163 -8.036093070737545e-17 8.635557293820087e-20
1240.162204037219 6.994490444070913e-17 1.0556560989739117e-16
1240.215540102275 6.466059067130551e-17 1.0197865250088342e-16
1240.2688761673312 -7.92262512212518e-17 8.49393175008509e-20
1240.3222122323873 -7.947479249019935e-17 8.534264296083776e-20
1240.3755482974434 9.94938834897709e-17 1.5385211924874783e-16
1240.4288843624995 8.514545439410334e-17 1.3647564578769095e-16
1240.4822204275556 -7.994484121322375e-17 8.616000407594124e-20
1240.5355564926117 -8.012532591923829e-17 8.652739167661932e-20
1240.5888925576678 -7.951882489380391e-17 8.576154639068325e-20
1240.642228622724 7.851565908582059e-17 1.1134762575958116e-16
1240.69556468778 6.084520476144049e-17 9.907190344647633e-17
1240.748900752836 -7.857804042569119e-17 8.465436333757808e-20
1240.8022368178922 -7.928915848874579e-17 8.566032048652529e-20
1240.8555728829483 8.763059993878988e-17 1.174444010452185e-16
1240.9089089480044 3.610323506872683e-17 8.13919252285424e-17
1240.9622450130605 -8.031952751130697e-17 8.73047550852685e-20
1241.0155810781166 -7.906518986953912e-17 8.570654888325922e-20
1241.0689171431727 9.774069358895117e-17 1.2444089446041068e-16
1241.1222532082288 3.796026069629163e-17 8.295360769968543e-17
1241.175589273285 -7.850356930012055e-17 8.518940611218707e-20
1241.228925338341 -7.754309490302516e-17 8.39058926203079e-20
1241.2822614033971 -7.911092590988579e-17 8.609844543695284e-20
1241.3355974684532 -7.94488174523701e-17 8.664753735159949e-20
1241.3889335335093 -7.242471629382437e-17 2.1405228362874614e-17
1241.4422695985654 -7.531592275043069e-17 1.66898649130725e-17
1241.4956056636215 -7.897572830383516e-17 8.626863145129444e-20
1241.5489417286776 9.231907800656173e-17 1.1996848463243231e-16
1241.6022777937337 2.182115731568621e-16 2.085813979440072e-16
1241.6556138587898 4.7768556631216896e-17 8.831529276219384e-17
1241.708949923846 8.951794064032335e-17 1.1815827082288147e-16
1241.762285988902 4.476916799733073e-17 8.673886135002615e-17
1241.8156220539581 -7.780373466905352e-17 8.498079008658209e-20
1241.8689581190142 -7.831952985807088e-17 8.571532087912358e-20
1241.9222941840703 9.281931439522579e-17 1.2020680799774857e-16
1241.9756302491264 2.278901568861487e-16 2.1477513493747286e-16
1242.0289663141825 2.6561371189970033e-17 7.287788280707084e-17
1242.0823023792386 -7.613959321353297e-17 8.29841315358288e-20
1242.1356384442947 -7.69341349735902e-17 8.408251533914633e-20
1242.1889745093508 -5.568896326636448e-17 4.371787029169391e-17
1242.242310574407 -6.363977294419128e-17 2.929877494590392e-17
1242.295646639463 -7.599985894432309e-17 8.306944609632924e-20
1242.3489827045191 -7.651031311772017e-17 8.385344488862154e-20
1242.4023187695752 1.1059534353218149e-16 1.3203766023598505e-16
1242.4556548346313 2.09233851869285e-16 2.019045687395732e-16
1242.5089908996874 1.9907467038006433e-17 6.810900706404602e-17
1242.5623269647435 4.614667590050302e-16 3.194467861797067e-16
1242.6156630297996 2.3401833316533457e-16 1.8074896460968609e-16
1242.6689990948557 -7.597850339360574e-17 8.368661299639242e-20
1242.7223351599118 -7.593752083390931e-17 8.366844310671755e-20
1242.775671224968 -7.578908378833768e-17 8.359382447723172e-20
1242.829007290024 1.2907645283692677e-16 1.4503157010090453e-16
1242.8823433550801 3.9987325762736094e-16 3.3701508546681036e-16
1242.9356794201362 1.220486364363095e-16 1.4000609741855933e-16
1242.9890154851923 -7.645842821176955e-17 8.48473473960774e-20
1243.0423515502484 -7.698574554195454e-17 8.562466361451231e-20
1243.0956876153045 -7.632675066318137e-17 8.481442624842041e-20
1243.1490236803606 -7.655147558684791e-17 8.522449595214218e-20
1243.2023597454167 -7.596597752569901e-17 8.447762186177073e-20
1243.2556958104728 -7.599494291481867e-17 8.453306025321846e-20
1243.309031875529 2.9441441635056135e-16 1.8491519294207473e-16
1243.362367940585 1.2097297980792038e-16 9.833493044458591e-17
1243.4157040056411 -7.584341459580618e-17 8.456494496494582e-20
1243.4690400706972 -7.458352267888002e-17 8.294076889098753e-20
1243.5223761357533 -7.44625042537542e-17 8.284045705020378e-20
1243.5757122008094 -7.556558068702448e-17 8.452402119571028e-20
1243.6290482658655 3.2129692516340946e-16 2.8032895479827673e-16
1243.6823843309216 9.910610361746132e-17 1.2319524033235378e-16
1243.7357203959778 3.9370727490922976e-17 1.0443192493369935e-16
1243.7890564610339 3.789224681281452e-16 3.31967492927177e-16
1243.84239252609 9.39769636415887e-17 1.1883033200099266e-16
1243.895728591146 -7.448755008017233e-17 8.34474827465826e-20
1243.9490646562022 -7.550017616889969e-17 8.491707918772394e-20
1244.0024007212583 -7.542734943425229e-17 8.491420128069973e-20
1244.0557367863144 4.678561815335775e-16 3.2317403381421894e-16
1244.1090728513705 1.2389239442614485e-16 1.2299721907006112e-16
1244.1624089164266 -7.36205968161752e-17 8.269366079463372e-20
1244.2157449814827 -7.375053425929518e-17 8.294606933807514e-20
1244.2690810465388 -7.215027741355423e-17 8.083668973468068e-20
1244.3224171115949 -7.349669391875275e-17 8.270830882413001e-20
1244.375753176651 -7.449990601426146e-17 8.415581609356075e-20
1244.429089241707 3.549664117442515e-16 2.1478217332920526e-16
1244.4824253067632 6.243877650945202e-17 6.736875920612544e-17
1244.5357613718193 -7.365453648012582e-17 8.336405516278099e-20
1244.5890974368754 -7.226875017601763e-17 8.150313481780661e-20
1244.6424335019315 -7.308235704059346e-17 8.264248176350097e-20
1244.6957695669876 3.3432399761396654e-16 2.0371691147134288e-16
1244.7491056320437 3.0579583620732624e-16 2.366292524168264e-16
1244.8024416970998 -8.518685681396545e-18 4.5372052337464e-17
1244.8557777621559 -7.273598911481916e-17 8.257976797845147e-20
1244.909113827212 -7.303681134862308e-17 8.298323716444471e-20
1244.962449892268 -7.442768230727744e-17 8.515470387969273e-20
1245.0157859573242 1.519252791563777e-16 1.5869448133344337e-16
1245.0691220223803 -1.6074901508781254e-17 4.1694930397242574e-17
1245.1224580874364 -7.195052307289031e-17 8.2009254226999e-20
1245.1757941524925 -7.160212019427621e-17 8.156507988467461e-20
1245.2291302175486 -7.154324755992563e-17 8.153718751825155e-20
1245.2824662826047 -7.138496349131521e-17 8.152392822262732e-20
1245.3358023476608 1.4264000876462485e-16 1.5168571183253354e-16
1245.3891384127169 4.574771893623688e-16 3.748429637864299e-16
1245.442474477773 5.423370898528143e-17 8.881247018301719e-17
1245.495810542829 -7.322622921847343e-17 8.436807321288814e-20
1245.5491466078852 -7.138490156366376e-17 8.20501391942249e-20
1245.6024826729413 -7.103786907322546e-17 8.161568060956464e-20
1245.6558187379974 1.4306563262735452e-16 1.5209181929072425e-16
1245.7091548030535 -7.517792682869612e-18 4.4145546642545674e-17
1245.7624908681096 -7.112504335033754e-17 8.196343230994019e-20
1245.8158269331657 -7.237794519311712e-17 8.402142507260355e-20
1245.8691629982218 1.627068547048967e-16 1.6563523064476618e-16
1245.9224990632779 -2.4431686356329478e-17 3.1990247195779793e-17
1245.975835128334 1.6363979567128887e-16 1.6668509397222327e-16
1246.02917119339 -2.5816948304672945e-17 3.0805068474103906e-17
1246.0825072584462 -6.980207786101267e-17 8.088835249811475e-20
1246.1358433235023 -7.051509404704721e-17 8.197167221872908e-20
1246.1891793885584 -6.972395671320452e-17 8.103110175981562e-20
1246.2425154536145 -6.989162565359398e-17 8.126146425801624e-20
1246.2958515186706 1.5487247789011406e-16 1.589769505025532e-16
1246.3491875837267 -1.764150492584143e-17 3.715664791327186e-17
1246.4025236487828 1.6091734202980162e-16 1.6346762081722285e-16
1246.455859713839 2.2879959610568654e-16 2.1158591058189233e-16
1246.509195778895 -3.362923639724706e-17 2.5948996164959047e-17
1246.562531843951 -6.986389159652811e-17 8.201767077244261e-20
1246.6158679090072 -6.936554263504628e-17 8.142237744697701e-20
1246.6692039740633 -7.082447399939551e-17 8.363336194102573e-20
1246.7225400391194 -6.912131401018045e-17 8.137341384750892e-20
1246.7758761041755 -7.101652852339949e-17 8.417792665795357e-20
1246.8292121692316 3.372575778068028e-16 3.137986016090598e-16
1246.8825482342877 2.409859387311795e-16 2.247452970204527e-16
1246.9358842993438 2.0038780431121913e-16 1.9031757197557109e-16
1246.9892203644 -4.199044509770572e-17 1.9232192208741155e-17
1247.042556429456 -6.801398333916616e-17 8.059867140753863e-20
1247.095892494512 -6.821908082592802e-17 8.109039500898727e-20
1247.1492285595682 3.959810111997743e-16 2.3166943224454064e-16
1247.2025646246243 2.622632598966518e-16 2.1889087211682598e-16
1247.2559006896804 -4.2089121844507557e-17 1.7121509547921063e-17
1247.3092367547365 -6.854190400809665e-17 8.20477324013575e-20
1247.3625728197926 -6.696161502115965e-17 8.004151360013625e-20
1247.4159088848487 -6.723499028634832e-17 8.050164758757625e-20
1247.4692449499048 -6.73771437075521e-17 8.084595005321594e-20
1247.522581014961 -6.678361041834596e-17 8.023506391341412e-20
1247.575917080017 -6.708640766941441e-17 8.07417176931092e-20
1247.629253145073 1.8005235022325405e-16 1.7525594119558248e-16
1247.6825892101292 -3.595865502288535e-17 2.2199083899093513e-17
1247.7359252751853 -6.810886308452174e-17 8.269281594586612e-20
1247.7892613402414 -6.922875024550942e-17 8.45908342183264e-20
1247.8425974052975 -6.57771053677978e-17 7.976645563280647e-20
