trappist-1/STIS/.ipynb_checkpoints/b17_g140m_out_of_transit-checkpoint.ecsv
# %ECSV 0.9
# ---
# datatype:
# - {name: WAVELENGTH, datatype: float64}
# - {name: FLUX, datatype: float64}
# - {name: ERROR, datatype: float64}
# schema: astropy-2.0
WAVELENGTH FLUX ERROR
[from data line 498]
1221.2279009423032 -9.99720013809168e-17 1.0573639832040263e-19
1221.2812370073593 -9.803355062831821e-17 1.0324273576913398e-19
1221.3345730724154 -1.0160799759810642e-16 1.0783532593013253e-19
1221.3879091374715 -9.871844191853822e-17 1.0407840211869132e-19
1221.4412452025276 -1.0082285277103504e-16 1.0665658731231045e-19
1221.4945812675837 -9.823567556197155e-17 1.0321491392692061e-19
1221.5479173326398 -9.987284495566145e-17 1.0531715637436356e-19
1221.601253397696 -4.9098687576626196e-17 3.363403348977269e-17
1221.654589462752 2.5713134847429386e-16 2.5309074867247854e-16
1221.7079255278081 -2.7701489456327783e-17 4.986326948094568e-17
1221.7612615928642 2.3699293755371418e-16 2.3906390794809895e-16
1221.8145976579203 -9.853325155217099e-17 1.0394926500154079e-19
1221.8679337229764 -1.0156671317195754e-16 1.0802037781705155e-19
1221.9212697880325 -9.628658025669156e-17 1.0121891998338172e-19
1221.9746058530886 -3.397876575069371e-17 4.6932248451595244e-17
1222.0279419181447 2.787711944777575e-16 2.677980058098456e-16
1222.0812779832008 1.8131061378832444e-16 2.0634211534559272e-16
1222.134614048257 -9.902003811519199e-17 1.0459906254559202e-19
1222.187950113313 -9.56714503674147e-17 1.0056580847810673e-19
1222.2412861783691 -9.874162019596469e-17 1.0430119901444407e-19
1222.2946222434252 -9.792038161675606e-17 1.0334029575080394e-19
1222.3479583084813 -9.737619197357151e-17 1.0266116542727773e-19
1222.4012943735374 -9.930960085871299e-17 1.0494542540885451e-19
1222.4546304385935 -9.745247910844586e-17 1.027055537730443e-19
1222.5079665036496 -9.728385972401388e-17 1.023001859024948e-19
1222.5613025687057 -5.0915777862908513e-17 3.259756883594421e-17
1222.6146386337618 2.447290018082977e-16 2.4282139637639456e-16
1222.667974698818 -5.249817899371794e-17 3.2054930010746194e-17
1222.721310763874 2.833511214126629e-16 2.7009291672637864e-16
1222.7746468289301 2.8489481792287313e-16 2.7010756751686073e-16
1222.8279828939862 2.4542893005491633e-16 2.428551355924841e-16
1222.8813189590423 -1.3177161618315456e-16 3.3992112507441623e-18
1222.9346550240984 -3.332643363658291e-16 2.1827563611916086e-17
1222.9879910891545 -2.5266346358497357e-16 1.440324400684661e-17
1223.0413271542106 -5.155276555741751e-17 3.863208486361154e-17
1223.0946632192667 1.260223833307993e-16 1.8239394614683087e-16
1223.1479992843229 -9.569416452297366e-17 1.0042253415873563e-19
1223.201335349379 -4.001848272620802e-17 3.64025922156611e-17
1223.254671414435 4.2146065721817094e-16 3.1101940077565605e-16
1223.3080074794912 6.023714941641601e-16 3.595975164949163e-16
1223.3613435445473 3.0693568403249435e-16 2.8830481740666927e-16
1223.4146796096034 2.0742565354883824e-16 2.1396637650004082e-16
1223.4680156746595 -5.189673343777911e-17 3.075708841277271e-17
1223.5213517397156 2.1914080892851146e-16 2.228578996639631e-16
1223.5746878047717 -1.300940075894735e-16 3.4380392697690933e-18
1223.6280238698278 -3.245880421525665e-16 2.156924330707842e-17
1223.6813599348839 -7.504181874103785e-17 1.0882289656902659e-16
1223.73469599994 8.955965765784062e-16 5.628330045492003e-16
1223.788032064996 -9.649128972562787e-17 1.0146806217648176e-19
1223.8413681300522 -9.434367325090415e-17 9.880942742030307e-20
1223.8947041951083 -4.701147587805469e-17 3.44144182515349e-17
1223.9480402601644 2.4760167930945795e-16 2.447927291135448e-16
1224.0013763252205 -4.7748357461502003e-17 3.22934327438694e-17
1224.0547123902766 2.9396316180294675e-16 2.7553265877486566e-16
1224.1080484553327 2.0763308877402118e-16 2.162088637949473e-16
1224.1613845203888 -9.505665766945713e-17 9.958897488837488e-20
1224.2147205854449 -9.523427882168589e-17 9.977943941632677e-20
1224.268056650501 -9.806124398280775e-17 1.0347528954594307e-19
1224.321392715557 -9.651637369481559e-17 1.0142405596395774e-19
1224.3747287806132 -9.403114484478554e-17 9.82516344561601e-20
1224.4280648456693 -5.0805066324662974e-17 3.328521067382469e-17
1224.4814009107254 2.296694687774489e-16 2.300922721159728e-16
1224.5347369757815 1.5250156576628404e-17 7.895101720201982e-17
1224.5880730408376 5.80437433427823e-16 4.777813367309701e-16
1224.6414091058937 2.03953744596552e-16 2.1309286840080976e-16
1224.6947451709498 -2.655763946664056e-17 4.857475956129149e-17
1224.7480812360059 2.3059644293173203e-16 2.3856607906808244e-16
1224.801417301062 3.73866452880181e-17 1.4720459954323136e-16
1224.854753366118 -9.511401487624185e-17 9.95860638454103e-20
1224.9080894311742 -9.410074531044995e-17 9.82960406794876e-20
1224.9614254962303 -9.466860190926624e-17 9.906321272009958e-20
1225.0147615612864 -9.226576620329441e-17 9.611860638175859e-20
1225.0680976263425 -9.830414714049405e-17 1.038893825506452e-19
1225.1214336913986 -4.688533528819008e-17 3.387982665099518e-17
1225.1747697564547 2.200697524770856e-16 2.24039271240084e-16
1225.2281058215108 -9.385509557975319e-17 9.80344608432003e-20
1225.2814418865669 -3.068970463190879e-17 4.6908643100009175e-17
1225.334777951623 1.9346732528899875e-16 2.0341266169337806e-16
1225.388114016679 -9.582647053908658e-17 1.0059033009441852e-19
1225.4414500817352 -9.473124500208021e-17 9.904131107858297e-20
1225.4947861467913 -9.697056365360555e-17 1.0209384753858059e-19
1225.5481222118474 -9.539427891983037e-17 9.996553199623473e-20
1225.6014582769035 -9.435403449609085e-17 9.875500936819167e-20
1225.6547943419596 -2.438398997254932e-17 4.9341980699093956e-17
1225.7081304070157 2.0212296706143246e-16 2.09549823524468e-16
1225.7614664720718 -9.38239012647093e-17 9.803697761113015e-20
1225.814802537128 -9.426575659697805e-17 9.852989535377079e-20
1225.868138602184 -9.531345976061706e-17 9.993351454117592e-20
1225.92147466724 -9.529302802441024e-17 9.997139774044082e-20
1225.9748107322962 -9.545712669125761e-17 1.0022391955222457e-19
1226.0281467973523 4.2687063191787894e-17 6.965822515585299e-17
1226.0814828624084 4.839749796646796e-16 2.892888450007281e-16
1226.1348189274645 -2.0526031304651535e-17 5.247104267791706e-17
1226.1881549925206 2.1206674341215612e-16 2.163604695079919e-16
1226.2414910575767 -9.528132377450237e-17 1.0000376850614022e-19
1226.2948271226328 -9.543762972780967e-17 1.002035424984779e-19
1226.348163187689 -9.654950655780682e-17 1.0165375876388183e-19
1226.401499252745 -9.397279058163264e-17 9.83440293152215e-20
1226.454835317801 -9.423795346064501e-17 9.880941351537002e-20
1226.5081713828572 2.5819824111660352e-17 8.409692684858547e-17
1226.5615074479133 4.807310343295523e-16 4.0573571026785846e-16
1226.6148435129694 -9.297202552743079e-17 9.696262753826988e-20
1226.6681795780255 -9.309101136918785e-17 9.713988049628019e-20
1226.7215156430816 -9.213225001481367e-17 9.588596474097167e-20
1226.7748517081377 -3.8560197048016924e-17 3.8501006232568245e-17
1226.8281877731938 2.726991238048619e-16 2.592237004729374e-16
1226.88152383825 2.0741836094087196e-16 2.128443122281722e-16
1226.934859903306 -9.400926695276228e-17 9.833237434363617e-20
1226.988195968362 -4.230384986355653e-17 3.79248372394579e-17
1227.0415320334182 2.10679423403182e-16 2.1453002094517646e-16
1227.0948680984743 -9.158463802751029e-17 9.510011935530283e-20
1227.1482041635304 -4.0093745788240367e-17 3.7409496581242865e-17
1227.2015402285865 2.0107598141845754e-16 2.0837935339967724e-16
1227.2548762936426 -2.1337606896111642e-17 5.084713780182812e-17
1227.3082123586987 1.806607052166203e-16 1.9365314499537264e-16
1227.3615484237548 -9.628319585985471e-17 1.0124212458432409e-19
1227.414884488811 -9.173883588772731e-17 9.53798059080235e-20
1227.468220553867 -9.173654858575876e-17 9.544526838805988e-20
1227.5215566189231 -9.216207137020208e-17 9.58726389721812e-20
1227.5748926839792 -9.262246407268549e-17 9.646403863901597e-20
1227.6282287490353 -1.4727943950613998e-17 5.433373019358646e-17
1227.6815648140914 1.910988821122659e-16 2.009513945242928e-16
1227.7349008791475 -4.029046634534339e-17 3.819812446976627e-17
1227.7882369442036 1.7286112745965741e-16 2.031825415634148e-16
1227.8415730092597 -1.8890573302429754e-16 1.3440172781972196e-17
1227.8949090743158 -1.5242958387239544e-16 8.342587574806795e-18
1227.948245139372 -9.220726821868479e-17 9.602655432982839e-20
1228.001581204428 -9.123265256872191e-17 9.469183682281626e-20
1228.0549172694841 -9.389137781604926e-17 9.82371814733188e-20
1228.1082533345402 -9.184878891947295e-17 9.555745383186283e-20
1228.1615893995963 -3.4394911888119786e-17 4.093255975941111e-17
1228.2149254646524 1.9764668281138576e-16 2.0547630703876983e-16
1228.2682615297085 6.179136657039397e-17 7.725806803570247e-17
1228.3215975947646 4.496817754982343e-16 2.709051520985902e-16
1228.3749336598207 -8.005213761156924e-17 2.097578042135382e-17
1228.4282697248768 8.225499493773716e-18 1.1502198104704227e-16
1228.481605789933 1.9856045108553728e-16 2.0686323510123433e-16
1228.534941854989 -9.233697541522079e-17 9.618600884791158e-20
1228.5882779200451 -9.413812007550807e-17 9.854046368880632e-20
1228.6416139851012 -1.296913938574951e-17 5.57506333356521e-17
1228.6949500501573 1.7414072408625087e-16 1.8908134596364663e-16
1228.7482861152134 -9.92509420555389e-18 5.794473483758013e-17
1228.8016221802695 2.4001551666253335e-16 2.3603431473647354e-16
1228.8549582453256 1.834001249880693e-16 1.9406550338025987e-16
1228.9082943103817 -9.27622639082244e-17 9.677799187735551e-20
1228.9616303754378 -9.359133341880125e-17 9.778434770479526e-20
1229.014966440494 -9.082913501445415e-17 9.434772400907752e-20
1229.06830250555 -2.9306556148083096e-17 4.4444939062608714e-17
1229.1216385706061 1.9215454228253922e-16 2.017234265826807e-16
1229.1749746356622 -9.173193146609142e-17 9.551857998925884e-20
1229.2283107007183 -9.443323604898103e-17 9.90187204481225e-20
1229.2816467657744 -1.2253798915406274e-17 5.667506798718482e-17
1229.3349828308305 1.6334229652441245e-16 1.8114653095084302e-16
1229.3883188958866 -8.500702832681477e-18 5.973926139948283e-17
1229.4416549609427 2.400244301514188e-16 2.351246582373799e-16
1229.4949910259988 1.9175624986643209e-16 2.0086023719212406e-16
1229.548327091055 -1.126887313783565e-17 5.802103477078155e-17
1229.601663156111 1.6428667887921005e-16 1.8074750428600311e-16
1229.6549992211671 -9.295758414828219e-17 9.726028529092893e-20
1229.7083352862232 -9.026504425747046e-17 9.369851720631593e-20
1229.7616713512793 -3.879025610557147e-17 4.645918013795894e-17
1229.8150074163354 7.180195656903843e-17 1.4169698428407546e-16
1229.8683434813915 -2.7001716296462213e-17 4.476404746123416e-17
1229.9216795464476 2.374334031017997e-16 2.3182353301022635e-16
1229.9750156115037 1.8039233618021397e-16 1.9274311050544607e-16
1230.0283516765599 -2.4990778110699796e-17 4.607023240572876e-17
1230.081687741616 1.7349609825155158e-16 1.8675858300729745e-16
1230.135023806672 -9.062384634660777e-17 9.420197509044048e-20
1230.1883598717282 -9.08447222978345e-17 9.452476769721923e-20
1230.2416959367843 -9.006922987887431e-17 9.342960640361749e-20
1230.2950320018404 -9.110869829279284e-17 9.482293877549792e-20
1230.3483680668965 -9.01368358418976e-17 9.359889757819412e-20
1230.4017041319526 -8.948137294456465e-17 9.275331057842006e-20
1230.4550401970087 -9.170465901477869e-17 9.559811765966286e-20
1230.5083762620648 -4.3961337097539735e-17 4.5622528433434596e-17
1230.5617123271209 4.309059796957169e-17 1.289909835132898e-16
1230.615048392177 -7.078171871142426e-18 6.056839907832439e-17
1230.668384457233 1.5086079696080352e-16 1.6940085574959123e-16
1230.7217205222892 -9.040550372439256e-17 9.39247837585747e-20
1230.7750565873453 -2.3387374040652893e-17 4.791093166584694e-17
1230.8283926524014 1.631711584997098e-16 1.772280323060046e-16
1230.8817287174575 -5.136688535301537e-17 3.794237566281455e-17
1230.9350647825136 5.063673344263493e-17 1.384540195042659e-16
1230.9884008475697 -8.956058043075355e-17 9.300194554477944e-20
1231.0417369126258 -9.073497247110988e-17 9.454331858066271e-20
1231.0950729776819 -8.989980356882407e-17 9.36341095133907e-20
1231.148409042738 -8.972142853921037e-17 9.325123817348415e-20
1231.201745107794 -8.973838634273207e-17 9.3349275105768e-20
1231.2550811728502 -5.719463477673804e-17 3.493804730891128e-17
1231.3084172379063 2.2202874326512223e-17 1.2162609403839961e-16
1231.3617533029624 2.8106223281983608e-18 6.655781372843462e-17
1231.4150893680185 2.4792260211795744e-16 2.3849752865288253e-16
1231.4684254330746 1.5277697262941474e-16 1.713004316198827e-16
1231.5217614981307 -8.9889239243943e-17 9.361613759127758e-20
1231.5750975631868 -8.871880557746364e-17 9.205739871564958e-20
1231.6284336282429 -8.945156588815238e-17 9.304456620557297e-20
1231.681769693299 -8.906877719751056e-17 9.262955024886661e-20
1231.735105758355 -8.96040530104557e-17 9.329736833420862e-20
1231.7884418234112 -8.812298914633222e-17 9.13735248075104e-20
1231.8417778884673 -8.847552095638706e-17 9.187837243416061e-20
1231.8951139535234 -8.996126748746179e-17 9.386769117946368e-20
1231.9484500185795 -1.1352538623346694e-17 5.49453471640565e-17
1232.0017860836356 2.3787417964533775e-16 2.318106889801232e-16
1232.0551221486917 1.6485718416271158e-16 1.796749984157745e-16
1232.1084582137478 -9.907495908567742e-18 5.594930908019583e-17
1232.1617942788039 1.5657899461782848e-16 1.7469170975529443e-16
1232.21513034386 -9.083292627240723e-17 9.516846468912597e-20
1232.268466408916 -8.91670057844223e-17 9.304355697683615e-20
1232.3218024739722 -6.202883416316403e-17 3.8456693915576565e-17
1232.3751385390283 -2.2715604047507827e-17 8.910745800982512e-17
1232.4284746040844 -8.79221114623299e-17 9.147536357496752e-20
1232.4818106691405 -8.731288171515928e-17 9.059248834850382e-20
1232.5351467341966 -8.83352288574919e-17 9.197725912511802e-20
1232.5884827992527 -8.711767244403589e-17 9.040035806519998e-20
1232.6418188643088 -8.892962361098305e-17 9.276576029792056e-20
1232.695154929365 -8.869976403004536e-17 9.249240426659567e-20
1232.748490994421 -9.040671026618482e-17 9.477969476907312e-20
1232.801827059477 1.6528233577213175e-17 7.46080199673881e-17
1232.8551631245332 1.4094991409701184e-16 1.6360942542977834e-16
1232.9084991895893 6.076507850018934e-17 7.922934166248157e-17
1232.9618352546454 4.3862173937475733e-16 2.97207636850406e-16
1233.0151713197015 1.380719247296314e-16 1.6040377510385735e-16
1233.0685073847576 -8.86201385393681e-17 9.24585010233437e-20
1233.1218434498137 5.567513073462597e-18 6.671824081543105e-17
1233.1751795148698 1.6729436434026266e-16 1.8230748457493592e-16
1233.228515579926 -8.956117147934381e-17 9.377668014616795e-20
1233.281851644982 1.0173504316656413e-18 6.406735816686847e-17
1233.335187710038 1.540917341569161e-16 1.713442078659467e-16
1233.3885237750942 -8.850231792995324e-17 9.246854030463855e-20
1233.4418598401503 4.956633322888427e-18 6.588264632642515e-17
1233.4951959052064 1.5516032075532483e-16 1.724627949359043e-16
1233.5485319702625 -8.887932055467754e-17 9.303041821424512e-20
1233.6018680353186 -9.002675607800044e-17 9.460854409330368e-20
1233.6552041003747 -8.702629849709665e-17 9.066199393790274e-20
1233.7085401654308 -8.836356867088573e-17 9.245942099943813e-20
1233.761876230487 -8.861551129534571e-17 9.284624406928542e-20
1233.815212295543 -8.766494106555449e-17 9.154536766414151e-20
1233.868548360599 -8.824274799552668e-17 9.233497278142832e-20
1233.9218844256552 -8.829441737599211e-17 9.246164383312912e-20
1233.9752204907113 -8.631437684668408e-17 8.979119698504193e-20
1234.0285565557674 -8.663280268852386e-17 9.030544143151278e-20
1234.0818926208235 -8.77365566259313e-17 9.175766290481524e-20
1234.1352286858796 -8.830384377523733e-17 9.255915958951806e-20
1234.1885647509357 8.352830310565983e-18 6.861948355013382e-17
1234.2419008159918 1.4667082546985768e-16 1.7666543761864202e-16
1234.295236881048 -7.485282805194052e-17 3.382576931939572e-17
1234.348572946104 2.1198783542459134e-17 7.623615294740908e-17
1234.4019090111601 1.1009368865750404e-16 1.3849550452296534e-16
1234.4552450762162 -8.713620564352227e-17 9.112692379321597e-20
