trappist-1/STIS/.ipynb_checkpoints/b17_g140m_out_of_transit-checkpoint.ecsv
# %ECSV 0.9
# ---
# datatype:
# - {name: WAVELENGTH, datatype: float64}
# - {name: FLUX, datatype: float64}
# - {name: ERROR, datatype: float64}
# schema: astropy-2.0
WAVELENGTH FLUX ERROR
[from data line 249]
1207.9472207433341 4.740566949679743e-16 4.238615439859694e-16
1208.0005568083902 3.968286062224949e-16 2.945328297126165e-16
1208.0538928734463 1.2148801283983667e-15 8.148953162420553e-16
1208.1072289385024 6.949618017601102e-16 5.462485933683475e-16
1208.1605650035585 -1.268107773737594e-16 1.3076922048501394e-19
1208.2139010686146 -1.266030339749795e-16 1.3071234398577677e-19
1208.2672371336707 -1.2437072933358786e-16 1.2798904073454017e-19
1208.3205731987268 -1.2552645098656605e-16 5.582921401658916e-17
1208.373909263783 1.1022102772637252e-17 2.2799041741606836e-16
1208.427245328839 1.5294541324529676e-16 2.362225839863837e-16
1208.4805813938951 2.1518099592509573e-17 1.0390526460570364e-16
1208.5339174589512 2.010246046112527e-16 2.2881955070812003e-16
1208.5872535240073 2.4505860211119605e-17 1.0389011511114704e-16
1208.6405895890634 3.543515451878195e-16 3.375527903017676e-16
1208.6939256541195 2.091889891629741e-16 2.375094737840602e-16
1208.7472617191756 6.973413031243907e-17 1.3923715643188587e-16
1208.8005977842317 2.2041870082055204e-16 2.458380548683222e-16
1208.8539338492878 1.851646503849752e-17 1.0204255427993289e-16
1208.907269914344 2.1321059569903912e-16 2.3656374489648627e-16
1208.9606059794 -1.2154947914104443e-16 1.2564201073019549e-19
1209.0139420444561 -1.2121612728163175e-16 1.2532466626664928e-19
1209.0672781095122 3.259194282594644e-16 2.597446909311875e-16
1209.1206141745683 8.308758834412721e-16 5.58152212461582e-16
1209.1739502396244 -4.9982397723601564e-17 1.0651785277833336e-16
1209.2272863046805 4.60403179112013e-16 3.8039763923449013e-16
1209.2806223697366 7.056546034694118e-16 4.4319144185541297e-16
1209.3339584347927 3.7907102977070814e-16 3.537924019524298e-16
1209.3872944998488 3.2567087679800403e-16 3.16140446461551e-16
1209.440630564905 3.7630807509023735e-16 3.562243719613057e-16
1209.493966629961 1.7756562824898053e-16 2.10535990529694e-16
1209.5473026950172 -1.2336630381848424e-16 1.2862392267981967e-19
1209.6006387600733 -1.218138435952419e-16 1.2694425863522246e-19
1209.6539748251294 -1.2121711909042016e-16 1.26279924788509e-19
1209.7073108901855 -1.2009939711194372e-16 1.2490023035210994e-19
1209.7606469552416 -1.2098582818831196e-16 1.2600304514718245e-19
1209.8139830202977 -1.2001676540119604e-16 1.248280372305762e-19
1209.8673190853538 6.713052954789764e-18 9.057651460674026e-17
1209.9206551504099 2.196776617488942e-16 2.408611037389362e-16
1209.973991215466 2.8179577604415723e-17 1.0568288393385801e-16
1210.027327280522 3.1802649620030867e-16 3.088745170136585e-16
1210.0806633455782 2.3371860711942706e-16 2.4976039334497773e-16
1210.1339994106343 -9.045210279348347e-17 4.716923125960964e-17
1210.1873354756904 2.246758616622927e-16 2.9781752760621384e-16
1210.2406715407465 5.595407920602594e-16 4.809447356116041e-16
1210.2940076058026 -1.1954263048654193e-16 1.2506242875989036e-19
1210.3473436708587 -1.1658239368415225e-16 1.2145854906826766e-19
1210.4006797359148 -1.1774917821290274e-16 1.230388159699216e-19
1210.4540158009709 -1.2040245661821352e-16 1.2638244562899803e-19
1210.507351866027 -1.1739532801469991e-16 1.2267165865713043e-19
1210.560687931083 -5.179987088018472e-19 8.592247207471255e-17
1210.6140239961392 2.0354585613808239e-16 2.5535479961799704e-16
1210.6673600611953 -2.208668953776999e-16 1.5808008032342274e-17
1210.7206961262514 -1.6994122766514274e-16 8.495075048589071e-18
1210.7740321913075 -1.192893478400365e-16 1.252399567170768e-19
1210.8273682563636 2.9607227119085935e-17 1.0342748896137911e-16
1210.8807043214197 1.663465114854622e-16 2.402263055939177e-16
1210.9340403864758 -4.908132570703981e-16 1.2983164804388703e-16
1210.9873764515319 -1.1379028474023391e-15 2.8538868439908864e-16
1211.040712516588 -8.300310243013959e-16 1.4280285543079586e-16
1211.094048581644 1.3289807439277087e-16 2.5022582091866426e-16
1211.1473846467002 -1.7532631067478615e-16 6.105296574439872e-18
1211.2007207117563 -1.747233488297098e-16 8.916512207228763e-17
1211.2540567768124 3.5072723395808404e-16 3.2976427682325307e-16
1211.3073928418685 3.551630206523837e-16 3.3333218538510467e-16
1211.3607289069246 2.1612691883471739e-16 2.3462957348404324e-16
1211.4140649719807 -1.1982894025684977e-16 1.2660717265329092e-19
1211.4674010370368 -4.630866314449204e-17 7.023396286724153e-17
1211.5207371020929 1.8708047435832347e-16 2.6677832480378226e-16
1211.574073167149 7.416253238648931e-17 2.439751879951468e-16
1211.627409232205 -6.762427937417957e-16 3.6335180846231105e-17
1211.6807452972612 -4.588939700727272e-16 1.175469046860439e-16
1211.7340813623173 2.0636255861097152e-16 2.293091641701579e-16
1211.7874174273734 -1.1561235064834374e-16 1.2176108022433957e-19
1211.8407534924295 -9.558659682570287e-18 7.567598081188147e-17
1211.8940895574856 2.522192692810468e-16 2.602643468129073e-16
1211.9474256225417 -1.1318110354449594e-16 1.1898930040815508e-19
1212.0007616875978 -1.138488209804767e-16 1.1980452051833868e-19
1212.054097752654 1.1259736463551902e-16 1.6001663359091764e-16
1212.10743381771 5.703181771235283e-16 4.836340191302072e-16
1212.160769882766 1.0126879916883013e-17 8.804725802534873e-17
1212.2141059478222 2.159990594677432e-16 2.32143361930187e-16
1212.2674420128783 -1.1185097615256641e-16 1.1761156931686317e-19
1212.3207780779344 1.1243848284852426e-16 1.6090877505414639e-16
1212.3741141429905 5.943728320062631e-16 5.009875200534133e-16
1212.4274502080466 -1.1297202420637035e-16 1.1899321881123002e-19
1212.4807862731027 -1.158601383374679e-16 1.2269503988607014e-19
1212.5341223381588 2.8941974663615212e-18 8.106949940834682e-17
1212.587458403215 1.461917962069999e-16 2.277835810217496e-16
1212.640794468271 -2.930509749879026e-16 1.7291619105565822e-17
1212.694130533327 -1.1117488363307067e-16 1.1703025663838152e-19
1212.7474665983832 -1.1429027590294247e-16 1.2079551992777222e-19
1212.8008026634393 -1.1161920135577431e-16 1.1773290926118478e-19
1212.8541387284954 -1.1330557237042656e-16 1.1977393679432674e-19
1212.9074747935515 3.55595187690694e-18 8.267886800224443e-17
1212.9608108586076 3.0828531043875663e-16 2.969423297256811e-16
1213.0141469236637 2.325512118897939e-16 2.4179211473681963e-16
1213.0674829887198 -1.1358303511132145e-16 1.2029983475313344e-19
1213.120819053776 -1.1014239164610242e-16 1.160584384959421e-19
1213.174155118832 1.7016289278727495e-18 8.045987849417107e-17
1213.227491183888 2.2098178230684067e-16 2.358972213929098e-16
1213.2808272489442 -1.1344380457274636e-16 1.204441812322059e-19
1213.3341633140003 -1.1031307176619328e-16 1.1663121592035325e-19
1213.3874993790564 -2.802305111568157e-17 6.064994205739246e-17
1213.4408354441125 2.46414746053826e-16 2.5229911895021368e-16
1213.4941715091686 1.0686197624348453e-16 1.0931153707259762e-16
1213.5475075742247 7.440264519146005e-16 4.681462936777934e-16
1213.6008436392808 5.81915667761196e-16 4.896801512663077e-16
1213.654179704337 -2.755314241359516e-17 5.984297229276793e-17
1213.707515769393 3.661070431888703e-16 3.388112482299276e-16
1213.760851834449 3.2871618064258947e-16 3.1003841559223614e-16
1213.8141878995052 2.3773320565835292e-16 2.4625419212461215e-16
1213.8675239645613 -1.1270815643825054e-16 1.1975114468272947e-19
1213.9208600296174 -1.1002612708387887e-16 7.558287199664594e-19
1213.9741960946735 -1.1619084954245157e-16 2.649880838356031e-18
1214.0275321597296 -1.1489219397067462e-16 1.7290145407056058e-18
1214.0808682247857 -2.1648000189109207e-17 6.890165666761732e-17
1214.1342042898418 1.8365452289996445e-16 2.2078221258094248e-16
1214.187540354898 -1.1389306369921565e-16 1.215553782964749e-19
1214.240876419954 -2.950107921323012e-17 5.689963511570535e-17
1214.2942124850101 3.9804998636092926e-16 3.8886762151389215e-16
1214.3475485500662 4.834254351195225e-16 5.470959716464592e-16
1214.4008846151223 1.3906103585284514e-16 2.6923461047947784e-16
1214.4542206801784 -2.907068995490544e-17 5.666477280690807e-17
1214.5075567452345 2.653597951089821e-16 2.667261286076333e-16
1214.5608928102906 -1.0898584171084017e-16 1.1572076046931015e-19
1214.6142288753467 -1.1211978500010812e-16 1.1972880671700228e-19
1214.6675649404028 -5.747736838628534e-17 5.607865757016222e-17
1214.720901005459 2.095227729586841e-16 3.202654902427294e-16
1214.774237070515 4.244744333450812e-16 3.9843625212358516e-16
1214.8275731355711 1.1449034913071428e-15 6.958009514420618e-16
1214.8809092006272 7.057774518014556e-16 4.406747326126057e-16
1214.9342452656833 1.1462446511665157e-15 7.018928447094654e-16
1214.9875813307394 2.7731250307278917e-15 1.1117611017586908e-15
1215.0409173957955 3.093087785193519e-15 1.1715931611774666e-15
1215.0942534608516 3.627694543495832e-15 1.2683819149319094e-15
1215.1475895259077 2.9085426344930512e-15 1.1027804667833564e-15
1215.2009255909638 6.39692279422327e-15 1.6708126077439613e-15
1215.25426165602 4.934246105244295e-15 1.4689891829831444e-15
1215.307597721076 3.0523419025695936e-15 1.1663018773820553e-15
1215.3609337861321 2.9192937235287585e-15 1.1588781294462318e-15
1215.4142698511882 3.239956838030795e-15 1.3335400241142551e-15
1215.4676059162443 3.1994328063612e-16 1.1850277370819217e-15
1215.5209419813004 3.6911384057120856e-16 1.6199748367931989e-15
1215.5742780463565 -4.6205290402557806e-15 2.3443511392506174e-15
1215.6276141114126 -1.6198291266740675e-15 2.8378606645836615e-15
1215.6809501764687 -3.733753604387694e-17 2.2057895990488574e-15
1215.7342862415248 -2.0219961060469533e-15 1.2633354518484685e-15
1215.787622306581 1.4076551088553624e-16 1.057039820710175e-15
1215.840958371637 5.148835540184168e-16 8.831345837016081e-16
1215.8942944366931 2.274947010410774e-16 7.542261692573863e-16
1215.9476305017492 1.02183076280659e-15 7.4348591967936445e-16
1216.0009665668053 6.936083831753411e-16 6.299997548574292e-16
1216.0543026318614 2.507858647773739e-17 3.013179687693605e-16
1216.1076386969175 -3.0315836930472766e-16 2.9096156056123683e-16
1216.1609747619736 4.466476280797886e-16 3.7131014925916005e-16
1216.2143108270297 9.364680568319736e-16 5.746588808538014e-16
1216.2676468920858 -1.752442999765864e-17 6.112966070227005e-17
1216.320982957142 3.1401813472905686e-16 2.9518325883865086e-16
1216.374319022198 2.184512415790553e-16 2.2950497109604203e-16
1216.4276550872542 -1.043818708839409e-16 1.1083322805306536e-19
1216.4809911523103 -4.521587001720815e-17 4.3876748864898507e-17
1216.5343272173664 3.3460779389418073e-16 3.1214441668497985e-16
1216.5876632824225 2.7826662771458343e-16 2.700971012244152e-16
1216.6409993474786 2.5054113678195737e-16 2.4942192436813545e-16
1216.6943354125347 -4.957192713804994e-17 4.092555271688261e-17
1216.7476714775908 2.8066613458641895e-16 2.8580175841133206e-16
1216.8010075426469 2.852625353901771e-16 3.563892786860335e-16
1216.854343607703 4.7550542815638665e-16 4.790426930791118e-16
1216.907679672759 1.8996275280100465e-17 1.0240465754104291e-16
1216.9610157378152 5.768925772018835e-16 4.815571082741034e-16
1217.0143518028713 -1.0517536947593764e-16 1.118141981376645e-19
1217.0676878679274 -1.0550149085486544e-16 1.121577862253046e-19
1217.1210239329835 -1.0630512013250783e-16 1.1325656536860893e-19
1217.1743599980396 -1.0337550685166669e-16 1.0965278735278415e-19
1217.2276960630957 -1.046480937158816e-16 1.1130454199032287e-19
1217.2810321281518 -1.0463324783421443e-16 1.1119291767353016e-19
1217.3343681932079 -1.0267669581307642e-16 1.0882125354667922e-19
1217.387704258264 -1.0531801839330761e-16 1.1212944632041622e-19
1217.44104032332 -1.0560981729657024e-16 1.1276541122167847e-19
1217.4943763883762 -4.9097191328873394e-17 4.058927145152701e-17
1217.5477124534323 2.6022954101690523e-16 2.568310581318863e-16
1217.6010485184884 -1.0624912663613934e-16 4.1552157143608883e-19
1217.6543845835445 -2.3725980808053967e-17 5.887441944619679e-17
1217.7077206486006 2.386073273362386e-16 2.441644615974786e-16
1217.7610567136567 -1.0075035734359067e-16 1.0646730204054065e-19
1217.8143927787128 -1.0199831333500608e-16 1.0163264990560946e-17
1217.8677288437689 -2.4446033271986765e-17 1.0285897613093427e-16
1217.921064908825 2.4162622826218097e-16 2.443070131131194e-16
1217.974400973881 -1.0139080190452232e-16 1.0739952202011154e-19
1218.0277370389372 -1.3644215328634056e-16 2.2176527321099363e-18
1218.0810731039933 -3.0980240910257303e-16 1.4010801499645904e-17
1218.1344091690494 -1.0288756542462041e-16 1.0927831572116359e-19
1218.1877452341055 6.293685157493565e-17 8.146398028222745e-17
1218.2410812991616 6.040613019837019e-16 3.5592515809119986e-16
1218.2944173642177 -1.0611322625468466e-16 1.0125946941972826e-18
1218.3477534292738 -1.4392306385056625e-16 6.8160997076606196e-18
1218.4010894943299 -1.4838050986744143e-16 6.951179607321895e-18
1218.454425559386 -2.322201089512505e-16 1.4717858433366454e-17
1218.507761624442 -1.0176066547256222e-16 1.0779246955390739e-19
1218.5610976894982 -1.0203866726816121e-16 1.0822942616147305e-19
1218.6144337545543 -1.022380113410947e-16 1.0834716935951864e-19
1218.6677698196104 -1.0740062352560173e-16 9.20836817459262e-19
1218.7211058846665 -1.3837651287371223e-16 6.281189782522212e-18
1218.7744419497226 -1.5202349000789481e-16 7.07679720094688e-18
1218.8277780147787 -2.591760775830712e-16 1.6308216435828926e-17
1218.8811140798348 -1.0106974555354193e-16 1.0699203946960158e-19
1218.934450144891 -1.859533346519407e-18 4.9868008452933754e-17
1218.987786209947 5.929090742118033e-16 3.4804840790769756e-16
1219.041122275003 -1.0231031280885387e-16 1.0868512262379923e-19
1219.0944583400592 -1.0331782347139436e-16 1.0993432448162673e-19
1219.1477944051153 -5.053023825694228e-17 3.574014772458966e-17
1219.2011304701714 2.5360527017373055e-16 2.5211738858913955e-16
1219.2544665352275 -1.0111847996787134e-16 1.0713995367499409e-19
1219.3078026002836 -1.020577617520773e-16 1.083749936410028e-19
1219.3611386653397 -1.0106829396710679e-16 1.071339028938205e-19
1219.4144747303958 -1.0357140204661111e-16 1.1034342384116377e-19
1219.467810795452 -9.960495581388841e-17 1.0528906324621835e-19
1219.521146860508 -5.0712341531308353e-17 3.600736989969974e-17
1219.574482925564 2.623908947889904e-16 2.585704531715562e-16
1219.6278189906202 -1.0063476123723852e-16 1.0663332064312684e-19
1219.6811550556763 -1.0128625189768904e-16 1.073997885729378e-19
1219.7344911207324 -1.0413993856080083e-16 1.1105012223821151e-19
1219.7878271857885 -3.484517374454013e-17 4.616218850967972e-17
1219.8411632508446 2.0540213709183077e-16 2.1518379652930553e-16
1219.8944993159007 -1.008209215364734e-16 1.068730668951404e-19
1219.9478353809568 -1.008776480410979e-16 1.0702881505970588e-19
1220.001171446013 -1.0130569318784729e-16 1.0728306247113781e-19
1220.054507511069 -1.0087169898223371e-16 1.0685932591048431e-19
1220.107843576125 -1.0353069254426269e-16 1.103447052419561e-19
1220.1611796411812 -1.0069274292792842e-16 1.0661834306982021e-19
1220.2145157062373 -1.0080356694356561e-16 1.068009168237758e-19
1220.2678517712934 -2.905980147596395e-17 4.893000561190604e-17
1220.3211878363495 2.2604332912787454e-16 2.3096004542897674e-16
1220.3745239014056 1.6038785677437822e-17 8.120672966785621e-17
1220.4278599664617 5.671420110085647e-16 4.7132102109739e-16
1220.4811960315178 -5.454419787000039e-17 3.4170483180084205e-17
1220.534532096574 3.0131627865559727e-16 2.852580036987712e-16
1220.58786816163 2.370961508164113e-16 2.3623227106095627e-16
1220.641204226686 -1.0028543125544746e-16 1.0573197799131363e-19
1220.6945402917422 -1.0008808845363159e-16 1.0550663940487024e-19
1220.7478763567983 -9.766707059039571e-17 1.0268723064103026e-19
1220.8012124218544 -1.8454161895295127e-16 3.670893481744038e-17
1220.8545484869105 -6.094187512458742e-16 2.691195958776194e-16
1220.9078845519666 -5.628276797596758e-16 5.998758485423229e-17
1220.9612206170227 9.658444035601209e-17 2.4786450655018334e-16
1221.0145566820788 -1.0100299692310775e-16 1.0709282233964141e-19
1221.067892747135 -9.936729752346077e-17 1.0502855732362829e-19
1221.121228812191 -1.0070401571153497e-16 1.0668696515131845e-19
