trappist-1/STIS/.ipynb_checkpoints/b17_g140m_out_of_transit-checkpoint.ecsv
# %ECSV 0.9
# ---
# datatype:
# - {name: WAVELENGTH, datatype: float64}
# - {name: FLUX, datatype: float64}
# - {name: ERROR, datatype: float64}
# schema: astropy-2.0
WAVELENGTH FLUX ERROR
1194.666540544365 4.094060097416378e-16 3.803344752907375e-16
1194.7198766094211 2.0697627682469374e-17 2.356129092454066e-17
1194.7732126744772 -5.999757445939593e-18 1.8028976656826714e-19
1194.8265487395333 2.8922787939789843e-18 1.675703857102253e-19
1194.8798848045894 -2.2081002458447782e-17 1.775505080641886e-19
1194.9332208696455 -1.9987642724539232e-16 1.691460506276258e-19
1194.9865569347016 4.352536492169863e-16 4.612881887996863e-16
1195.0398929997577 -2.0251796967804913e-16 1.0860902835551947e-17
1195.0932290648138 4.094858707210116e-16 4.439451403438191e-16
1195.14656512987 -1.9424977485021264e-16 1.3453405712327582e-17
1195.199901194926 -2.1699643576898847e-16 1.7735691448033112e-19
1195.2532372599821 -2.1282236577345686e-16 1.7260335709883004e-19
1195.3065733250382 3.786547622017934e-16 4.180973072567204e-16
1195.3599093900943 4.914005467773213e-16 4.973026774572239e-16
1195.4132454551504 1.2633483194225256e-15 9.41697708147662e-16
1195.4665815202065 -7.916790679644242e-17 8.092968753926638e-17
1195.5199175852626 2.7796963183203787e-16 4.459871650676028e-16
1195.5732536503187 2.922448614504968e-16 4.3871034941888544e-16
1195.6265897153748 -1.437017296067497e-16 5.40793562778368e-17
1195.679925780431 -2.0628034158108086e-16 1.6886224473419853e-19
1195.733261845487 -2.0659845351545699e-16 1.6980016144320883e-19
1195.7865979105432 -2.06528831803919e-16 1.7002095196456448e-19
1195.8399339755993 -2.0611393893584995e-16 1.699072158266168e-19
1195.8932700406554 9.170316601619748e-16 5.619781575642741e-16
1195.9466061057115 5.3290913049811e-16 4.828407890092996e-16
1195.9999421707676 5.655384066536708e-16 5.482392355090905e-16
1196.0532782358237 -8.998316833372053e-17 8.002344964550615e-17
1196.1066143008798 8.586192941628244e-17 2.8596212340203896e-16
1196.1599503659359 -1.6782226479079218e-16 4.9697020066686387e-17
1196.213286430992 2.98459644606315e-17 2.608467900593347e-16
1196.266622496048 -1.7072331611771413e-16 4.7549973849238636e-17
1196.3199585611042 -2.1025231019146753e-16 1.8536237184086788e-19
1196.3732946261603 3.1917691754466496e-16 3.7090269349837864e-16
1196.4266306912164 -1.11944307895754e-16 7.233150291030933e-17
1196.4799667562725 -2.0372473323719953e-16 1.7690330172151708e-19
1196.5333028213286 3.4164622910261775e-16 3.8535049031290316e-16
1196.5866388863847 4.400203360743725e-16 4.534668777197512e-16
1196.6399749514408 -8.551474691394103e-17 7.934967059920699e-17
1196.6933110164969 -1.952741189735974e-16 1.6397897321565984e-19
1196.746647081553 -1.9747545817232296e-16 1.6714527121585107e-19
1196.799983146609 -1.9336488036867874e-16 1.6242642977495526e-19
1196.8533192116652 -1.9867015759040953e-16 1.6930294389420417e-19
1196.9066552767213 3.7323913042193294e-16 4.025651417833418e-16
1196.9599913417774 -1.1248174044722833e-16 6.252709983872458e-17
1197.0133274068335 -1.9140810779847192e-16 1.619580948491064e-19
1197.0666634718896 -1.9585247872499312e-16 1.676483912939841e-19
1197.1199995369457 -1.920086085827108e-16 1.6333667832957826e-19
1197.1733356020018 3.268831568759153e-16 3.6840136645593173e-16
1197.2266716670579 -9.769796180462262e-17 6.463394162277159e-17
1197.280007732114 -1.9444887459347324e-16 1.67647798835084e-19
1197.33334379717 2.8678426873938747e-16 3.358947640932333e-16
1197.3866798622262 4.308908544283229e-16 4.390870905043345e-16
1197.4400159272823 -5.0330896418075205e-17 9.749355669101796e-17
1197.4933519923384 -1.898120805892648e-16 1.6349995561499762e-19
1197.5466880573945 -1.870644244833373e-16 1.6042725505131588e-19
1197.6000241224506 3.3506469122203016e-16 3.707837385868108e-16
1197.6533601875067 4.048743289123264e-16 4.165625377572576e-16
1197.7066962525628 -8.439535662956513e-17 7.226051242195684e-17
1197.7600323176189 -1.8858083975399712e-16 1.638383089524119e-19
1197.813368382675 -1.8889915848034286e-16 1.6469867986452022e-19
1197.866704447731 -1.8720458927183235e-16 1.629133290237169e-19
1197.9200405127872 -1.892103639011707e-16 1.6583607938351888e-19
1197.9733765778433 -1.847368507124613e-16 1.6091445411493015e-19
1198.0267126428994 -1.8306821633083158e-16 1.5908622930517806e-19
1198.0800487079555 -1.845391845977281e-16 1.6114425242945888e-19
1198.1333847730116 -1.8096919713533485e-16 1.5734899923038287e-19
1198.1867208380677 -1.867878299462726e-16 1.646132544551845e-19
1198.2400569031238 2.59060193689726e-16 3.1142367506778284e-16
1198.29339296818 -2.6210455027014088e-17 1.1259726327200496e-16
1198.346729033236 -1.8151691978033337e-16 1.5926449373960935e-19
1198.400065098292 -1.819377343841077e-16 1.6035745588323422e-19
1198.4534011633482 -1.7733882212089675e-16 1.5489835539739542e-19
1198.5067372284043 -1.811400338310495e-16 1.600447639600077e-19
1198.5600732934604 -1.7730912059533437e-16 1.5570068083697652e-19
1198.6134093585165 -1.7918636524109914e-16 1.5824910107483557e-19
1198.6667454235726 -1.8097896158448987e-16 1.6093321023692124e-19
1198.7200814886287 -1.808463708874929e-16 1.6107635822671185e-19
1198.7734175536848 -1.7709859520840656e-16 1.5681775143038476e-19
1198.826753618741 -1.7839972030227276e-16 1.5878423948574218e-19
1198.880089683797 -1.7724841499594033e-16 1.5761953226040465e-19
1198.933425748853 2.2524130960671453e-16 2.8310897677143348e-16
1198.9867618139092 4.0626053940501016e-16 4.119436007729362e-16
1199.0400978789653 1.3228207806291539e-18 1.2678584963221817e-16
1199.0934339440214 -1.7420455465035493e-16 1.5528767973739185e-19
1199.1467700090775 -1.7410983906195816e-16 1.5549334012504308e-19
1199.2001060741336 1.6154751201587445e-16 2.7122779326611536e-16
1199.2534421391897 -5.916060411019394e-17 9.367834061500326e-17
1199.3067782042458 -1.7439058145261614e-16 1.5668039364423737e-19
1199.360114269302 -1.741876789198874e-16 1.5693302483997793e-19
1199.413450334358 -2.734862206194719e-16 1.528826272438695e-17
1199.466786399414 -2.78933275381281e-16 1.6487237118835577e-17
1199.5201224644702 -2.0175915086180974e-16 4.39869351130483e-18
1199.5734585295263 -1.7309394147622248e-16 1.5679365296610949e-19
1199.6267945945824 -1.7372713387204037e-16 1.5793418775452386e-19
1199.6801306596385 1.8569524827597467e-16 2.7336403195309953e-16
1199.7334667246946 -3.288996758702298e-17 1.067302361722643e-16
1199.7868027897507 -1.6814918584043617e-16 1.5207931646550096e-19
1199.8401388548068 6.396627211543168e-16 5.733258231711354e-16
1199.893474919863 2.092777229493989e-16 2.669011688553613e-16
1199.946810984919 -1.6899244413042385e-16 1.5385610112853148e-19
1200.000147049975 -1.695125427392666e-16 1.5475201928336822e-19
1200.0534831150312 -1.6882416341606491e-16 1.5435786414121534e-19
1200.1068191800873 -3.5810066225688216e-16 2.030993961913927e-17
1200.1601552451434 -4.098914586311774e-16 2.524078153420719e-17
1200.2134913101995 -2.2064010102208128e-16 6.39848787433393e-17
1200.2668273752556 -1.5658433443187698e-16 2.50610468163056e-17
1200.3201634403117 -1.517965994477007e-16 5.022263615864526e-17
1200.3734995053678 -1.6048992205865888e-16 2.2855493548785456e-17
1200.426835570424 -1.6251991083980672e-16 1.4859272408139285e-19
1200.48017163548 2.137190360157077e-16 2.6911075717984934e-16
1200.5335077005361 4.3909890396756116e-16 4.267433222023567e-16
1200.5868437655922 1.0773645764407657e-17 1.2524811712948654e-16
1200.6401798306483 1.7642783877751836e-16 2.3949322266118113e-16
1200.6935158957044 4.954518133328424e-17 1.5035615651384586e-16
1200.7468519607605 -1.6196861784416562e-16 1.4947668894638497e-19
1200.8001880258166 -1.6231960200743716e-16 1.5018319862983586e-19
1200.8535240908727 -1.6210819908423624e-16 1.5019535801572723e-19
1200.9068601559288 -1.6443492235129343e-16 1.5336181444124742e-19
1200.960196220985 -1.6166325435290564e-16 1.5032296382572802e-19
1201.013532286041 2.1778654895016267e-16 2.682904385435123e-16
1201.0668683510971 4.017317995295288e-17 1.4129872235987072e-16
1201.1202044161532 -1.6115888231391022e-16 1.5039727120413006e-19
1201.1735404812093 -1.609531036062955e-16 1.5043194234194322e-19
1201.2268765462654 -1.6131034796562455e-16 1.511379520707445e-19
1201.2802126113215 -1.9198205823082524e-15 5.614448900147379e-17
1201.3335486763776 -1.6662902256824066e-15 5.857372324264746e-17
1201.3868847414337 -4.1278844344838967e-16 1.4859220461330355e-17
1201.4402208064898 -1.5976354146534794e-16 1.502830088513317e-19
1201.493556871546 1.8411421369881945e-16 2.4205611257428303e-16
1201.546892936602 9.44749740054645e-17 1.7910406463719715e-16
1201.6002290016581 1.8678229107355093e-16 2.453542053317747e-16
1201.6535650667142 5.0740518795023625e-17 1.45310396675523e-16
1201.7069011317703 2.0395483488240846e-16 2.5381783295840135e-16
1201.7602371968264 6.243887184451576e-17 1.5345176608418788e-16
1201.8135732618825 -1.5625743119331661e-16 1.478684207887737e-19
1201.8669093269386 -1.5617608358636922e-16 1.479107668704029e-19
1201.9202453919947 -1.7132470695197308e-16 3.916675805610881e-18
1201.9735814570508 1.2868090264756912e-16 2.2075017977143799e-16
1202.026917522107 5.12294250776705e-16 5.328113941103648e-16
1202.080253587163 1.3534563106232212e-16 2.484800001629079e-16
1202.1335896522191 -1.5442986208034912e-16 1.4682755874651253e-19
1202.1869257172752 -1.5267091847139248e-16 1.4497619499301521e-19
1202.2402617823313 -1.5117625115892099e-16 1.4335411405519156e-19
1202.2935978473874 1.8964215411379392e-16 2.4266416314440856e-16
1202.3469339124435 7.798408307257451e-17 1.6370615548562428e-16
1202.4002699774996 -1.5120767740015064e-16 1.4417344440758039e-19
1202.4536060425557 -1.534263764379416e-16 1.4709674471389998e-19
1202.5069421076118 -1.523589268202755e-16 1.4604764792528183e-19
1202.560278172668 -1.508869814382864e-16 1.445661578325657e-19
1202.613614237724 -1.5171828824705709e-16 1.4581410370191421e-19
1202.6669503027802 -1.5191330149578972e-16 1.4619602499690298e-19
1202.7202863678363 -2.236895315657741e-16 7.83076659449342e-18
1202.7736224328924 -2.268362535421013e-16 9.504126498294522e-18
1202.8269584979485 1.7952450403371583e-16 2.495663113425301e-16
1202.8802945630046 1.0745392768079238e-16 1.8306791157008565e-16
1202.9336306280607 -1.493407009073695e-16 1.4404528593672908e-19
1202.9869666931168 -1.4838247763438493e-16 1.430267552328842e-19
1203.0403027581729 -1.476729557238317e-16 1.4236847476008835e-19
1203.093638823229 -1.4829674261287358e-16 1.43325203700447e-19
1203.146974888285 -1.4833918381694112e-16 1.4366298762641978e-19
1203.2003109533412 -1.4516006014097158e-16 1.400297107052861e-19
1203.2536470183973 -1.4748815623367222e-16 1.430644635008391e-19
1203.3069830834534 -1.4601398325012488e-16 1.4147778604634483e-19
1203.3603191485095 -7.819094283999303e-17 2.0853972518890269e-16
1203.4136552135656 2.1926109951362407e-16 4.569243600981738e-16
1203.4669912786217 1.5615542238126376e-16 2.5215945327377285e-16
1203.5203273436778 -1.4373337702387386e-16 1.393868436221311e-19
1203.5736634087339 1.54157511437175e-16 2.1197366328046605e-16
1203.62699947379 3.9144628788097807e-16 3.786577663572447e-16
1203.680335538846 3.6894063109569163e-16 3.6344300942673714e-16
1203.7336716039022 1.4958406720959517e-16 2.0891553672196827e-16
1203.7870076689583 1.5603746359472494e-16 2.129835495224593e-16
1203.8403437340144 1.1875296904767648e-16 1.8563947161402387e-16
1203.8936797990705 -1.4202353463829603e-16 1.385315046033461e-19
1203.9470158641266 -1.4383540948426648e-16 1.408676975484244e-19
1204.0003519291827 -1.4168300283675986e-16 1.3849977145357126e-19
1204.0536879942388 3.791230036708772e-16 3.680191395520201e-16
1204.1070240592949 3.890404984533017e-16 3.7610871761932837e-16
1204.160360124351 -1.4145122412908547e-16 1.387275613978113e-19
1204.213696189407 -2.3260955892400406e-16 1.1568803345192759e-17
1204.2670322544632 -3.01269407043481e-16 2.01317980753228e-17
1204.3203683195193 -1.6476229754358345e-16 7.982004209736535e-17
1204.3737043845754 3.3816085470531194e-16 3.556754659431372e-16
1204.4270404496315 1.8129080097328698e-16 2.6902990838692166e-16
1204.4803765146876 -2.1987655222383086e-16 9.656756285107783e-18
1204.5337125797437 -1.3977401017549423e-16 1.3800471878352e-19
1204.5870486447998 -1.415199080569656e-16 1.4032942203172933e-19
1204.6403847098559 1.0359625097852564e-16 1.8220314472910185e-16
1204.693720774912 3.59955925000158e-16 3.6408646281506913e-16
1204.747056839968 1.2001837501069002e-16 1.8351772056780782e-16
1204.8003929050242 5.347881048447551e-16 3.930396864415103e-16
1204.8537289700803 6.630804819179366e-16 4.597011480796755e-16
1204.9070650351364 5.696728948022858e-17 1.7936294002737481e-16
1204.9604011001925 2.3370031285002466e-17 1.93286314556829e-16
1205.0137371652486 -1.8334737944012065e-16 7.044984603638051e-18
1205.0670732303047 -1.3989994635689285e-16 1.3960040975224988e-19
1205.1204092953608 -1.361335840547308e-16 1.3523715797924803e-19
1205.173745360417 -1.390427716381827e-16 1.3884698120113064e-19
1205.227081425473 -1.3911466749421553e-16 1.3925037123260638e-19
1205.280417490529 -1.3537961808938837e-16 1.348323413901634e-19
1205.3337535555852 -2.9265431738602355e-16 1.389436080739854e-17
1205.3870896206413 -2.0476125966345847e-16 1.8662596884297273e-16
1205.4404256856974 -1.3491180974154084e-17 1.9073257349983224e-16
1205.4937617507535 -1.7900616166253464e-16 6.216893530538764e-18
1205.5470978158096 -2.1573243754196546e-16 1.2029993629858655e-17
1205.6004338808657 4.122142059122896e-17 1.5858073708049116e-16
1205.6537699459218 1.7728466880466842e-16 2.2274903387514366e-16
1205.707106010978 7.577099907001154e-17 1.4944022401893008e-16
1205.760442076034 1.7750090483237264e-16 2.2111477991522855e-16
1205.81377814109 -1.3471476363519557e-16 1.353661301602631e-19
1205.8671142061462 5.922638587196569e-17 1.369315068671156e-16
1205.9204502712023 3.4889992653992386e-16 3.4238242257987114e-16
1205.9737863362584 1.5702213399719567e-16 2.0622907243629696e-16
1206.0271224013145 6.352128794686759e-17 1.3929214687560422e-16
1206.0804584663706 1.7139406292246452e-16 2.1613427207150374e-16
1206.1337945314267 -1.3459810189537747e-16 1.3598704728116476e-19
1206.1871305964828 4.98395819147328e-16 3.5410752917729563e-16
1206.240466661539 7.197200781691263e-16 4.886166297996911e-16
1206.293802726595 -1.3297178630538074e-16 1.3441128253106195e-19
1206.347138791651 2.812803879082451e-16 2.9197160109481055e-16
1206.4004748567072 4.628246272555971e-16 4.2016743938479395e-16
1206.4538109217633 5.748144775226405e-17 1.3438832855430563e-16
1206.5071469868194 5.933677420806344e-16 5.130674407777311e-16
1206.5604830518755 4.7636227042045e-16 4.298150542729779e-16
1206.6138191169316 -1.301633978536669e-16 1.3168857989160744e-19
1206.6671551819877 8.90163308919426e-17 1.5450539595424166e-16
1206.7204912470438 3.689393103568774e-16 3.527371163455107e-16
1206.7738273121 1.4856580828283917e-16 1.9682864049645843e-16
1206.827163377156 -1.320755000749975e-16 1.343391038064044e-19
1206.880499442212 -1.2972940929517728e-16 1.316929088406248e-19
1206.9338355072682 7.975538701419626e-17 1.4713334891566126e-16
1206.9871715723243 3.4779242467557113e-16 3.3670073697615834e-16
1207.0405076373804 4.029207246369797e-16 3.764540376857495e-16
1207.0938437024365 1.5471024698547054e-16 1.9842223592828326e-16
1207.1471797674926 -1.2840739716610555e-16 1.3065467539386582e-19
1207.2005158325487 2.252468933187989e-16 1.7664690550914856e-16
1207.2538518976048 6.15226871457525e-16 4.2093975257045493e-16
1207.307187962661 8.016901125831256e-18 1.3943290211698296e-16
1207.360524027717 -1.2925903238096442e-16 1.322226493171882e-19
1207.4138600927731 -1.2639008832160652e-16 1.28803677088377e-19
1207.4671961578292 -1.2807380084320712e-16 1.311531630462638e-19
1207.5205322228853 -1.270677313961903e-16 1.3007819956197203e-19
1207.5738682879414 3.9418210721295644e-17 1.1980783493654653e-16
1207.6272043529975 2.0056547981254177e-16 2.324379556060496e-16
1207.6805404180536 -1.7072360181352588e-16 6.586212257939225e-18
1207.7338764831097 -2.3577511985694545e-16 1.6194768929664595e-17
1207.7872125481658 -1.850384459356632e-16 8.583118293307338e-18
1207.840548613222 -1.271708579506103e-16 1.306715585651468e-19
