trappist-1/combined/TRAPPIST-1_1Aeuv_estimate.ecsv
# %ECSV 0.9
# ---
# datatype:
# - {name: WAVELENGTH, unit: Angstrom, datatype: float64}
# - {name: FLUX, unit: erg / (cm2 s), datatype: float64}
# delimiter: ','
# schema: astropy-2.0
WAVELENGTH,FLUX
100.5,6.844407538030788e-18
101.5,6.844407538030788e-18
102.5,6.844407538030788e-18
103.5,6.844407538030788e-18
104.5,6.844407538030788e-18
105.5,6.844407538030788e-18
106.5,6.844407538030788e-18
107.5,6.844407538030788e-18
108.5,6.844407538030788e-18
109.5,6.844407538030788e-18
110.5,6.844407538030788e-18
111.5,6.844407538030788e-18
112.5,6.844407538030788e-18
113.5,6.844407538030788e-18
114.5,6.844407538030788e-18
115.5,6.844407538030788e-18
116.5,6.844407538030788e-18
117.5,6.844407538030788e-18
118.5,6.844407538030788e-18
119.5,6.844407538030788e-18
120.5,6.844407538030788e-18
121.5,6.844407538030788e-18
122.5,6.844407538030788e-18
123.5,6.844407538030788e-18
124.5,6.844407538030788e-18
125.5,6.844407538030788e-18
126.5,6.844407538030788e-18
127.5,6.844407538030788e-18
128.5,6.844407538030788e-18
129.5,6.844407538030788e-18
130.5,6.844407538030788e-18
131.5,6.844407538030788e-18
132.5,6.844407538030788e-18
133.5,6.844407538030788e-18
134.5,6.844407538030788e-18
135.5,6.844407538030788e-18
136.5,6.844407538030788e-18
137.5,6.844407538030788e-18
138.5,6.844407538030788e-18
139.5,6.844407538030788e-18
140.5,6.844407538030788e-18
141.5,6.844407538030788e-18
142.5,6.844407538030788e-18
143.5,6.844407538030788e-18
144.5,6.844407538030788e-18
145.5,6.844407538030788e-18
146.5,6.844407538030788e-18
147.5,6.844407538030788e-18
148.5,6.844407538030788e-18
149.5,6.844407538030788e-18
150.5,6.844407538030788e-18
151.5,6.844407538030788e-18
152.5,6.844407538030788e-18
153.5,6.844407538030788e-18
154.5,6.844407538030788e-18
155.5,6.844407538030788e-18
156.5,6.844407538030788e-18
157.5,6.844407538030788e-18
158.5,6.844407538030788e-18
159.5,6.844407538030788e-18
160.5,6.844407538030788e-18
161.5,6.844407538030788e-18
162.5,6.844407538030788e-18
163.5,6.844407538030788e-18
164.5,6.844407538030788e-18
165.5,6.844407538030788e-18
166.5,6.844407538030788e-18
167.5,6.844407538030788e-18
168.5,6.844407538030788e-18
169.5,6.844407538030788e-18
170.5,6.844407538030788e-18
171.5,6.844407538030788e-18
172.5,6.844407538030788e-18
173.5,6.844407538030788e-18
174.5,6.844407538030788e-18
175.5,6.844407538030788e-18
176.5,6.844407538030788e-18
177.5,6.844407538030788e-18
178.5,6.844407538030788e-18
179.5,6.844407538030788e-18
180.5,6.844407538030788e-18
181.5,6.844407538030788e-18
182.5,6.844407538030788e-18
183.5,6.844407538030788e-18
184.5,6.844407538030788e-18
185.5,6.844407538030788e-18
186.5,6.844407538030788e-18
187.5,6.844407538030788e-18
188.5,6.844407538030788e-18
189.5,6.844407538030788e-18
190.5,6.844407538030788e-18
191.5,6.844407538030788e-18
192.5,6.844407538030788e-18
193.5,6.844407538030788e-18
194.5,6.844407538030788e-18
195.5,6.844407538030788e-18
196.5,6.844407538030788e-18
197.5,6.844407538030788e-18
198.5,6.844407538030788e-18
199.5,6.844407538030788e-18
200.5,6.0025510310946836e-18
201.5,6.0025510310946836e-18
202.5,6.0025510310946836e-18
203.5,6.0025510310946836e-18
204.5,6.0025510310946836e-18
205.5,6.0025510310946836e-18
206.5,6.0025510310946836e-18
207.5,6.0025510310946836e-18
208.5,6.0025510310946836e-18
209.5,6.0025510310946836e-18
210.5,6.0025510310946836e-18
211.5,6.0025510310946836e-18
212.5,6.0025510310946836e-18
213.5,6.0025510310946836e-18
214.5,6.0025510310946836e-18
215.5,6.0025510310946836e-18
216.5,6.0025510310946836e-18
217.5,6.0025510310946836e-18
218.5,6.0025510310946836e-18
219.5,6.0025510310946836e-18
220.5,6.0025510310946836e-18
221.5,6.0025510310946836e-18
222.5,6.0025510310946836e-18
223.5,6.0025510310946836e-18
224.5,6.0025510310946836e-18
225.5,6.0025510310946836e-18
226.5,6.0025510310946836e-18
227.5,6.0025510310946836e-18
228.5,6.0025510310946836e-18
229.5,6.0025510310946836e-18
230.5,6.0025510310946836e-18
231.5,6.0025510310946836e-18
232.5,6.0025510310946836e-18
233.5,6.0025510310946836e-18
234.5,6.0025510310946836e-18
235.5,6.0025510310946836e-18
236.5,6.0025510310946836e-18
237.5,6.0025510310946836e-18
238.5,6.0025510310946836e-18
239.5,6.0025510310946836e-18
240.5,6.0025510310946836e-18
241.5,6.0025510310946836e-18
242.5,6.0025510310946836e-18
243.5,6.0025510310946836e-18
244.5,6.0025510310946836e-18
245.5,6.0025510310946836e-18
246.5,6.0025510310946836e-18
247.5,6.0025510310946836e-18
248.5,6.0025510310946836e-18
249.5,6.0025510310946836e-18
250.5,6.0025510310946836e-18
251.5,6.0025510310946836e-18
252.5,6.0025510310946836e-18
253.5,6.0025510310946836e-18
254.5,6.0025510310946836e-18
255.5,6.0025510310946836e-18
256.5,6.0025510310946836e-18
257.5,6.0025510310946836e-18
258.5,6.0025510310946836e-18
259.5,6.0025510310946836e-18
260.5,6.0025510310946836e-18
261.5,6.0025510310946836e-18
262.5,6.0025510310946836e-18
263.5,6.0025510310946836e-18
264.5,6.0025510310946836e-18
265.5,6.0025510310946836e-18
266.5,6.0025510310946836e-18
267.5,6.0025510310946836e-18
268.5,6.0025510310946836e-18
269.5,6.0025510310946836e-18
270.5,6.0025510310946836e-18
271.5,6.0025510310946836e-18
272.5,6.0025510310946836e-18
273.5,6.0025510310946836e-18
274.5,6.0025510310946836e-18
275.5,6.0025510310946836e-18
276.5,6.0025510310946836e-18
277.5,6.0025510310946836e-18
278.5,6.0025510310946836e-18
279.5,6.0025510310946836e-18
280.5,6.0025510310946836e-18
281.5,6.0025510310946836e-18
282.5,6.0025510310946836e-18
283.5,6.0025510310946836e-18
284.5,6.0025510310946836e-18
285.5,6.0025510310946836e-18
286.5,6.0025510310946836e-18
287.5,6.0025510310946836e-18
288.5,6.0025510310946836e-18
289.5,6.0025510310946836e-18
290.5,6.0025510310946836e-18
291.5,6.0025510310946836e-18
292.5,6.0025510310946836e-18
293.5,6.0025510310946836e-18
294.5,6.0025510310946836e-18
295.5,6.0025510310946836e-18
296.5,6.0025510310946836e-18
297.5,6.0025510310946836e-18
298.5,6.0025510310946836e-18
299.5,6.0025510310946836e-18
300.5,5.300732166796436e-18
301.5,5.300732166796436e-18
302.5,5.300732166796436e-18
303.5,5.300732166796436e-18
304.5,5.300732166796436e-18
305.5,5.300732166796436e-18
306.5,5.300732166796436e-18
307.5,5.300732166796436e-18
308.5,5.300732166796436e-18
309.5,5.300732166796436e-18
310.5,5.300732166796436e-18
311.5,5.300732166796436e-18
312.5,5.300732166796436e-18
313.5,5.300732166796436e-18
314.5,5.300732166796436e-18
315.5,5.300732166796436e-18
316.5,5.300732166796436e-18
317.5,5.300732166796436e-18
318.5,5.300732166796436e-18
319.5,5.300732166796436e-18
320.5,5.300732166796436e-18
321.5,5.300732166796436e-18
322.5,5.300732166796436e-18
323.5,5.300732166796436e-18
324.5,5.300732166796436e-18
325.5,5.300732166796436e-18
326.5,5.300732166796436e-18
327.5,5.300732166796436e-18
328.5,5.300732166796436e-18
329.5,5.300732166796436e-18
330.5,5.300732166796436e-18
331.5,5.300732166796436e-18
332.5,5.300732166796436e-18
333.5,5.300732166796436e-18
334.5,5.300732166796436e-18
335.5,5.300732166796436e-18
336.5,5.300732166796436e-18
337.5,5.300732166796436e-18
338.5,5.300732166796436e-18
339.5,5.300732166796436e-18
340.5,5.300732166796436e-18
341.5,5.300732166796436e-18
342.5,5.300732166796436e-18
343.5,5.300732166796436e-18
344.5,5.300732166796436e-18
345.5,5.300732166796436e-18
346.5,5.300732166796436e-18
347.5,5.300732166796436e-18
348.5,5.300732166796436e-18
349.5,5.300732166796436e-18
350.5,5.300732166796436e-18
351.5,5.300732166796436e-18
352.5,5.300732166796436e-18
353.5,5.300732166796436e-18
354.5,5.300732166796436e-18
355.5,5.300732166796436e-18
356.5,5.300732166796436e-18
357.5,5.300732166796436e-18
358.5,5.300732166796436e-18
359.5,5.300732166796436e-18
360.5,5.300732166796436e-18
361.5,5.300732166796436e-18
362.5,5.300732166796436e-18
363.5,5.300732166796436e-18
364.5,5.300732166796436e-18
365.5,5.300732166796436e-18
366.5,5.300732166796436e-18
367.5,5.300732166796436e-18
368.5,5.300732166796436e-18
369.5,5.300732166796436e-18
370.5,5.300732166796436e-18
371.5,5.300732166796436e-18
372.5,5.300732166796436e-18
373.5,5.300732166796436e-18
374.5,5.300732166796436e-18
375.5,5.300732166796436e-18
376.5,5.300732166796436e-18
377.5,5.300732166796436e-18
378.5,5.300732166796436e-18
379.5,5.300732166796436e-18
380.5,5.300732166796436e-18
381.5,5.300732166796436e-18
382.5,5.300732166796436e-18
383.5,5.300732166796436e-18
384.5,5.300732166796436e-18
385.5,5.300732166796436e-18
386.5,5.300732166796436e-18
387.5,5.300732166796436e-18
388.5,5.300732166796436e-18
389.5,5.300732166796436e-18
390.5,5.300732166796436e-18
391.5,5.300732166796436e-18
392.5,5.300732166796436e-18
393.5,5.300732166796436e-18
394.5,5.300732166796436e-18
395.5,5.300732166796436e-18
396.5,5.300732166796436e-18
397.5,5.300732166796436e-18
398.5,5.300732166796436e-18
399.5,5.300732166796436e-18
400.5,3.5276958391829e-20
401.5,3.5276958391829e-20
402.5,3.5276958391829e-20
403.5,3.5276958391829e-20
404.5,3.5276958391829e-20
405.5,3.5276958391829e-20
406.5,3.5276958391829e-20
407.5,3.5276958391829e-20
408.5,3.5276958391829e-20
409.5,3.5276958391829e-20
410.5,3.5276958391829e-20
411.5,3.5276958391829e-20
412.5,3.5276958391829e-20
413.5,3.5276958391829e-20
414.5,3.5276958391829e-20
415.5,3.5276958391829e-20
416.5,3.5276958391829e-20
417.5,3.5276958391829e-20
418.5,3.5276958391829e-20
419.5,3.5276958391829e-20
420.5,3.5276958391829e-20
421.5,3.5276958391829e-20
422.5,3.5276958391829e-20
423.5,3.5276958391829e-20
424.5,3.5276958391829e-20
425.5,3.5276958391829e-20
426.5,3.5276958391829e-20
427.5,3.5276958391829e-20
428.5,3.5276958391829e-20
429.5,3.5276958391829e-20
430.5,3.5276958391829e-20
431.5,3.5276958391829e-20
432.5,3.5276958391829e-20
433.5,3.5276958391829e-20
434.5,3.5276958391829e-20
435.5,3.5276958391829e-20
436.5,3.5276958391829e-20
437.5,3.5276958391829e-20
438.5,3.5276958391829e-20
439.5,3.5276958391829e-20
440.5,3.5276958391829e-20
441.5,3.5276958391829e-20
442.5,3.5276958391829e-20
443.5,3.5276958391829e-20
444.5,3.5276958391829e-20
445.5,3.5276958391829e-20
446.5,3.5276958391829e-20
447.5,3.5276958391829e-20
448.5,3.5276958391829e-20
449.5,3.5276958391829e-20
450.5,3.5276958391829e-20
451.5,3.5276958391829e-20
452.5,3.5276958391829e-20
453.5,3.5276958391829e-20
454.5,3.5276958391829e-20
455.5,3.5276958391829e-20
456.5,3.5276958391829e-20
457.5,3.5276958391829e-20
458.5,3.5276958391829e-20
459.5,3.5276958391829e-20
460.5,3.5276958391829e-20
461.5,3.5276958391829e-20
462.5,3.5276958391829e-20
463.5,3.5276958391829e-20
464.5,3.5276958391829e-20
465.5,3.5276958391829e-20
466.5,3.5276958391829e-20
467.5,3.5276958391829e-20
468.5,3.5276958391829e-20
469.5,3.5276958391829e-20
470.5,3.5276958391829e-20
471.5,3.5276958391829e-20
472.5,3.5276958391829e-20
473.5,3.5276958391829e-20
474.5,3.5276958391829e-20
475.5,3.5276958391829e-20
476.5,3.5276958391829e-20
477.5,3.5276958391829e-20
478.5,3.5276958391829e-20
479.5,3.5276958391829e-20
480.5,3.5276958391829e-20
481.5,3.5276958391829e-20
482.5,3.5276958391829e-20
483.5,3.5276958391829e-20
484.5,3.5276958391829e-20
485.5,3.5276958391829e-20
486.5,3.5276958391829e-20
487.5,3.5276958391829e-20
488.5,3.5276958391829e-20
489.5,3.5276958391829e-20
490.5,3.5276958391829e-20
491.5,3.5276958391829e-20
492.5,3.5276958391829e-20
493.5,3.5276958391829e-20
494.5,3.5276958391829e-20
495.5,3.5276958391829e-20
496.5,3.5276958391829e-20
497.5,3.5276958391829e-20
498.5,3.5276958391829e-20
499.5,3.5276958391829e-20
500.5,1.423668216116543e-20
501.5,1.423668216116543e-20
502.5,1.423668216116543e-20
503.5,1.423668216116543e-20
504.5,1.423668216116543e-20
505.5,1.423668216116543e-20
506.5,1.423668216116543e-20
507.5,1.423668216116543e-20
508.5,1.423668216116543e-20
509.5,1.423668216116543e-20
510.5,1.423668216116543e-20
511.5,1.423668216116543e-20
512.5,1.423668216116543e-20
513.5,1.423668216116543e-20
514.5,1.423668216116543e-20
515.5,1.423668216116543e-20
516.5,1.423668216116543e-20
517.5,1.423668216116543e-20
518.5,1.423668216116543e-20
519.5,1.423668216116543e-20
520.5,1.423668216116543e-20
521.5,1.423668216116543e-20
522.5,1.423668216116543e-20
523.5,1.423668216116543e-20
524.5,1.423668216116543e-20
525.5,1.423668216116543e-20
526.5,1.423668216116543e-20
527.5,1.423668216116543e-20
528.5,1.423668216116543e-20
529.5,1.423668216116543e-20
530.5,1.423668216116543e-20
531.5,1.423668216116543e-20
532.5,1.423668216116543e-20
533.5,1.423668216116543e-20
534.5,1.423668216116543e-20
535.5,1.423668216116543e-20
536.5,1.423668216116543e-20
537.5,1.423668216116543e-20
538.5,1.423668216116543e-20
539.5,1.423668216116543e-20
540.5,1.423668216116543e-20
541.5,1.423668216116543e-20
542.5,1.423668216116543e-20
543.5,1.423668216116543e-20
544.5,1.423668216116543e-20
545.5,1.423668216116543e-20
546.5,1.423668216116543e-20
547.5,1.423668216116543e-20
548.5,1.423668216116543e-20
549.5,1.423668216116543e-20
550.5,1.423668216116543e-20
551.5,1.423668216116543e-20
552.5,1.423668216116543e-20
553.5,1.423668216116543e-20
554.5,1.423668216116543e-20
555.5,1.423668216116543e-20
556.5,1.423668216116543e-20
557.5,1.423668216116543e-20
558.5,1.423668216116543e-20
559.5,1.423668216116543e-20
560.5,1.423668216116543e-20
561.5,1.423668216116543e-20
562.5,1.423668216116543e-20
563.5,1.423668216116543e-20
564.5,1.423668216116543e-20
565.5,1.423668216116543e-20
566.5,1.423668216116543e-20
567.5,1.423668216116543e-20
568.5,1.423668216116543e-20
569.5,1.423668216116543e-20
570.5,1.423668216116543e-20
571.5,1.423668216116543e-20
572.5,1.423668216116543e-20
573.5,1.423668216116543e-20
574.5,1.423668216116543e-20
575.5,1.423668216116543e-20
576.5,1.423668216116543e-20
577.5,1.423668216116543e-20
578.5,1.423668216116543e-20
579.5,1.423668216116543e-20
580.5,1.423668216116543e-20
581.5,1.423668216116543e-20
582.5,1.423668216116543e-20
583.5,1.423668216116543e-20
584.5,1.423668216116543e-20
585.5,1.423668216116543e-20
586.5,1.423668216116543e-20
587.5,1.423668216116543e-20
588.5,1.423668216116543e-20
589.5,1.423668216116543e-20
590.5,1.423668216116543e-20
591.5,1.423668216116543e-20
592.5,1.423668216116543e-20
593.5,1.423668216116543e-20
594.5,1.423668216116543e-20
595.5,1.423668216116543e-20
596.5,1.423668216116543e-20
597.5,1.423668216116543e-20
598.5,1.423668216116543e-20
599.5,1.423668216116543e-20
600.5,9.022305100645932e-20
601.5,9.022305100645932e-20
602.5,9.022305100645932e-20
603.5,9.022305100645932e-20
604.5,9.022305100645932e-20
605.5,9.022305100645932e-20
606.5,9.022305100645932e-20
607.5,9.022305100645932e-20
608.5,9.022305100645932e-20
609.5,9.022305100645932e-20
610.5,9.022305100645932e-20
611.5,9.022305100645932e-20
612.5,9.022305100645932e-20
613.5,9.022305100645932e-20
614.5,9.022305100645932e-20
615.5,9.022305100645932e-20
616.5,9.022305100645932e-20
617.5,9.022305100645932e-20
618.5,9.022305100645932e-20
619.5,9.022305100645932e-20
620.5,9.022305100645932e-20
621.5,9.022305100645932e-20
622.5,9.022305100645932e-20
623.5,9.022305100645932e-20
624.5,9.022305100645932e-20
625.5,9.022305100645932e-20
626.5,9.022305100645932e-20
627.5,9.022305100645932e-20
628.5,9.022305100645932e-20
629.5,9.022305100645932e-20
630.5,9.022305100645932e-20
631.5,9.022305100645932e-20
632.5,9.022305100645932e-20
633.5,9.022305100645932e-20
634.5,9.022305100645932e-20
635.5,9.022305100645932e-20
636.5,9.022305100645932e-20
637.5,9.022305100645932e-20
638.5,9.022305100645932e-20
639.5,9.022305100645932e-20
640.5,9.022305100645932e-20
641.5,9.022305100645932e-20
642.5,9.022305100645932e-20
643.5,9.022305100645932e-20
644.5,9.022305100645932e-20
645.5,9.022305100645932e-20
646.5,9.022305100645932e-20
647.5,9.022305100645932e-20
648.5,9.022305100645932e-20
649.5,9.022305100645932e-20
650.5,9.022305100645932e-20
651.5,9.022305100645932e-20
652.5,9.022305100645932e-20
653.5,9.022305100645932e-20
654.5,9.022305100645932e-20
655.5,9.022305100645932e-20
656.5,9.022305100645932e-20
657.5,9.022305100645932e-20
658.5,9.022305100645932e-20
659.5,9.022305100645932e-20
660.5,9.022305100645932e-20
661.5,9.022305100645932e-20
662.5,9.022305100645932e-20
663.5,9.022305100645932e-20
664.5,9.022305100645932e-20
665.5,9.022305100645932e-20
666.5,9.022305100645932e-20
667.5,9.022305100645932e-20
668.5,9.022305100645932e-20
669.5,9.022305100645932e-20
670.5,9.022305100645932e-20
671.5,9.022305100645932e-20
672.5,9.022305100645932e-20
673.5,9.022305100645932e-20
674.5,9.022305100645932e-20
