trappist-1/combined/TRAPPIST-1_1Aeuv_estimate.ecsv
# %ECSV 0.9
# ---
# datatype:
# - name: WAVELENGTH
#   unit: Angstrom
#   datatype: float64
# - name: FLUX
#   unit: erg / (cm2 s)
#   datatype: float64
# delimiter: ','
# schema: astropy-2.0
WAVELENGTH,FLUX
[from data line 554]
654.5,4.682660000041496e-19
655.5,4.682660000041496e-19
656.5,4.682660000041496e-19
657.5,4.682660000041496e-19
658.5,4.682660000041496e-19
659.5,4.682660000041496e-19
660.5,4.682660000041496e-19
661.5,4.682660000041496e-19
662.5,4.682660000041496e-19
663.5,4.682660000041496e-19
664.5,4.682660000041496e-19
665.5,4.682660000041496e-19
666.5,4.682660000041496e-19
667.5,4.682660000041496e-19
668.5,4.682660000041496e-19
669.5,4.682660000041496e-19
670.5,4.682660000041496e-19
671.5,4.682660000041496e-19
672.5,4.682660000041496e-19
673.5,4.682660000041496e-19
674.5,4.682660000041496e-19
675.5,4.682660000041496e-19
676.5,4.682660000041496e-19
677.5,4.682660000041496e-19
678.5,4.682660000041496e-19
679.5,4.682660000041496e-19
680.5,4.682660000041496e-19
681.5,4.682660000041496e-19
682.5,4.682660000041496e-19
683.5,4.682660000041496e-19
684.5,4.682660000041496e-19
685.5,4.682660000041496e-19
686.5,4.682660000041496e-19
687.5,4.682660000041496e-19
688.5,4.682660000041496e-19
689.5,4.682660000041496e-19
690.5,4.682660000041496e-19
691.5,4.682660000041496e-19
692.5,4.682660000041496e-19
693.5,4.682660000041496e-19
694.5,4.682660000041496e-19
695.5,4.682660000041496e-19
696.5,4.682660000041496e-19
697.5,4.682660000041496e-19
698.5,4.682660000041496e-19
699.5,4.682660000041496e-19
700.5,2.159736071604461e-19
701.5,2.159736071604461e-19
702.5,2.159736071604461e-19
703.5,2.159736071604461e-19
704.5,2.159736071604461e-19
705.5,2.159736071604461e-19
706.5,2.159736071604461e-19
707.5,2.159736071604461e-19
708.5,2.159736071604461e-19
709.5,2.159736071604461e-19
710.5,2.159736071604461e-19
711.5,2.159736071604461e-19
712.5,2.159736071604461e-19
713.5,2.159736071604461e-19
714.5,2.159736071604461e-19
715.5,2.159736071604461e-19
716.5,2.159736071604461e-19
717.5,2.159736071604461e-19
718.5,2.159736071604461e-19
719.5,2.159736071604461e-19
720.5,2.159736071604461e-19
721.5,2.159736071604461e-19
722.5,2.159736071604461e-19
723.5,2.159736071604461e-19
724.5,2.159736071604461e-19
725.5,2.159736071604461e-19
726.5,2.159736071604461e-19
727.5,2.159736071604461e-19
728.5,2.159736071604461e-19
729.5,2.159736071604461e-19
730.5,2.159736071604461e-19
731.5,2.159736071604461e-19
732.5,2.159736071604461e-19
733.5,2.159736071604461e-19
734.5,2.159736071604461e-19
735.5,2.159736071604461e-19
736.5,2.159736071604461e-19
737.5,2.159736071604461e-19
738.5,2.159736071604461e-19
739.5,2.159736071604461e-19
740.5,2.159736071604461e-19
741.5,2.159736071604461e-19
742.5,2.159736071604461e-19
743.5,2.159736071604461e-19
744.5,2.159736071604461e-19
745.5,2.159736071604461e-19
746.5,2.159736071604461e-19
747.5,2.159736071604461e-19
748.5,2.159736071604461e-19
749.5,2.159736071604461e-19
750.5,2.159736071604461e-19
751.5,2.159736071604461e-19
752.5,2.159736071604461e-19
753.5,2.159736071604461e-19
754.5,2.159736071604461e-19
755.5,2.159736071604461e-19
756.5,2.159736071604461e-19
757.5,2.159736071604461e-19
758.5,2.159736071604461e-19
759.5,2.159736071604461e-19
760.5,2.159736071604461e-19
761.5,2.159736071604461e-19
762.5,2.159736071604461e-19
763.5,2.159736071604461e-19
764.5,2.159736071604461e-19
765.5,2.159736071604461e-19
766.5,2.159736071604461e-19
767.5,2.159736071604461e-19
768.5,2.159736071604461e-19
769.5,2.159736071604461e-19
770.5,2.159736071604461e-19
771.5,2.159736071604461e-19
772.5,2.159736071604461e-19
773.5,2.159736071604461e-19
774.5,2.159736071604461e-19
775.5,2.159736071604461e-19
776.5,2.159736071604461e-19
777.5,2.159736071604461e-19
778.5,2.159736071604461e-19
779.5,2.159736071604461e-19
780.5,2.159736071604461e-19
781.5,2.159736071604461e-19
782.5,2.159736071604461e-19
783.5,2.159736071604461e-19
784.5,2.159736071604461e-19
785.5,2.159736071604461e-19
786.5,2.159736071604461e-19
787.5,2.159736071604461e-19
788.5,2.159736071604461e-19
789.5,2.159736071604461e-19
790.5,2.159736071604461e-19
791.5,2.159736071604461e-19
792.5,2.159736071604461e-19
793.5,2.159736071604461e-19
794.5,2.159736071604461e-19
795.5,2.159736071604461e-19
796.5,2.159736071604461e-19
797.5,2.159736071604461e-19
798.5,2.159736071604461e-19
799.5,2.159736071604461e-19
800.5,1.1162728545260143e-19
801.5,1.1162728545260143e-19
802.5,1.1162728545260143e-19
803.5,1.1162728545260143e-19
804.5,1.1162728545260143e-19
805.5,1.1162728545260143e-19
806.5,1.1162728545260143e-19
807.5,1.1162728545260143e-19
808.5,1.1162728545260143e-19
809.5,1.1162728545260143e-19
810.5,1.1162728545260143e-19
811.5,1.1162728545260143e-19
812.5,1.1162728545260143e-19
813.5,1.1162728545260143e-19
814.5,1.1162728545260143e-19
815.5,1.1162728545260143e-19
816.5,1.1162728545260143e-19
817.5,1.1162728545260143e-19
818.5,1.1162728545260143e-19
819.5,1.1162728545260143e-19
820.5,1.1162728545260143e-19
821.5,1.1162728545260143e-19
822.5,1.1162728545260143e-19
823.5,1.1162728545260143e-19
824.5,1.1162728545260143e-19
825.5,1.1162728545260143e-19
826.5,1.1162728545260143e-19
827.5,1.1162728545260143e-19
828.5,1.1162728545260143e-19
829.5,1.1162728545260143e-19
830.5,1.1162728545260143e-19
831.5,1.1162728545260143e-19
832.5,1.1162728545260143e-19
833.5,1.1162728545260143e-19
834.5,1.1162728545260143e-19
835.5,1.1162728545260143e-19
836.5,1.1162728545260143e-19
837.5,1.1162728545260143e-19
838.5,1.1162728545260143e-19
839.5,1.1162728545260143e-19
840.5,1.1162728545260143e-19
841.5,1.1162728545260143e-19
842.5,1.1162728545260143e-19
843.5,1.1162728545260143e-19
844.5,1.1162728545260143e-19
845.5,1.1162728545260143e-19
846.5,1.1162728545260143e-19
847.5,1.1162728545260143e-19
848.5,1.1162728545260143e-19
849.5,1.1162728545260143e-19
850.5,1.1162728545260143e-19
851.5,1.1162728545260143e-19
852.5,1.1162728545260143e-19
853.5,1.1162728545260143e-19
854.5,1.1162728545260143e-19
855.5,1.1162728545260143e-19
856.5,1.1162728545260143e-19
857.5,1.1162728545260143e-19
858.5,1.1162728545260143e-19
859.5,1.1162728545260143e-19
860.5,1.1162728545260143e-19
861.5,1.1162728545260143e-19
862.5,1.1162728545260143e-19
863.5,1.1162728545260143e-19
864.5,1.1162728545260143e-19
865.5,1.1162728545260143e-19
866.5,1.1162728545260143e-19
867.5,1.1162728545260143e-19
868.5,1.1162728545260143e-19
869.5,1.1162728545260143e-19
870.5,1.1162728545260143e-19
871.5,1.1162728545260143e-19
872.5,1.1162728545260143e-19
873.5,1.1162728545260143e-19
874.5,1.1162728545260143e-19
875.5,1.1162728545260143e-19
876.5,1.1162728545260143e-19
877.5,1.1162728545260143e-19
878.5,1.1162728545260143e-19
879.5,1.1162728545260143e-19
880.5,1.1162728545260143e-19
881.5,1.1162728545260143e-19
882.5,1.1162728545260143e-19
883.5,1.1162728545260143e-19
884.5,1.1162728545260143e-19
885.5,1.1162728545260143e-19
886.5,1.1162728545260143e-19
887.5,1.1162728545260143e-19
888.5,1.1162728545260143e-19
889.5,1.1162728545260143e-19
890.5,1.1162728545260143e-19
891.5,1.1162728545260143e-19
892.5,1.1162728545260143e-19
893.5,1.1162728545260143e-19
894.5,1.1162728545260143e-19
895.5,1.1162728545260143e-19
896.5,1.1162728545260143e-19
897.5,1.1162728545260143e-19
898.5,1.1162728545260143e-19
899.5,1.1162728545260143e-19
900.5,1.1162728545260143e-19
901.5,1.1162728545260143e-19
902.5,1.1162728545260143e-19
903.5,1.1162728545260143e-19
904.5,1.1162728545260143e-19
905.5,1.1162728545260143e-19
906.5,1.1162728545260143e-19
907.5,1.1162728545260143e-19
908.5,1.1162728545260143e-19
909.5,1.1162728545260143e-19
910.5,1.1162728545260143e-19
911.5,1.1162728545260143e-19
912.5,2.5281829354796805e-18
913.5,2.5281829354796805e-18
914.5,2.5281829354796805e-18
915.5,2.5281829354796805e-18
916.5,2.5281829354796805e-18
917.5,2.5281829354796805e-18
918.5,2.5281829354796805e-18
919.5,2.5281829354796805e-18
920.5,2.5281829354796805e-18
921.5,2.5281829354796805e-18
922.5,2.5281829354796805e-18
923.5,2.5281829354796805e-18
924.5,2.5281829354796805e-18
925.5,2.5281829354796805e-18
926.5,2.5281829354796805e-18
927.5,2.5281829354796805e-18
928.5,2.5281829354796805e-18
929.5,2.5281829354796805e-18
930.5,2.5281829354796805e-18
931.5,2.5281829354796805e-18
932.5,2.5281829354796805e-18
933.5,2.5281829354796805e-18
934.5,2.5281829354796805e-18
935.5,2.5281829354796805e-18
936.5,2.5281829354796805e-18
937.5,2.5281829354796805e-18
938.5,2.5281829354796805e-18
939.5,2.5281829354796805e-18
940.5,2.5281829354796805e-18
941.5,2.5281829354796805e-18
942.5,2.5281829354796805e-18
943.5,2.5281829354796805e-18
944.5,2.5281829354796805e-18
945.5,2.5281829354796805e-18
946.5,2.5281829354796805e-18
947.5,2.5281829354796805e-18
948.5,2.5281829354796805e-18
949.5,2.5281829354796805e-18
950.5,2.5281829354796805e-18
951.5,2.5281829354796805e-18
952.5,2.5281829354796805e-18
953.5,2.5281829354796805e-18
954.5,2.5281829354796805e-18
955.5,2.5281829354796805e-18
956.5,2.5281829354796805e-18
957.5,2.5281829354796805e-18
958.5,2.5281829354796805e-18
959.5,2.5281829354796805e-18
960.5,2.5281829354796805e-18
961.5,2.5281829354796805e-18
962.5,2.5281829354796805e-18
963.5,2.5281829354796805e-18
964.5,2.5281829354796805e-18
965.5,2.5281829354796805e-18
966.5,2.5281829354796805e-18
967.5,2.5281829354796805e-18
968.5,2.5281829354796805e-18
969.5,2.5281829354796805e-18
970.5,2.5281829354796805e-18
971.5,2.5281829354796805e-18
972.5,2.5281829354796805e-18
973.5,2.5281829354796805e-18
974.5,2.5281829354796805e-18
975.5,2.5281829354796805e-18
976.5,2.5281829354796805e-18
977.5,2.5281829354796805e-18
978.5,2.5281829354796805e-18
979.5,2.5281829354796805e-18
980.5,2.5281829354796805e-18
981.5,2.5281829354796805e-18
982.5,2.5281829354796805e-18
983.5,2.5281829354796805e-18
984.5,2.5281829354796805e-18
985.5,2.5281829354796805e-18
986.5,2.5281829354796805e-18
987.5,2.5281829354796805e-18
988.5,2.5281829354796805e-18
989.5,2.5281829354796805e-18
990.5,2.5281829354796805e-18
991.5,2.5281829354796805e-18
992.5,2.5281829354796805e-18
993.5,2.5281829354796805e-18
994.5,2.5281829354796805e-18
995.5,2.5281829354796805e-18
996.5,2.5281829354796805e-18
997.5,2.5281829354796805e-18
998.5,2.5281829354796805e-18
999.5,2.5281829354796805e-18
1000.5,2.5281829354796805e-18
1001.5,2.5281829354796805e-18
1002.5,2.5281829354796805e-18
1003.5,2.5281829354796805e-18
1004.5,2.5281829354796805e-18
1005.5,2.5281829354796805e-18
1006.5,2.5281829354796805e-18
1007.5,2.5281829354796805e-18
1008.5,2.5281829354796805e-18
1009.5,2.5281829354796805e-18
1010.5,2.5281829354796805e-18
1011.5,2.5281829354796805e-18
1012.5,2.5281829354796805e-18
1013.5,2.5281829354796805e-18
1014.5,2.5281829354796805e-18
1015.5,2.5281829354796805e-18
1016.5,2.5281829354796805e-18
1017.5,2.5281829354796805e-18
1018.5,2.5281829354796805e-18
1019.5,2.5281829354796805e-18
1020.5,2.5281829354796805e-18
1021.5,2.5281829354796805e-18
1022.5,2.5281829354796805e-18
1023.5,2.5281829354796805e-18
1024.5,2.5281829354796805e-18
1025.5,2.5281829354796805e-18
1026.5,2.5281829354796805e-18
1027.5,2.5281829354796805e-18
1028.5,2.5281829354796805e-18
1029.5,2.5281829354796805e-18
1030.5,2.5281829354796805e-18
1031.5,2.5281829354796805e-18
1032.5,2.5281829354796805e-18
1033.5,2.5281829354796805e-18
1034.5,2.5281829354796805e-18
1035.5,2.5281829354796805e-18
1036.5,2.5281829354796805e-18
1037.5,2.5281829354796805e-18
1038.5,2.5281829354796805e-18
1039.5,2.5281829354796805e-18
1040.5,2.5281829354796805e-18
1041.5,2.5281829354796805e-18
1042.5,2.5281829354796805e-18
1043.5,2.5281829354796805e-18
1044.5,2.5281829354796805e-18
1045.5,2.5281829354796805e-18
1046.5,2.5281829354796805e-18
1047.5,2.5281829354796805e-18
1048.5,2.5281829354796805e-18
1049.5,2.5281829354796805e-18
1050.5,2.5281829354796805e-18
1051.5,2.5281829354796805e-18
1052.5,2.5281829354796805e-18
1053.5,2.5281829354796805e-18
1054.5,2.5281829354796805e-18
1055.5,2.5281829354796805e-18
1056.5,2.5281829354796805e-18
1057.5,2.5281829354796805e-18
1058.5,2.5281829354796805e-18
1059.5,2.5281829354796805e-18
1060.5,2.5281829354796805e-18
1061.5,2.5281829354796805e-18
1062.5,2.5281829354796805e-18
1063.5,2.5281829354796805e-18
1064.5,2.5281829354796805e-18
1065.5,2.5281829354796805e-18
1066.5,2.5281829354796805e-18
1067.5,2.5281829354796805e-18
1068.5,2.5281829354796805e-18
1069.5,2.5281829354796805e-18
1070.5,2.5281829354796805e-18
1071.5,2.5281829354796805e-18
1072.5,2.5281829354796805e-18
1073.5,2.5281829354796805e-18
1074.5,2.5281829354796805e-18
1075.5,2.5281829354796805e-18
1076.5,2.5281829354796805e-18
1077.5,2.5281829354796805e-18
1078.5,2.5281829354796805e-18
1079.5,2.5281829354796805e-18
1080.5,2.5281829354796805e-18
1081.5,2.5281829354796805e-18
1082.5,2.5281829354796805e-18
1083.5,2.5281829354796805e-18
1084.5,2.5281829354796805e-18
1085.5,2.5281829354796805e-18
1086.5,2.5281829354796805e-18
1087.5,2.5281829354796805e-18
1088.5,2.5281829354796805e-18
1089.5,2.5281829354796805e-18
1090.5,2.5281829354796805e-18
1091.5,2.5281829354796805e-18
1092.5,2.5281829354796805e-18
1093.5,2.5281829354796805e-18
1094.5,2.5281829354796805e-18
1095.5,2.5281829354796805e-18
1096.5,2.5281829354796805e-18
1097.5,2.5281829354796805e-18
1098.5,2.5281829354796805e-18
1099.5,2.5281829354796805e-18
1100.5,2.5281829354796805e-18
1101.5,2.5281829354796805e-18
1102.5,2.5281829354796805e-18
1103.5,2.5281829354796805e-18
1104.5,2.5281829354796805e-18
1105.5,2.5281829354796805e-18
1106.5,2.5281829354796805e-18
1107.5,2.5281829354796805e-18
1108.5,2.5281829354796805e-18
1109.5,2.5281829354796805e-18
1110.5,2.5281829354796805e-18
1111.5,2.5281829354796805e-18
1112.5,2.5281829354796805e-18
1113.5,2.5281829354796805e-18
1114.5,2.5281829354796805e-18
1115.5,2.5281829354796805e-18
1116.5,2.5281829354796805e-18
1117.5,2.5281829354796805e-18
1118.5,2.5281829354796805e-18
1119.5,2.5281829354796805e-18
1120.5,2.5281829354796805e-18
1121.5,2.5281829354796805e-18
1122.5,2.5281829354796805e-18
1123.5,2.5281829354796805e-18
1124.5,2.5281829354796805e-18
1125.5,2.5281829354796805e-18
1126.5,2.5281829354796805e-18
1127.5,2.5281829354796805e-18
1128.5,2.5281829354796805e-18
1129.5,2.5281829354796805e-18
1130.5,2.5281829354796805e-18
1131.5,2.5281829354796805e-18
1132.5,2.5281829354796805e-18
1133.5,2.5281829354796805e-18
1134.5,2.5281829354796805e-18
1135.5,2.5281829354796805e-18
1136.5,2.5281829354796805e-18
1137.5,2.5281829354796805e-18
1138.5,2.5281829354796805e-18
1139.5,2.5281829354796805e-18
1140.5,2.5281829354796805e-18
1141.5,2.5281829354796805e-18
1142.5,2.5281829354796805e-18
1143.5,2.5281829354796805e-18
1144.5,2.5281829354796805e-18
1145.5,2.5281829354796805e-18
1146.5,2.5281829354796805e-18
1147.5,2.5281829354796805e-18
1148.5,2.5281829354796805e-18
1149.5,2.5281829354796805e-18
1150.5,2.5281829354796805e-18
1151.5,2.5281829354796805e-18
1152.5,2.5281829354796805e-18
1153.5,2.5281829354796805e-18
1154.5,2.5281829354796805e-18
1155.5,2.5281829354796805e-18
1156.5,2.5281829354796805e-18
1157.5,2.5281829354796805e-18
1158.5,2.5281829354796805e-18
1159.5,2.5281829354796805e-18
1160.5,2.5281829354796805e-18
1161.5,2.5281829354796805e-18
1162.5,2.5281829354796805e-18
1163.5,2.5281829354796805e-18
1164.5,2.5281829354796805e-18
1165.5,2.5281829354796805e-18
1166.5,2.5281829354796805e-18
1167.5,2.5281829354796805e-18
1168.5,2.5281829354796805e-18
1169.5,2.5281829354796805e-18
