trappist-1/combined/TRAPPIST-1_1Aeuv_estimate.ecsv
# %ECSV 0.9
# ---
# datatype:
# - {name: WAVELENGTH, unit: Angstrom, datatype: float64}
# - {name: FLUX, unit: erg / (cm2 s), datatype: float64}
# delimiter: ','
# schema: astropy-2.0
WAVELENGTH,FLUX
[from data line 576]
676.5,9.022305100645932e-20
677.5,9.022305100645932e-20
678.5,9.022305100645932e-20
679.5,9.022305100645932e-20
680.5,9.022305100645932e-20
681.5,9.022305100645932e-20
682.5,9.022305100645932e-20
683.5,9.022305100645932e-20
684.5,9.022305100645932e-20
685.5,9.022305100645932e-20
686.5,9.022305100645932e-20
687.5,9.022305100645932e-20
688.5,9.022305100645932e-20
689.5,9.022305100645932e-20
690.5,9.022305100645932e-20
691.5,9.022305100645932e-20
692.5,9.022305100645932e-20
693.5,9.022305100645932e-20
694.5,9.022305100645932e-20
695.5,9.022305100645932e-20
696.5,9.022305100645932e-20
697.5,9.022305100645932e-20
698.5,9.022305100645932e-20
699.5,9.022305100645932e-20
700.5,2.876655919682708e-20
701.5,2.876655919682708e-20
702.5,2.876655919682708e-20
703.5,2.876655919682708e-20
704.5,2.876655919682708e-20
705.5,2.876655919682708e-20
706.5,2.876655919682708e-20
707.5,2.876655919682708e-20
708.5,2.876655919682708e-20
709.5,2.876655919682708e-20
710.5,2.876655919682708e-20
711.5,2.876655919682708e-20
712.5,2.876655919682708e-20
713.5,2.876655919682708e-20
714.5,2.876655919682708e-20
715.5,2.876655919682708e-20
716.5,2.876655919682708e-20
717.5,2.876655919682708e-20
718.5,2.876655919682708e-20
719.5,2.876655919682708e-20
720.5,2.876655919682708e-20
721.5,2.876655919682708e-20
722.5,2.876655919682708e-20
723.5,2.876655919682708e-20
724.5,2.876655919682708e-20
725.5,2.876655919682708e-20
726.5,2.876655919682708e-20
727.5,2.876655919682708e-20
728.5,2.876655919682708e-20
729.5,2.876655919682708e-20
730.5,2.876655919682708e-20
731.5,2.876655919682708e-20
732.5,2.876655919682708e-20
733.5,2.876655919682708e-20
734.5,2.876655919682708e-20
735.5,2.876655919682708e-20
736.5,2.876655919682708e-20
737.5,2.876655919682708e-20
738.5,2.876655919682708e-20
739.5,2.876655919682708e-20
740.5,2.876655919682708e-20
741.5,2.876655919682708e-20
742.5,2.876655919682708e-20
743.5,2.876655919682708e-20
744.5,2.876655919682708e-20
745.5,2.876655919682708e-20
746.5,2.876655919682708e-20
747.5,2.876655919682708e-20
748.5,2.876655919682708e-20
749.5,2.876655919682708e-20
750.5,2.876655919682708e-20
751.5,2.876655919682708e-20
752.5,2.876655919682708e-20
753.5,2.876655919682708e-20
754.5,2.876655919682708e-20
755.5,2.876655919682708e-20
756.5,2.876655919682708e-20
757.5,2.876655919682708e-20
758.5,2.876655919682708e-20
759.5,2.876655919682708e-20
760.5,2.876655919682708e-20
761.5,2.876655919682708e-20
762.5,2.876655919682708e-20
763.5,2.876655919682708e-20
764.5,2.876655919682708e-20
765.5,2.876655919682708e-20
766.5,2.876655919682708e-20
767.5,2.876655919682708e-20
768.5,2.876655919682708e-20
769.5,2.876655919682708e-20
770.5,2.876655919682708e-20
771.5,2.876655919682708e-20
772.5,2.876655919682708e-20
773.5,2.876655919682708e-20
774.5,2.876655919682708e-20
775.5,2.876655919682708e-20
776.5,2.876655919682708e-20
777.5,2.876655919682708e-20
778.5,2.876655919682708e-20
779.5,2.876655919682708e-20
780.5,2.876655919682708e-20
781.5,2.876655919682708e-20
782.5,2.876655919682708e-20
783.5,2.876655919682708e-20
784.5,2.876655919682708e-20
785.5,2.876655919682708e-20
786.5,2.876655919682708e-20
787.5,2.876655919682708e-20
788.5,2.876655919682708e-20
789.5,2.876655919682708e-20
790.5,2.876655919682708e-20
791.5,2.876655919682708e-20
792.5,2.876655919682708e-20
793.5,2.876655919682708e-20
794.5,2.876655919682708e-20
795.5,2.876655919682708e-20
796.5,2.876655919682708e-20
797.5,2.876655919682708e-20
798.5,2.876655919682708e-20
799.5,2.876655919682708e-20
800.5,1.0724476090836738e-20
801.5,1.0724476090836738e-20
802.5,1.0724476090836738e-20
803.5,1.0724476090836738e-20
804.5,1.0724476090836738e-20
805.5,1.0724476090836738e-20
806.5,1.0724476090836738e-20
807.5,1.0724476090836738e-20
808.5,1.0724476090836738e-20
809.5,1.0724476090836738e-20
810.5,1.0724476090836738e-20
811.5,1.0724476090836738e-20
812.5,1.0724476090836738e-20
813.5,1.0724476090836738e-20
814.5,1.0724476090836738e-20
815.5,1.0724476090836738e-20
816.5,1.0724476090836738e-20
817.5,1.0724476090836738e-20
818.5,1.0724476090836738e-20
819.5,1.0724476090836738e-20
820.5,1.0724476090836738e-20
821.5,1.0724476090836738e-20
822.5,1.0724476090836738e-20
823.5,1.0724476090836738e-20
824.5,1.0724476090836738e-20
825.5,1.0724476090836738e-20
826.5,1.0724476090836738e-20
827.5,1.0724476090836738e-20
828.5,1.0724476090836738e-20
829.5,1.0724476090836738e-20
830.5,1.0724476090836738e-20
831.5,1.0724476090836738e-20
832.5,1.0724476090836738e-20
833.5,1.0724476090836738e-20
834.5,1.0724476090836738e-20
835.5,1.0724476090836738e-20
836.5,1.0724476090836738e-20
837.5,1.0724476090836738e-20
838.5,1.0724476090836738e-20
839.5,1.0724476090836738e-20
840.5,1.0724476090836738e-20
841.5,1.0724476090836738e-20
842.5,1.0724476090836738e-20
843.5,1.0724476090836738e-20
844.5,1.0724476090836738e-20
845.5,1.0724476090836738e-20
846.5,1.0724476090836738e-20
847.5,1.0724476090836738e-20
848.5,1.0724476090836738e-20
849.5,1.0724476090836738e-20
850.5,1.0724476090836738e-20
851.5,1.0724476090836738e-20
852.5,1.0724476090836738e-20
853.5,1.0724476090836738e-20
854.5,1.0724476090836738e-20
855.5,1.0724476090836738e-20
856.5,1.0724476090836738e-20
857.5,1.0724476090836738e-20
858.5,1.0724476090836738e-20
859.5,1.0724476090836738e-20
860.5,1.0724476090836738e-20
861.5,1.0724476090836738e-20
862.5,1.0724476090836738e-20
863.5,1.0724476090836738e-20
864.5,1.0724476090836738e-20
865.5,1.0724476090836738e-20
866.5,1.0724476090836738e-20
867.5,1.0724476090836738e-20
868.5,1.0724476090836738e-20
869.5,1.0724476090836738e-20
870.5,1.0724476090836738e-20
871.5,1.0724476090836738e-20
872.5,1.0724476090836738e-20
873.5,1.0724476090836738e-20
874.5,1.0724476090836738e-20
875.5,1.0724476090836738e-20
876.5,1.0724476090836738e-20
877.5,1.0724476090836738e-20
878.5,1.0724476090836738e-20
879.5,1.0724476090836738e-20
880.5,1.0724476090836738e-20
881.5,1.0724476090836738e-20
882.5,1.0724476090836738e-20
883.5,1.0724476090836738e-20
884.5,1.0724476090836738e-20
885.5,1.0724476090836738e-20
886.5,1.0724476090836738e-20
887.5,1.0724476090836738e-20
888.5,1.0724476090836738e-20
889.5,1.0724476090836738e-20
890.5,1.0724476090836738e-20
891.5,1.0724476090836738e-20
892.5,1.0724476090836738e-20
893.5,1.0724476090836738e-20
894.5,1.0724476090836738e-20
895.5,1.0724476090836738e-20
896.5,1.0724476090836738e-20
897.5,1.0724476090836738e-20
898.5,1.0724476090836738e-20
899.5,1.0724476090836738e-20
900.5,1.0724476090836738e-20
901.5,1.0724476090836738e-20
902.5,1.0724476090836738e-20
903.5,1.0724476090836738e-20
904.5,1.0724476090836738e-20
905.5,1.0724476090836738e-20
906.5,1.0724476090836738e-20
907.5,1.0724476090836738e-20
908.5,1.0724476090836738e-20
909.5,1.0724476090836738e-20
910.5,1.0724476090836738e-20
911.5,1.0724476090836738e-20
912.5,6.145615021884232e-19
913.5,6.145615021884232e-19
914.5,6.145615021884232e-19
915.5,6.145615021884232e-19
916.5,6.145615021884232e-19
917.5,6.145615021884232e-19
918.5,6.145615021884232e-19
919.5,6.145615021884232e-19
920.5,6.145615021884232e-19
921.5,6.145615021884232e-19
922.5,6.145615021884232e-19
923.5,6.145615021884232e-19
924.5,6.145615021884232e-19
925.5,6.145615021884232e-19
926.5,6.145615021884232e-19
927.5,6.145615021884232e-19
928.5,6.145615021884232e-19
929.5,6.145615021884232e-19
930.5,6.145615021884232e-19
931.5,6.145615021884232e-19
932.5,6.145615021884232e-19
933.5,6.145615021884232e-19
934.5,6.145615021884232e-19
935.5,6.145615021884232e-19
936.5,6.145615021884232e-19
937.5,6.145615021884232e-19
938.5,6.145615021884232e-19
939.5,6.145615021884232e-19
940.5,6.145615021884232e-19
941.5,6.145615021884232e-19
942.5,6.145615021884232e-19
943.5,6.145615021884232e-19
944.5,6.145615021884232e-19
945.5,6.145615021884232e-19
946.5,6.145615021884232e-19
947.5,6.145615021884232e-19
948.5,6.145615021884232e-19
949.5,6.145615021884232e-19
950.5,6.145615021884232e-19
951.5,6.145615021884232e-19
952.5,6.145615021884232e-19
953.5,6.145615021884232e-19
954.5,6.145615021884232e-19
955.5,6.145615021884232e-19
956.5,6.145615021884232e-19
957.5,6.145615021884232e-19
958.5,6.145615021884232e-19
959.5,6.145615021884232e-19
960.5,6.145615021884232e-19
961.5,6.145615021884232e-19
962.5,6.145615021884232e-19
963.5,6.145615021884232e-19
964.5,6.145615021884232e-19
965.5,6.145615021884232e-19
966.5,6.145615021884232e-19
967.5,6.145615021884232e-19
968.5,6.145615021884232e-19
969.5,6.145615021884232e-19
970.5,6.145615021884232e-19
971.5,6.145615021884232e-19
972.5,6.145615021884232e-19
973.5,6.145615021884232e-19
974.5,6.145615021884232e-19
975.5,6.145615021884232e-19
976.5,6.145615021884232e-19
977.5,6.145615021884232e-19
978.5,6.145615021884232e-19
979.5,6.145615021884232e-19
980.5,6.145615021884232e-19
981.5,6.145615021884232e-19
982.5,6.145615021884232e-19
983.5,6.145615021884232e-19
984.5,6.145615021884232e-19
985.5,6.145615021884232e-19
986.5,6.145615021884232e-19
987.5,6.145615021884232e-19
988.5,6.145615021884232e-19
989.5,6.145615021884232e-19
990.5,6.145615021884232e-19
991.5,6.145615021884232e-19
992.5,6.145615021884232e-19
993.5,6.145615021884232e-19
994.5,6.145615021884232e-19
995.5,6.145615021884232e-19
996.5,6.145615021884232e-19
997.5,6.145615021884232e-19
998.5,6.145615021884232e-19
999.5,6.145615021884232e-19
1000.5,6.145615021884232e-19
1001.5,6.145615021884232e-19
1002.5,6.145615021884232e-19
1003.5,6.145615021884232e-19
1004.5,6.145615021884232e-19
1005.5,6.145615021884232e-19
1006.5,6.145615021884232e-19
1007.5,6.145615021884232e-19
1008.5,6.145615021884232e-19
1009.5,6.145615021884232e-19
1010.5,6.145615021884232e-19
1011.5,6.145615021884232e-19
1012.5,6.145615021884232e-19
1013.5,6.145615021884232e-19
1014.5,6.145615021884232e-19
1015.5,6.145615021884232e-19
1016.5,6.145615021884232e-19
1017.5,6.145615021884232e-19
1018.5,6.145615021884232e-19
1019.5,6.145615021884232e-19
1020.5,6.145615021884232e-19
1021.5,6.145615021884232e-19
1022.5,6.145615021884232e-19
1023.5,6.145615021884232e-19
1024.5,6.145615021884232e-19
1025.5,6.145615021884232e-19
1026.5,6.145615021884232e-19
1027.5,6.145615021884232e-19
1028.5,6.145615021884232e-19
1029.5,6.145615021884232e-19
1030.5,6.145615021884232e-19
1031.5,6.145615021884232e-19
1032.5,6.145615021884232e-19
1033.5,6.145615021884232e-19
1034.5,6.145615021884232e-19
1035.5,6.145615021884232e-19
1036.5,6.145615021884232e-19
1037.5,6.145615021884232e-19
1038.5,6.145615021884232e-19
1039.5,6.145615021884232e-19
1040.5,6.145615021884232e-19
1041.5,6.145615021884232e-19
1042.5,6.145615021884232e-19
1043.5,6.145615021884232e-19
1044.5,6.145615021884232e-19
1045.5,6.145615021884232e-19
1046.5,6.145615021884232e-19
1047.5,6.145615021884232e-19
1048.5,6.145615021884232e-19
1049.5,6.145615021884232e-19
1050.5,6.145615021884232e-19
1051.5,6.145615021884232e-19
1052.5,6.145615021884232e-19
1053.5,6.145615021884232e-19
1054.5,6.145615021884232e-19
1055.5,6.145615021884232e-19
1056.5,6.145615021884232e-19
1057.5,6.145615021884232e-19
1058.5,6.145615021884232e-19
1059.5,6.145615021884232e-19
1060.5,6.145615021884232e-19
1061.5,6.145615021884232e-19
1062.5,6.145615021884232e-19
1063.5,6.145615021884232e-19
1064.5,6.145615021884232e-19
1065.5,6.145615021884232e-19
1066.5,6.145615021884232e-19
1067.5,6.145615021884232e-19
1068.5,6.145615021884232e-19
1069.5,6.145615021884232e-19
1070.5,6.145615021884232e-19
1071.5,6.145615021884232e-19
1072.5,6.145615021884232e-19
1073.5,6.145615021884232e-19
1074.5,6.145615021884232e-19
1075.5,6.145615021884232e-19
1076.5,6.145615021884232e-19
1077.5,6.145615021884232e-19
1078.5,6.145615021884232e-19
1079.5,6.145615021884232e-19
1080.5,6.145615021884232e-19
1081.5,6.145615021884232e-19
1082.5,6.145615021884232e-19
1083.5,6.145615021884232e-19
1084.5,6.145615021884232e-19
1085.5,6.145615021884232e-19
1086.5,6.145615021884232e-19
1087.5,6.145615021884232e-19
1088.5,6.145615021884232e-19
1089.5,6.145615021884232e-19
1090.5,6.145615021884232e-19
1091.5,6.145615021884232e-19
1092.5,6.145615021884232e-19
1093.5,6.145615021884232e-19
1094.5,6.145615021884232e-19
1095.5,6.145615021884232e-19
1096.5,6.145615021884232e-19
1097.5,6.145615021884232e-19
1098.5,6.145615021884232e-19
1099.5,6.145615021884232e-19
1100.5,6.145615021884232e-19
1101.5,6.145615021884232e-19
1102.5,6.145615021884232e-19
1103.5,6.145615021884232e-19
1104.5,6.145615021884232e-19
1105.5,6.145615021884232e-19
1106.5,6.145615021884232e-19
1107.5,6.145615021884232e-19
1108.5,6.145615021884232e-19
1109.5,6.145615021884232e-19
1110.5,6.145615021884232e-19
1111.5,6.145615021884232e-19
1112.5,6.145615021884232e-19
1113.5,6.145615021884232e-19
1114.5,6.145615021884232e-19
1115.5,6.145615021884232e-19
1116.5,6.145615021884232e-19
1117.5,6.145615021884232e-19
1118.5,6.145615021884232e-19
1119.5,6.145615021884232e-19
1120.5,6.145615021884232e-19
1121.5,6.145615021884232e-19
1122.5,6.145615021884232e-19
1123.5,6.145615021884232e-19
1124.5,6.145615021884232e-19
1125.5,6.145615021884232e-19
1126.5,6.145615021884232e-19
1127.5,6.145615021884232e-19
1128.5,6.145615021884232e-19
1129.5,6.145615021884232e-19
1130.5,6.145615021884232e-19
1131.5,6.145615021884232e-19
1132.5,6.145615021884232e-19
1133.5,6.145615021884232e-19
1134.5,6.145615021884232e-19
1135.5,6.145615021884232e-19
1136.5,6.145615021884232e-19
1137.5,6.145615021884232e-19
1138.5,6.145615021884232e-19
1139.5,6.145615021884232e-19
1140.5,6.145615021884232e-19
1141.5,6.145615021884232e-19
1142.5,6.145615021884232e-19
1143.5,6.145615021884232e-19
1144.5,6.145615021884232e-19
1145.5,6.145615021884232e-19
1146.5,6.145615021884232e-19
1147.5,6.145615021884232e-19
1148.5,6.145615021884232e-19
1149.5,6.145615021884232e-19
1150.5,6.145615021884232e-19
1151.5,6.145615021884232e-19
1152.5,6.145615021884232e-19
1153.5,6.145615021884232e-19
1154.5,6.145615021884232e-19
1155.5,6.145615021884232e-19
1156.5,6.145615021884232e-19
1157.5,6.145615021884232e-19
1158.5,6.145615021884232e-19
1159.5,6.145615021884232e-19
1160.5,6.145615021884232e-19
1161.5,6.145615021884232e-19
1162.5,6.145615021884232e-19
1163.5,6.145615021884232e-19
1164.5,6.145615021884232e-19
1165.5,6.145615021884232e-19
1166.5,6.145615021884232e-19
1167.5,6.145615021884232e-19
1168.5,6.145615021884232e-19
1169.5,6.145615021884232e-19
