trappist-1/combined/TRAPPIST-1_1Aeuv_estimate.ecsv
# %ECSV 0.9
# ---
# datatype:
# - name: WAVELENGTH
#   unit: Angstrom
#   datatype: float64
# - name: FLUX
#   unit: erg / (cm2 s)
#   datatype: float64
# delimiter: ','
# schema: astropy-2.0
WAVELENGTH,FLUX
100.5,2.5827952973701083e-17
101.5,2.5827952973701083e-17
102.5,2.5827952973701083e-17
103.5,2.5827952973701083e-17
104.5,2.5827952973701083e-17
105.5,2.5827952973701083e-17
106.5,2.5827952973701083e-17
107.5,2.5827952973701083e-17
108.5,2.5827952973701083e-17
109.5,2.5827952973701083e-17
110.5,2.5827952973701083e-17
111.5,2.5827952973701083e-17
112.5,2.5827952973701083e-17
113.5,2.5827952973701083e-17
114.5,2.5827952973701083e-17
115.5,2.5827952973701083e-17
116.5,2.5827952973701083e-17
117.5,2.5827952973701083e-17
118.5,2.5827952973701083e-17
119.5,2.5827952973701083e-17
120.5,2.5827952973701083e-17
121.5,2.5827952973701083e-17
122.5,2.5827952973701083e-17
123.5,2.5827952973701083e-17
124.5,2.5827952973701083e-17
125.5,2.5827952973701083e-17
126.5,2.5827952973701083e-17
127.5,2.5827952973701083e-17
128.5,2.5827952973701083e-17
129.5,2.5827952973701083e-17
130.5,2.5827952973701083e-17
131.5,2.5827952973701083e-17
132.5,2.5827952973701083e-17
133.5,2.5827952973701083e-17
134.5,2.5827952973701083e-17
135.5,2.5827952973701083e-17
136.5,2.5827952973701083e-17
137.5,2.5827952973701083e-17
138.5,2.5827952973701083e-17
139.5,2.5827952973701083e-17
140.5,2.5827952973701083e-17
141.5,2.5827952973701083e-17
142.5,2.5827952973701083e-17
143.5,2.5827952973701083e-17
144.5,2.5827952973701083e-17
145.5,2.5827952973701083e-17
146.5,2.5827952973701083e-17
147.5,2.5827952973701083e-17
148.5,2.5827952973701083e-17
149.5,2.5827952973701083e-17
150.5,2.5827952973701083e-17
151.5,2.5827952973701083e-17
152.5,2.5827952973701083e-17
153.5,2.5827952973701083e-17
154.5,2.5827952973701083e-17
155.5,2.5827952973701083e-17
156.5,2.5827952973701083e-17
157.5,2.5827952973701083e-17
158.5,2.5827952973701083e-17
159.5,2.5827952973701083e-17
160.5,2.5827952973701083e-17
161.5,2.5827952973701083e-17
162.5,2.5827952973701083e-17
163.5,2.5827952973701083e-17
164.5,2.5827952973701083e-17
165.5,2.5827952973701083e-17
166.5,2.5827952973701083e-17
167.5,2.5827952973701083e-17
168.5,2.5827952973701083e-17
169.5,2.5827952973701083e-17
170.5,2.5827952973701083e-17
171.5,2.5827952973701083e-17
172.5,2.5827952973701083e-17
173.5,2.5827952973701083e-17
174.5,2.5827952973701083e-17
175.5,2.5827952973701083e-17
176.5,2.5827952973701083e-17
177.5,2.5827952973701083e-17
178.5,2.5827952973701083e-17
179.5,2.5827952973701083e-17
180.5,2.5827952973701083e-17
181.5,2.5827952973701083e-17
182.5,2.5827952973701083e-17
183.5,2.5827952973701083e-17
184.5,2.5827952973701083e-17
185.5,2.5827952973701083e-17
186.5,2.5827952973701083e-17
187.5,2.5827952973701083e-17
188.5,2.5827952973701083e-17
189.5,2.5827952973701083e-17
190.5,2.5827952973701083e-17
191.5,2.5827952973701083e-17
192.5,2.5827952973701083e-17
193.5,2.5827952973701083e-17
194.5,2.5827952973701083e-17
195.5,2.5827952973701083e-17
196.5,2.5827952973701083e-17
197.5,2.5827952973701083e-17
198.5,2.5827952973701083e-17
199.5,2.5827952973701083e-17
200.5,2.2651135966395033e-17
201.5,2.2651135966395033e-17
202.5,2.2651135966395033e-17
203.5,2.2651135966395033e-17
204.5,2.2651135966395033e-17
205.5,2.2651135966395033e-17
206.5,2.2651135966395033e-17
207.5,2.2651135966395033e-17
208.5,2.2651135966395033e-17
209.5,2.2651135966395033e-17
210.5,2.2651135966395033e-17
211.5,2.2651135966395033e-17
212.5,2.2651135966395033e-17
213.5,2.2651135966395033e-17
214.5,2.2651135966395033e-17
215.5,2.2651135966395033e-17
216.5,2.2651135966395033e-17
217.5,2.2651135966395033e-17
218.5,2.2651135966395033e-17
219.5,2.2651135966395033e-17
220.5,2.2651135966395033e-17
221.5,2.2651135966395033e-17
222.5,2.2651135966395033e-17
223.5,2.2651135966395033e-17
224.5,2.2651135966395033e-17
225.5,2.2651135966395033e-17
226.5,2.2651135966395033e-17
227.5,2.2651135966395033e-17
228.5,2.2651135966395033e-17
229.5,2.2651135966395033e-17
230.5,2.2651135966395033e-17
231.5,2.2651135966395033e-17
232.5,2.2651135966395033e-17
233.5,2.2651135966395033e-17
234.5,2.2651135966395033e-17
235.5,2.2651135966395033e-17
236.5,2.2651135966395033e-17
237.5,2.2651135966395033e-17
238.5,2.2651135966395033e-17
239.5,2.2651135966395033e-17
240.5,2.2651135966395033e-17
241.5,2.2651135966395033e-17
242.5,2.2651135966395033e-17
243.5,2.2651135966395033e-17
244.5,2.2651135966395033e-17
245.5,2.2651135966395033e-17
246.5,2.2651135966395033e-17
247.5,2.2651135966395033e-17
248.5,2.2651135966395033e-17
249.5,2.2651135966395033e-17
250.5,2.2651135966395033e-17
251.5,2.2651135966395033e-17
252.5,2.2651135966395033e-17
253.5,2.2651135966395033e-17
254.5,2.2651135966395033e-17
255.5,2.2651135966395033e-17
256.5,2.2651135966395033e-17
257.5,2.2651135966395033e-17
258.5,2.2651135966395033e-17
259.5,2.2651135966395033e-17
260.5,2.2651135966395033e-17
261.5,2.2651135966395033e-17
262.5,2.2651135966395033e-17
263.5,2.2651135966395033e-17
264.5,2.2651135966395033e-17
265.5,2.2651135966395033e-17
266.5,2.2651135966395033e-17
267.5,2.2651135966395033e-17
268.5,2.2651135966395033e-17
269.5,2.2651135966395033e-17
270.5,2.2651135966395033e-17
271.5,2.2651135966395033e-17
272.5,2.2651135966395033e-17
273.5,2.2651135966395033e-17
274.5,2.2651135966395033e-17
275.5,2.2651135966395033e-17
276.5,2.2651135966395033e-17
277.5,2.2651135966395033e-17
278.5,2.2651135966395033e-17
279.5,2.2651135966395033e-17
280.5,2.2651135966395033e-17
281.5,2.2651135966395033e-17
282.5,2.2651135966395033e-17
283.5,2.2651135966395033e-17
284.5,2.2651135966395033e-17
285.5,2.2651135966395033e-17
286.5,2.2651135966395033e-17
287.5,2.2651135966395033e-17
288.5,2.2651135966395033e-17
289.5,2.2651135966395033e-17
290.5,2.2651135966395033e-17
291.5,2.2651135966395033e-17
292.5,2.2651135966395033e-17
293.5,2.2651135966395033e-17
294.5,2.2651135966395033e-17
295.5,2.2651135966395033e-17
296.5,2.2651135966395033e-17
297.5,2.2651135966395033e-17
298.5,2.2651135966395033e-17
299.5,2.2651135966395033e-17
300.5,2.0002762893571454e-17
301.5,2.0002762893571454e-17
302.5,2.0002762893571454e-17
303.5,2.0002762893571454e-17
304.5,2.0002762893571454e-17
305.5,2.0002762893571454e-17
306.5,2.0002762893571454e-17
307.5,2.0002762893571454e-17
308.5,2.0002762893571454e-17
309.5,2.0002762893571454e-17
310.5,2.0002762893571454e-17
311.5,2.0002762893571454e-17
312.5,2.0002762893571454e-17
313.5,2.0002762893571454e-17
314.5,2.0002762893571454e-17
315.5,2.0002762893571454e-17
316.5,2.0002762893571454e-17
317.5,2.0002762893571454e-17
318.5,2.0002762893571454e-17
319.5,2.0002762893571454e-17
320.5,2.0002762893571454e-17
321.5,2.0002762893571454e-17
322.5,2.0002762893571454e-17
323.5,2.0002762893571454e-17
324.5,2.0002762893571454e-17
325.5,2.0002762893571454e-17
326.5,2.0002762893571454e-17
327.5,2.0002762893571454e-17
328.5,2.0002762893571454e-17
329.5,2.0002762893571454e-17
330.5,2.0002762893571454e-17
331.5,2.0002762893571454e-17
332.5,2.0002762893571454e-17
333.5,2.0002762893571454e-17
334.5,2.0002762893571454e-17
335.5,2.0002762893571454e-17
336.5,2.0002762893571454e-17
337.5,2.0002762893571454e-17
338.5,2.0002762893571454e-17
339.5,2.0002762893571454e-17
340.5,2.0002762893571454e-17
341.5,2.0002762893571454e-17
342.5,2.0002762893571454e-17
343.5,2.0002762893571454e-17
344.5,2.0002762893571454e-17
345.5,2.0002762893571454e-17
346.5,2.0002762893571454e-17
347.5,2.0002762893571454e-17
348.5,2.0002762893571454e-17
349.5,2.0002762893571454e-17
350.5,2.0002762893571454e-17
351.5,2.0002762893571454e-17
352.5,2.0002762893571454e-17
353.5,2.0002762893571454e-17
354.5,2.0002762893571454e-17
355.5,2.0002762893571454e-17
356.5,2.0002762893571454e-17
357.5,2.0002762893571454e-17
358.5,2.0002762893571454e-17
359.5,2.0002762893571454e-17
360.5,2.0002762893571454e-17
361.5,2.0002762893571454e-17
362.5,2.0002762893571454e-17
363.5,2.0002762893571454e-17
364.5,2.0002762893571454e-17
365.5,2.0002762893571454e-17
366.5,2.0002762893571454e-17
367.5,2.0002762893571454e-17
368.5,2.0002762893571454e-17
369.5,2.0002762893571454e-17
370.5,2.0002762893571454e-17
371.5,2.0002762893571454e-17
372.5,2.0002762893571454e-17
373.5,2.0002762893571454e-17
374.5,2.0002762893571454e-17
375.5,2.0002762893571454e-17
376.5,2.0002762893571454e-17
377.5,2.0002762893571454e-17
378.5,2.0002762893571454e-17
379.5,2.0002762893571454e-17
380.5,2.0002762893571454e-17
381.5,2.0002762893571454e-17
382.5,2.0002762893571454e-17
383.5,2.0002762893571454e-17
384.5,2.0002762893571454e-17
385.5,2.0002762893571454e-17
386.5,2.0002762893571454e-17
387.5,2.0002762893571454e-17
388.5,2.0002762893571454e-17
389.5,2.0002762893571454e-17
390.5,2.0002762893571454e-17
391.5,2.0002762893571454e-17
392.5,2.0002762893571454e-17
393.5,2.0002762893571454e-17
394.5,2.0002762893571454e-17
395.5,2.0002762893571454e-17
396.5,2.0002762893571454e-17
397.5,2.0002762893571454e-17
398.5,2.0002762893571454e-17
399.5,2.0002762893571454e-17
400.5,1.8752009892032982e-19
401.5,1.8752009892032982e-19
402.5,1.8752009892032982e-19
403.5,1.8752009892032982e-19
404.5,1.8752009892032982e-19
405.5,1.8752009892032982e-19
406.5,1.8752009892032982e-19
407.5,1.8752009892032982e-19
408.5,1.8752009892032982e-19
409.5,1.8752009892032982e-19
410.5,1.8752009892032982e-19
411.5,1.8752009892032982e-19
412.5,1.8752009892032982e-19
413.5,1.8752009892032982e-19
414.5,1.8752009892032982e-19
415.5,1.8752009892032982e-19
416.5,1.8752009892032982e-19
417.5,1.8752009892032982e-19
418.5,1.8752009892032982e-19
419.5,1.8752009892032982e-19
420.5,1.8752009892032982e-19
421.5,1.8752009892032982e-19
422.5,1.8752009892032982e-19
423.5,1.8752009892032982e-19
424.5,1.8752009892032982e-19
425.5,1.8752009892032982e-19
426.5,1.8752009892032982e-19
427.5,1.8752009892032982e-19
428.5,1.8752009892032982e-19
429.5,1.8752009892032982e-19
430.5,1.8752009892032982e-19
431.5,1.8752009892032982e-19
432.5,1.8752009892032982e-19
433.5,1.8752009892032982e-19
434.5,1.8752009892032982e-19
435.5,1.8752009892032982e-19
436.5,1.8752009892032982e-19
437.5,1.8752009892032982e-19
438.5,1.8752009892032982e-19
439.5,1.8752009892032982e-19
440.5,1.8752009892032982e-19
441.5,1.8752009892032982e-19
442.5,1.8752009892032982e-19
443.5,1.8752009892032982e-19
444.5,1.8752009892032982e-19
445.5,1.8752009892032982e-19
446.5,1.8752009892032982e-19
447.5,1.8752009892032982e-19
448.5,1.8752009892032982e-19
449.5,1.8752009892032982e-19
450.5,1.8752009892032982e-19
451.5,1.8752009892032982e-19
452.5,1.8752009892032982e-19
453.5,1.8752009892032982e-19
454.5,1.8752009892032982e-19
455.5,1.8752009892032982e-19
456.5,1.8752009892032982e-19
457.5,1.8752009892032982e-19
458.5,1.8752009892032982e-19
459.5,1.8752009892032982e-19
460.5,1.8752009892032982e-19
461.5,1.8752009892032982e-19
462.5,1.8752009892032982e-19
463.5,1.8752009892032982e-19
464.5,1.8752009892032982e-19
465.5,1.8752009892032982e-19
466.5,1.8752009892032982e-19
467.5,1.8752009892032982e-19
468.5,1.8752009892032982e-19
469.5,1.8752009892032982e-19
470.5,1.8752009892032982e-19
471.5,1.8752009892032982e-19
472.5,1.8752009892032982e-19
473.5,1.8752009892032982e-19
474.5,1.8752009892032982e-19
475.5,1.8752009892032982e-19
476.5,1.8752009892032982e-19
477.5,1.8752009892032982e-19
478.5,1.8752009892032982e-19
479.5,1.8752009892032982e-19
480.5,1.8752009892032982e-19
481.5,1.8752009892032982e-19
482.5,1.8752009892032982e-19
483.5,1.8752009892032982e-19
484.5,1.8752009892032982e-19
485.5,1.8752009892032982e-19
486.5,1.8752009892032982e-19
487.5,1.8752009892032982e-19
488.5,1.8752009892032982e-19
489.5,1.8752009892032982e-19
490.5,1.8752009892032982e-19
491.5,1.8752009892032982e-19
492.5,1.8752009892032982e-19
493.5,1.8752009892032982e-19
494.5,1.8752009892032982e-19
495.5,1.8752009892032982e-19
496.5,1.8752009892032982e-19
497.5,1.8752009892032982e-19
498.5,1.8752009892032982e-19
499.5,1.8752009892032982e-19
500.5,1.1483288489399267e-19
501.5,1.1483288489399267e-19
502.5,1.1483288489399267e-19
503.5,1.1483288489399267e-19
504.5,1.1483288489399267e-19
505.5,1.1483288489399267e-19
506.5,1.1483288489399267e-19
507.5,1.1483288489399267e-19
508.5,1.1483288489399267e-19
509.5,1.1483288489399267e-19
510.5,1.1483288489399267e-19
511.5,1.1483288489399267e-19
512.5,1.1483288489399267e-19
513.5,1.1483288489399267e-19
514.5,1.1483288489399267e-19
515.5,1.1483288489399267e-19
516.5,1.1483288489399267e-19
517.5,1.1483288489399267e-19
518.5,1.1483288489399267e-19
519.5,1.1483288489399267e-19
520.5,1.1483288489399267e-19
521.5,1.1483288489399267e-19
522.5,1.1483288489399267e-19
523.5,1.1483288489399267e-19
524.5,1.1483288489399267e-19
525.5,1.1483288489399267e-19
526.5,1.1483288489399267e-19
527.5,1.1483288489399267e-19
528.5,1.1483288489399267e-19
529.5,1.1483288489399267e-19
530.5,1.1483288489399267e-19
531.5,1.1483288489399267e-19
532.5,1.1483288489399267e-19
533.5,1.1483288489399267e-19
534.5,1.1483288489399267e-19
535.5,1.1483288489399267e-19
536.5,1.1483288489399267e-19
537.5,1.1483288489399267e-19
538.5,1.1483288489399267e-19
539.5,1.1483288489399267e-19
540.5,1.1483288489399267e-19
541.5,1.1483288489399267e-19
542.5,1.1483288489399267e-19
543.5,1.1483288489399267e-19
544.5,1.1483288489399267e-19
545.5,1.1483288489399267e-19
546.5,1.1483288489399267e-19
547.5,1.1483288489399267e-19
548.5,1.1483288489399267e-19
549.5,1.1483288489399267e-19
550.5,1.1483288489399267e-19
551.5,1.1483288489399267e-19
552.5,1.1483288489399267e-19
553.5,1.1483288489399267e-19
554.5,1.1483288489399267e-19
555.5,1.1483288489399267e-19
556.5,1.1483288489399267e-19
557.5,1.1483288489399267e-19
558.5,1.1483288489399267e-19
559.5,1.1483288489399267e-19
560.5,1.1483288489399267e-19
561.5,1.1483288489399267e-19
562.5,1.1483288489399267e-19
563.5,1.1483288489399267e-19
564.5,1.1483288489399267e-19
565.5,1.1483288489399267e-19
566.5,1.1483288489399267e-19
567.5,1.1483288489399267e-19
568.5,1.1483288489399267e-19
569.5,1.1483288489399267e-19
570.5,1.1483288489399267e-19
571.5,1.1483288489399267e-19
572.5,1.1483288489399267e-19
573.5,1.1483288489399267e-19
574.5,1.1483288489399267e-19
575.5,1.1483288489399267e-19
576.5,1.1483288489399267e-19
577.5,1.1483288489399267e-19
578.5,1.1483288489399267e-19
579.5,1.1483288489399267e-19
580.5,1.1483288489399267e-19
581.5,1.1483288489399267e-19
582.5,1.1483288489399267e-19
583.5,1.1483288489399267e-19
584.5,1.1483288489399267e-19
585.5,1.1483288489399267e-19
586.5,1.1483288489399267e-19
587.5,1.1483288489399267e-19
588.5,1.1483288489399267e-19
589.5,1.1483288489399267e-19
590.5,1.1483288489399267e-19
591.5,1.1483288489399267e-19
592.5,1.1483288489399267e-19
593.5,1.1483288489399267e-19
594.5,1.1483288489399267e-19
595.5,1.1483288489399267e-19
596.5,1.1483288489399267e-19
597.5,1.1483288489399267e-19
598.5,1.1483288489399267e-19
599.5,1.1483288489399267e-19
600.5,4.682660000041496e-19
601.5,4.682660000041496e-19
602.5,4.682660000041496e-19
603.5,4.682660000041496e-19
604.5,4.682660000041496e-19
605.5,4.682660000041496e-19
606.5,4.682660000041496e-19
607.5,4.682660000041496e-19
608.5,4.682660000041496e-19
609.5,4.682660000041496e-19
610.5,4.682660000041496e-19
611.5,4.682660000041496e-19
612.5,4.682660000041496e-19
613.5,4.682660000041496e-19
614.5,4.682660000041496e-19
615.5,4.682660000041496e-19
616.5,4.682660000041496e-19
617.5,4.682660000041496e-19
618.5,4.682660000041496e-19
619.5,4.682660000041496e-19
620.5,4.682660000041496e-19
621.5,4.682660000041496e-19
622.5,4.682660000041496e-19
623.5,4.682660000041496e-19
624.5,4.682660000041496e-19
625.5,4.682660000041496e-19
626.5,4.682660000041496e-19
627.5,4.682660000041496e-19
628.5,4.682660000041496e-19
629.5,4.682660000041496e-19
630.5,4.682660000041496e-19
631.5,4.682660000041496e-19
632.5,4.682660000041496e-19
633.5,4.682660000041496e-19
634.5,4.682660000041496e-19
635.5,4.682660000041496e-19
636.5,4.682660000041496e-19
637.5,4.682660000041496e-19
638.5,4.682660000041496e-19
639.5,4.682660000041496e-19
640.5,4.682660000041496e-19
641.5,4.682660000041496e-19
642.5,4.682660000041496e-19
643.5,4.682660000041496e-19
644.5,4.682660000041496e-19
645.5,4.682660000041496e-19
646.5,4.682660000041496e-19
647.5,4.682660000041496e-19
648.5,4.682660000041496e-19
649.5,4.682660000041496e-19
650.5,4.682660000041496e-19
651.5,4.682660000041496e-19
652.5,4.682660000041496e-19
