gj_674/STIS/GJ674_G140M_coadd.ecsv
# %ECSV 0.9
# ---
# datatype:
# - {name: WAVELENGTH, unit: Angstrom, datatype: float64}
# - {name: FLUX, unit: erg / (Angstrom cm2 s), datatype: float32}
# - {name: ERROR, unit: erg / (Angstrom cm2 s), datatype: float32}
# - {name: DQ, datatype: int16}
# delimiter: ','
# schema: astropy-2.0
WAVELENGTH,FLUX,ERROR,DQ
1194.8030171119033,1.1295624e-15,1.0349087e-15,2564
1194.856508311032,-1.2507694e-17,1.4177825e-15,2564
1194.9099991611258,-4.228465e-17,3.4344893e-17,2564
1194.9634896621917,-3.2781665e-16,2.56525e-16,2564
1195.0169798142365,2.8103922e-18,2.4102788e-18,2564
1195.070469617267,-9.83549e-19,8.427031e-19,2048
1195.12395907129,-3.8441603e-16,9.2596874e-17,2064
1195.1774481763123,-5.600764e-18,1.9232917e-17,2064
1195.2309369323407,4.5560663e-16,1.5746213e-16,2048
1195.284425339382,-9.5007e-19,6.2140248e-18,2048
1195.3379133974433,9.461784e-17,4.5019743e-18,0
1195.3914011065312,8.8044807e-17,1.389205e-17,0
1195.4448884666526,-2.4601323e-16,2.2219997e-17,0
1195.4983754778145,8.460698e-17,1.3955379e-17,0
1195.5518621400236,-1.3043655e-16,1.5950514e-16,0
1195.6053484532863,-1.3467881e-16,1.6116828e-16,0
1195.6588344176103,7.547606e-17,1.3410998e-17,0
1195.7123200330016,-1.4207334e-16,1.609728e-16,0
1195.7658052994675,-1.4333981e-16,1.6310404e-16,0
1195.819290217015,-1.4646634e-16,1.6290604e-16,0
1195.87277478565,6.3407735e-17,9.845283e-18,0
1195.9262590053804,6.135722e-17,1.4042393e-17,0
1195.9797428762124,-1.5563405e-16,1.6390139e-16,0
1196.0332263981531,5.603548e-17,4.643474e-18,0
1196.0867095712092,-1.6021643e-16,1.6486737e-16,0
1196.1401923953874,5.4100954e-17,4.264531e-18,0
1196.193674870695,-1.6643446e-16,1.644804e-16,0
1196.2471569971385,-1.710205e-16,1.6463918e-16,0
1196.3006387747248,4.211376e-17,1.7479339e-17,0
1196.3541202034603,-1.7165194e-16,1.6833593e-16,0
1196.4076012833525,-1.8182511e-16,1.644839e-16,0
1196.4610820144078,3.9427276e-17,4.063256e-18,0
1196.5145623966334,-3.1123574e-16,2.1621285e-17,0
1196.5680424300358,-1.8507016e-16,1.6939231e-16,0
1196.621522114622,2.6768185e-17,2.0248061e-17,0
1196.6750014503982,2.6351263e-17,1.2394629e-17,0
1196.7284804373721,-1.9490457e-16,1.6959918e-16,0
1196.7819590755505,2.0858251e-17,4.451733e-18,0
1196.8354373649395,-2.0458587e-16,1.6863547e-16,0
1196.8889153055466,-2.0109519e-16,1.7064708e-16,0
1196.942392897378,-2.1287026e-16,1.6621097e-16,0
1196.9958701404414,-2.098246e-16,1.7125036e-16,0
1197.0493470347426,-2.1125154e-16,1.7046797e-16,0
1197.1028235802892,-3.5110469e-16,8.552669e-17,16
1197.1562997770877,-1.6817214e-20,4.988227e-17,16
1197.209775625145,-2.1864174e-16,1.7081884e-16,0
1197.2632511244678,-4.487889e-18,4.8836776e-18,0
1197.3167262750633,6.5851094e-16,1.0285568e-15,0
1197.3702010769377,6.562874e-16,1.0558021e-15,0
1197.4236755300983,-2.9394452e-18,1.9522404e-17,0
1197.4771496345516,-1.1911445e-17,3.38852e-17,0
1197.5306233903048,-8.900494e-18,3.986003e-18,0
1197.5840967973645,-1.2405108e-17,4.0866887e-18,0
1197.6375698557376,-1.3134775e-17,3.3686771e-18,0
1197.691042565431,-2.460618e-16,1.7127406e-16,0
1197.7445149264513,-2.4208588e-16,1.7382091e-16,0
1197.7979869388053,-2.1548993e-17,3.749064e-18,0
1197.8514586025,-2.2785064e-17,1.9110082e-17,0
1197.904929917542,-2.503021e-16,1.7446744e-16,0
1197.9584008839383,-2.8224018e-17,4.5497254e-18,0
1198.011871501696,-2.5579114e-16,1.7414862e-16,0
1198.0653417708215,-2.898802e-17,1.8562775e-17,0
1198.1188116913213,-2.601351e-16,1.7354109e-16,0
1198.172281263203,1.3423343e-15,9.677855e-16,0
1198.225750486473,-3.85148e-17,4.291572e-18,0
1198.2792193611385,-2.6992227e-16,1.7343792e-16,0
1198.3326878872056,-4.4395382e-17,1.2700905e-17,0
1198.3861560646817,-2.68258e-16,1.7772357e-16,0
1198.4396238935735,-5.881318e-16,1.9563174e-16,16
1198.4930913738879,-4.9377438e-17,2.3971884e-18,16
1198.546558505631,-2.7119544e-16,1.7864752e-16,0
1198.6000252888107,-2.9143423e-16,1.6848154e-16,0
1198.6534917234333,-4.77751e-17,1.8740268e-17,0
1198.7069578095054,-5.673988e-17,1.8863693e-17,0
1198.7604235470342,-5.823708e-17,1.2614403e-17,0
1198.8138889360264,-5.470634e-17,2.381804e-17,0
1198.8673539764886,-6.017214e-17,3.252419e-18,0
1198.920818668428,-6.1915885e-17,3.7959223e-18,0
1198.9742830118507,-2.9295516e-16,1.760635e-16,0
1199.0277470067645,-6.557147e-17,3.012087e-17,0
1199.0812106531757,-2.9856347e-16,1.769279e-16,0
1199.1346739510911,2.0000555e-15,1.7604724e-15,0
1199.1881369005177,-4.3554588e-16,4.299798e-17,0
1199.241599501462,-7.242662e-17,3.1750813e-18,0
1199.2950617539311,-7.435907e-17,1.04486775e-17,0
1199.3485236579318,-7.4940214e-17,1.1474178e-17,0
1199.4019852134707,-7.8223704e-17,1.103635e-17,0
1199.4554464205546,1.6367254e-15,7.035657e-16,0
1199.5089072791905,-3.0973255e-16,1.7810373e-16,0
1199.5623677893855,4.847725e-16,1.0189086e-15,0
1199.6158279511455,-8.4294105e-17,1.7560953e-17,0
1199.6692877644782,-8.675774e-17,1.2142802e-17,0
1199.7227472293903,-8.7909096e-17,3.1684349e-18,0
1199.7762063458883,-3.1904205e-16,1.786763e-16,0
1199.8296651139792,-9.199597e-17,3.77471e-18,0
1199.8831235336693,4.8305617e-16,9.922306e-16,0
1199.9365816049665,-3.2999054e-16,1.7530174e-16,0
1199.9900393278765,-4.645674e-16,2.1021116e-17,0
1200.0434967024066,-9.972638e-17,1.1327704e-17,0
1200.096953728564,-1.00148934e-16,1.1451402e-17,0
1200.1504104063545,-3.3510243e-16,1.7701784e-16,0
1200.203866735786,-1.00675226e-16,3.0383144e-18,0
1200.2573227168648,-1.0632497e-16,1.8279108e-17,0
1200.3107783495975,-1.01847116e-16,1.7195761e-17,0
1200.364233633991,-1.09728076e-16,1.1415433e-17,0
1200.4176885700526,-3.4468796e-16,1.7603796e-16,0
1200.4711431577884,-1.0875471e-16,3.735528e-18,0
1200.5245973972058,-4.768856e-16,1.974694e-17,0
1200.5780512883114,6.8049166e-16,1.8203956e-15,0
1200.6315048311121,7.326975e-16,3.2455542e-16,0
1200.6849580256144,-4.1985989e-16,1.07459775e-16,16
1200.7384108718252,-1.1386145e-16,2.162409e-17,16
1200.7918633697516,-1.1785467e-16,2.7800602e-18,0
1200.8453155194002,-1.1740654e-16,1.6847939e-17,0
1200.8987673207778,1.887433e-15,5.0747666e-16,0
1200.952218773891,-1.1996602e-16,2.2975193e-17,0
1201.005669878747,-1.2592972e-16,2.912326e-17,0
1201.0591206353527,-1.1955579e-16,3.6948404e-17,0
1201.1125710437143,-1.2635319e-16,1.4624244e-17,16
1201.1660211038393,-1.2548968e-16,2.2810938e-17,16
1201.2194708157338,-1.2812542e-16,2.297941e-17,0
1201.2729201794052,-1.2994004e-16,2.7849775e-18,0
1201.32636919486,-3.6458897e-16,1.7718184e-16,0
1201.3798178621053,-4.9980116e-16,1.9753487e-17,0
1201.4332661811475,-3.6651605e-16,1.7685734e-16,0
1201.4867141519935,-1.3231066e-16,2.5377605e-18,0
1201.5401617746502,-3.7273092e-16,1.7485685e-16,0
1201.5936090491246,-1.3593868e-16,2.5851822e-18,0
1201.647055975423,-1.4164273e-16,6.1650842e-18,0
1201.700502553553,-3.7196562e-16,1.7726844e-16,0
1201.7539487835206,-1.3627303e-16,1.639842e-17,0
1201.807394665333,-1.4656427e-16,5.5536836e-18,0
1201.860840198997,-4.855325e-17,8.7919114e-16,0
1201.914285384519,9.698646e-16,8.633296e-16,0
1201.9677302219063,-1.4883991e-16,1.0625004e-17,0
1202.0211747111657,-1.4616787e-16,1.0167226e-17,0
1202.0746188523037,-6.321472e-16,2.1884146e-16,16
1202.1280626453274,-1.4743943e-16,1.32373614e-17,16
1202.1815060902434,1.3682964e-15,7.1063094e-16,0
1202.2349491870584,-1.5283371e-16,3.2835884e-18,0
1202.2883919357794,-1.5171535e-16,7.97722e-18,0
1202.3418343364133,-1.5441019e-16,3.3654803e-18,0
1202.3952763889665,-5.198027e-16,3.0945886e-17,0
1202.4487180934461,-1.5203646e-16,2.6794415e-17,0
1202.502159449859,-1.5511231e-16,2.1571069e-17,0
1202.5556004582118,-3.43654e-16,7.351785e-17,16
1202.6090411185112,1.41076e-15,6.2360154e-16,16
1202.6624814307643,-1.6255186e-16,2.4940726e-18,0
1202.7159213949778,-1.599376e-16,2.7164303e-18,0
1202.7693610111585,-1.6190785e-16,6.447777e-18,0
1202.822800279313,-1.6163202e-16,2.4250576e-18,0
1202.8762391994483,-1.666895e-16,2.7457762e-18,0
1202.929677771571,-1.6397858e-16,1.6359067e-17,0
1202.9831159956882,-1.661761e-16,3.1922792e-18,0
1203.0365538718067,-1.6724332e-16,2.9895389e-18,0
1203.0899913999328,-1.6896043e-16,2.614406e-18,0
1203.143428580074,2.2564934e-15,1.8418524e-16,0
1203.1968654122365,-1.6960895e-16,1.033747e-17,0
1203.2503018964273,-4.019595e-16,1.7324083e-16,0
1203.3037380326534,-1.6967653e-16,2.1420886e-18,0
1203.3571738209218,-1.7411943e-16,1.0291841e-17,0
1203.4106092612383,-1.7204919e-16,2.6614e-17,0
1203.4640443536107,-1.7480645e-16,7.687435e-18,0
1203.5174790980452,-1.7537584e-16,9.655583e-18,0
1203.5709134945491,-1.759438e-16,3.4660936e-19,0
1203.6243475431286,-1.7385043e-16,2.0654812e-17,0
1203.677781243791,-1.7964351e-16,1.0486959e-17,0
1203.731214596543,-1.7328423e-16,1.5012896e-17,0
1203.784647601391,-1.834786e-16,6.440158e-18,0
1203.8380802583426,-1.7992135e-16,1.604095e-17,0
1203.8915125674039,-1.7936272e-16,9.465551e-18,0
1203.9449445285818,-1.7841534e-16,1.5281095e-17,0
1203.9983761418832,-1.8434873e-16,1.03575354e-17,0
1204.0518074073148,-1.8008648e-16,1.5646063e-17,0
1204.1052383248837,-1.8718896e-16,2.1669991e-17,0
1204.1586688945963,-1.8254665e-16,2.3997105e-18,0
1204.2120991164595,-1.8986126e-16,4.8025788e-18,0
1204.2655289904803,-1.81874e-16,1.5796569e-17,0
1204.3189585166654,-1.8996074e-16,2.358441e-18,0
1204.3723876950214,-1.8703405e-16,1.613692e-17,0
1204.4258165255555,-1.8737236e-16,2.3245328e-18,0
1204.4792450082741,-3.112414e-16,5.1201514e-17,16
1204.532673143184,1.2074425e-15,7.0693084e-16,16
1204.5861009302923,-1.9064673e-16,9.333018e-18,0
1204.6395283696056,1.2559172e-15,6.7153577e-16,0
1204.6929554611304,-1.9029154e-16,9.422485e-18,0
1204.7463822048742,-3.062743e-16,4.0311158e-17,16
1204.799808600843,-1.9303606e-16,8.785462e-18,16
1204.8532346490445,-1.9447859e-16,9.901637e-18,0
1204.9066603494844,-1.9117323e-16,2.9209954e-17,0
1204.9600857021705,-2.0013485e-16,3.6291898e-17,0
1205.0135107071092,-1.9476951e-16,2.1462579e-17,0
1205.0669353643068,-1.9913472e-16,9.572656e-18,0
1205.1203596737707,-1.9834571e-16,2.5095702e-18,0
1205.1737836355076,-1.988793e-16,2.2811608e-18,0
1205.227207249524,-2.00483e-16,1.0098245e-17,0
1205.2806305158272,8.969246e-16,9.062691e-16,0
1205.3340534344236,-1.9907061e-16,4.2451683e-17,0
1205.3874760053202,-1.9941241e-16,8.5471936e-18,0
1205.4408982285238,-2.0862378e-16,9.81912e-18,0
1205.4943201040405,-1.9934383e-16,1.8974901e-17,0
1205.547741631878,-2.0415735e-16,1.573506e-17,0
1205.6011628120425,-2.0612027e-16,2.3960943e-18,0
1205.6545836445414,2.0166686e-15,2.0177184e-16,0
1205.7080041293807,1.5133675e-15,4.948188e-16,0
1205.761424266568,-2.0554832e-16,2.1677765e-17,0
1205.8148440561095,-2.0197276e-16,2.0164944e-17,0
1205.868263498012,-2.1097546e-16,4.8569392e-17,0
1205.9216825922827,1.9248834e-15,2.4181393e-16,0
1205.975101338928,-2.0924112e-16,2.6878964e-17,0
1206.0285197379549,3.370382e-15,1.3746275e-15,0
1206.0819377893702,-2.0711573e-16,2.099751e-17,0
1206.1353554931804,-2.0836977e-16,2.3187285e-17,0
1206.1887728493925,-2.080554e-16,4.6692417e-17,0
1206.2421898580137,7.18868e-15,5.2202916e-16,0
1206.29560651905,4.1790674e-15,1.1810822e-15,0
1206.3490228325086,1.1319486e-14,4.528182e-15,0
1206.4024387983964,1.19966445e-14,1.5819388e-15,0
1206.4558544167194,2.7150774e-14,2.165595e-15,0
1206.5092696874856,2.5469942e-14,4.687901e-15,0
1206.562684610701,2.914973e-14,6.742073e-17,0
1206.6160991863726,1.722306e-14,1.3693904e-15,0
1206.669513414507,8.871844e-15,5.551545e-15,0
1206.7229272951113,-2.1292661e-16,6.3247884e-17,0
1206.776340828192,3.3271319e-15,8.6611676e-16,0
1206.8297540137562,1.4547516e-15,6.834344e-16,0
1206.8831668518103,-2.1477599e-16,3.5751345e-17,0
1206.9365793423613,1.9521636e-15,2.2864456e-15,16
1206.989991485416,1.8007698e-15,3.4257583e-16,16
1207.043403280981,1.8840249e-15,2.5509795e-16,0
1207.0968147290635,-2.1801923e-16,2.2660856e-17,0
1207.1502258296698,-2.1599357e-16,9.154007e-18,0
1207.203636582807,-2.2289458e-16,1.5639893e-17,0
1207.2570469884818,-2.19053e-16,9.731702e-18,0
1207.3104570467008,-2.2058469e-16,2.1693736e-18,0
1207.3638667574708,7.5961496e-16,7.444694e-16,0
1207.4172761207988,7.892225e-16,7.7926253e-16,0
1207.4706851366916,-2.1514837e-16,1.5960478e-17,0
1207.5240938051556,-2.2416923e-16,9.656784e-18,0
1207.5775021261984,-2.183025e-16,1.9675174e-17,0
1207.6309100998255,-2.230483e-16,1.5179446e-17,0
1207.6843177260448,-2.1880866e-16,1.9568383e-17,0
1207.7377250048626,-2.2575797e-16,4.9252377e-18,0
1207.7911319362859,-4.790094e-16,2.537908e-16,16
1207.8445385203213,-2.250144e-16,7.227269e-18,16
1207.8979447569757,-2.2013652e-16,9.119049e-18,0
1207.9513506462554,1.5060162e-15,4.604588e-16,0
1208.0047561881677,-2.235957e-16,1.9502695e-17,0
1208.0581613827196,-2.2257916e-16,1.7822045e-17,0
1208.1115662299171,-2.2535322e-16,2.0472498e-17,0
1208.1649707297677,-2.2433784e-16,9.2514055e-18,0
1208.2183748822777,-2.2403918e-16,1.941048e-17,0
1208.2717786874541,-2.2662753e-16,2.3717386e-18,0
1208.3251821453039,-2.2023696e-16,2.0138436e-18,0
1208.3785852558333,1.1909005e-15,7.0719824e-16,0
1208.4319880190496,-2.2280614e-16,1.5239355e-17,0
1208.4853904349593,-2.280541e-16,2.4966943e-17,0
1208.538792503569,-2.269227e-16,2.0349948e-17,0
1208.592194224886,2.2150102e-15,3.6938306e-17,0
1208.6455955989168,-4.809645e-16,3.7910823e-16,16
1208.698996625668,-2.2750596e-16,2.7623643e-18,16
1208.7523973051466,-2.270423e-16,2.3788749e-18,0
1208.8057976373595,1.0895478e-15,5.917212e-16,0
1208.8591976223133,-2.309013e-16,3.4025304e-17,0
1208.9125972600145,-2.2521238e-16,2.8429218e-17,0
1208.9659965504702,2.2317285e-15,2.5447676e-16,16
1209.0193954936874,-2.2468645e-16,2.5725638e-17,16
1209.0727940896722,-2.2979197e-16,2.430545e-17,0
1209.1261923384322,1.4531525e-15,4.0568505e-16,0
1209.1795902399735,1.1743256e-15,5.3292555e-16,0
1209.232987794303,-2.3381656e-16,9.539847e-18,0
1209.2863850014278,-2.259879e-16,2.3867364e-18,0
1209.3397818613541,-2.3040593e-16,9.5809865e-18,0
1209.3931783740895,1.0819189e-15,5.6350455e-16,0
1209.44657453964,3.3353593e-15,6.7739194e-16,0
1209.4999703580131,-2.3316297e-16,2.434698e-17,0
1209.5533658292145,-2.2823986e-16,2.8175175e-17,0
1209.6067609532522,-2.3023303e-16,9.232495e-18,0
1209.660155730132,-2.316704e-16,2.3409704e-17,0
1209.7135501598614,-2.3011098e-16,1.4402546e-17,0
1209.7669442424465,1.3773775e-15,4.1101472e-16,0
1209.8203379778945,1.8222758e-15,2.2458634e-16,0
1209.8737313662123,-2.2872465e-16,2.2301033e-18,0
1209.9271244074062,1.4718673e-15,4.528391e-16,0
1209.9805171014832,-2.3076378e-16,2.3510295e-18,0
1210.03390944845,-2.314957e-16,2.435447e-17,0
1210.0873014483138,-2.3062958e-16,2.4130842e-17,0
1210.1406931010806,-2.9047346e-16,3.7969615e-16,16
1210.194084406758,2.1099788e-15,1.3769445e-15,16
1210.247475365352,1.9454452e-15,1.3835319e-15,0
1210.30086597687,-2.3244757e-16,2.584882e-18,0
1210.3542562413186,-2.3283824e-16,7.216972e-18,0
1210.4076461587044,-2.303804e-16,2.3730306e-17,0
1210.4610357290344,-2.3143174e-16,1.465692e-17,0
1210.5144249523146,-2.3232758e-16,2.4461215e-17,0
1210.5678138285527,-2.2906685e-16,1.443133e-17,0
1210.6212023577555,-2.3499712e-16,1.1498071e-17,0
1210.6745905399289,-2.3254273e-16,1.9651087e-17,0
1210.7279783750803,2.477721e-15,1.214484e-15,0
1210.7813658632165,-2.3020587e-16,2.372671e-17,0
1210.834753004344,-2.3427523e-16,2.4379875e-17,0
1210.8881397984694,-2.2829544e-16,6.2653695e-18,0
1210.9415262456002,-2.3535636e-16,2.372824e-17,0
1210.9949123457425,-2.2857298e-16,2.3677524e-17,0
1211.0482980989032,-3.311699e-16,1.5959693e-16,16
1211.1016835050893,-2.2690618e-16,2.3454799e-17,16
1211.1550685643074,-2.3402565e-16,1.7370502e-17,16
1211.2084532765641,3.170244e-15,9.217188e-16,16
1211.2618376418666,-2.3234447e-16,4.6260784e-17,0
1211.3152216602211,-2.2902802e-16,4.0636574e-17,0
1211.3686053316346,2.8707505e-15,1.0992264e-15,0
1211.421988656114,4.946464e-16,7.8875867e-16,0
1211.4753716336663,-2.3346502e-16,2.9373253e-17,0
1211.5287542642977,-2.295313e-16,3.1437095e-17,0
1211.5821365480156,2.4931574e-15,3.9614572e-16,0
1211.635518484826,2.244506e-15,2.8475937e-15,16
1211.688900074736,1.964828e-15,1.3794624e-16,16
1211.7422813177523,-1.1919254e-15,8.8436915e-16,16
1211.7956622138822,-2.3434225e-16,3.0581572e-17,16
1211.8490427631316,-2.2990796e-16,3.2650827e-17,0
1211.902422965508,1.2771354e-15,3.9463037e-16,0
1211.9558028210179,-2.2961848e-16,1.8842213e-17,0
1212.0091823296677,2.0874663e-15,1.3428511e-17,0
1212.062561491465,1.0925789e-15,2.1342333e-15,0
1212.1159403064153,-2.3136692e-16,3.2281005e-17,0
