gj_674/STIS/GJ674_G140M_coadd.ecsv
# %ECSV 0.9
# ---
# datatype:
# - {name: WAVELENGTH, unit: Angstrom, datatype: float64}
# - {name: FLUX, unit: erg / (Angstrom cm2 s), datatype: float32}
# - {name: ERROR, unit: erg / (Angstrom cm2 s), datatype: float32}
# - {name: DQ, datatype: int16}
# delimiter: ','
# schema: astropy-2.0
WAVELENGTH,FLUX,ERROR,DQ
[from data line 326]
1212.2226968958053,1.2575432e-15,4.7654116e-16,16
1212.2760746702577,1.1130151e-15,5.8904307e-16,0
1212.329452097891,1.0478758e-15,4.7799324e-16,0
1212.3828291787115,2.1920588e-15,1.1267319e-15,0
1212.4362059127266,1.6680887e-15,1.4387565e-15,0
1212.489582299943,-2.2942253e-16,1.9019356e-17,0
1212.542958340367,2.4859964e-15,1.9884187e-15,0
1212.5963340340056,-2.2853095e-16,3.406678e-17,0
1212.6497093808653,-2.2826236e-16,4.3389974e-17,0
1212.7030843809534,-2.317967e-16,3.9346097e-17,0
1212.7564590342763,3.859204e-15,1.9917695e-16,0
1212.809833340841,-2.2981597e-16,4.7666068e-17,0
1212.8632073006536,2.8234412e-15,2.7171057e-15,0
1212.9165809137219,-2.266561e-16,4.0564017e-17,0
1212.9699541800517,-3.0059188e-16,2.9456603e-16,16
1213.0233270996503,5.258807e-15,7.775091e-16,16
1213.0766996725242,-2.267539e-16,2.5946446e-17,0
1213.1300718986802,7.191984e-15,1.2644022e-15,0
1213.1834437781254,5.3716775e-15,6.2239494e-16,0
1213.236815310866,3.5938426e-15,1.4019904e-15,0
1213.2901864969092,3.923637e-15,1.6081991e-15,0
1213.3435573362615,3.1989815e-15,5.71147e-16,16
1213.3969278289298,6.5996826e-15,1.1753816e-15,0
1213.4502979749209,4.615465e-15,1.1762434e-16,16
1213.5036677742414,5.420836e-15,3.5371617e-15,16
1213.557037226898,8.8944024e-15,2.3520668e-16,16
1213.6104063328976,6.73024e-15,2.7099512e-16,0
1213.6637750922469,7.0587978e-15,9.891869e-16,0
1213.717143504953,5.7638267e-15,2.7186115e-15,0
1213.7705115710219,9.835206e-15,2.2871291e-15,0
1213.823879290461,8.2299e-15,1.6001561e-15,0
1213.8772466632768,1.15780984e-14,1.0566618e-15,0
1213.9306136894759,9.714832e-15,2.118672e-15,0
1213.9839803690656,1.2231494e-14,1.7430946e-15,0
1214.037346702052,1.3160309e-14,3.1148072e-15,0
1214.0907126884422,1.5922507e-14,1.7369705e-15,0
1214.144078328243,1.295021e-14,2.959407e-17,0
1214.1974436214612,1.4705847e-14,3.6584306e-15,0
1214.2508085681034,2.157048e-14,5.917357e-15,0
1214.3041731681762,2.2775859e-14,1.79644e-15,0
1214.3575374216864,2.1565898e-14,3.906305e-15,0
1214.410901328641,2.2754014e-14,3.3018947e-15,0
1214.4642648890467,2.9212316e-14,1.3355585e-15,0
1214.51762810291,3.4495285e-14,3.4020687e-15,0
1214.570990970238,3.990064e-14,4.7881388e-15,0
1214.6243534910375,4.3415883e-14,3.53289e-15,0
1214.6777156653147,5.5951137e-14,4.3216993e-15,16
1214.7310774930766,6.7230706e-14,1.234184e-15,16
1214.7844389743302,7.4036893e-14,5.7186053e-15,0
1214.837800109082,1.0255412e-13,1.2024537e-16,0
1214.8911608973388,1.2710712e-13,1.9911097e-14,0
1214.9445213391075,1.3531933e-13,7.540117e-16,16
1214.9978814343947,1.662055e-13,1.679982e-15,16
1215.0512411832074,2.21907e-13,8.989898e-17,0
1215.1046005855517,2.6721523e-13,6.0477763e-15,0
1215.1579596414347,3.00721e-13,1.6619264e-14,0
1215.2113183508636,3.2882285e-13,5.472312e-15,0
1215.264676713845,3.961268e-13,1.4476898e-14,0
1215.3180347303846,3.7134128e-13,1.8505637e-14,0
1215.3713924004903,2.4204822e-13,1.19376106e-14,0
1215.4247497241688,1.3048574e-13,6.9323014e-15,0
1215.4781067014264,8.478349e-14,5.1808796e-15,0
1215.53146333227,6.9959494e-14,6.8251844e-15,0
1215.5848196167065,8.1647484e-14,6.564504e-15,0
1215.6381755547422,1.122081e-13,5.873487e-15,0
1215.6915311463842,2.0413952e-13,2.922923e-14,0
1215.7448863916395,4.1552433e-13,2.0795216e-14,0
1215.7982412905144,1.0189219e-12,1.0332952e-13,0
1215.8515958430155,1.2854278e-12,4.629225e-14,16
1215.90495004915,1.3302561e-12,8.1872474e-16,16
1215.9583039089248,1.0921193e-12,6.744196e-14,0
1216.0116574223462,8.849631e-13,2.1126218e-14,0
1216.0650105894208,6.4702047e-13,2.6091947e-14,0
1216.1183634101556,4.8153435e-13,1.1546818e-14,0
1216.1717158845577,3.598787e-13,2.2636747e-14,0
1216.2250680126333,2.69346e-13,4.6630273e-15,0
1216.2784197943893,2.1721065e-13,1.14602685e-14,16
1216.3317712298324,1.5539848e-13,8.173907e-15,16
1216.3851223189697,1.3743748e-13,7.828091e-15,16
1216.4384730618076,1.1827654e-13,4.022294e-15,16
1216.4918234583529,8.693773e-14,1.1382937e-15,16
1216.5451735086124,7.279967e-14,3.0831294e-15,0
1216.5985232125927,6.0842275e-14,1.1257895e-14,0
1216.6518725703006,4.920558e-14,1.5856445e-14,16
1216.7052215817432,4.6915884e-14,3.7411035e-15,16
1216.7585702469266,4.3670552e-14,6.916078e-15,16
1216.8119185658582,2.7803679e-14,1.1863829e-15,16
1216.8652665385443,2.4759364e-14,1.7172391e-15,0
1216.9186141649918,2.2073856e-14,4.4504975e-16,0
1216.971961445207,2.2596659e-14,6.6208546e-15,0
1217.0253083791974,1.9490384e-14,5.156947e-15,0
1217.0786549669697,2.340844e-14,3.610059e-15,0
1217.1320012085296,1.8643251e-14,3.5072375e-15,0
1217.185347103885,1.775141e-14,2.215557e-15,0
1217.238692653042,1.1853995e-14,4.518879e-15,0
1217.2920378560077,1.6787768e-14,1.7355467e-15,0
1217.3453827127887,1.3184608e-14,2.6792573e-15,0
1217.398727223392,1.3719578e-14,1.8558638e-15,0
1217.4520713878235,8.572105e-15,3.1519766e-16,0
1217.505415206091,6.0791974e-15,4.4045734e-15,0
1217.5587586782003,1.0516746e-14,9.116826e-16,0
1217.6121018041588,9.2213555e-15,2.6787876e-15,0
1217.665444583973,8.294483e-15,8.4324486e-16,0
1217.7187870176497,9.606816e-15,7.4922526e-17,0
1217.7721291051957,8.201542e-15,7.225043e-16,0
1217.8254708466175,7.596141e-15,1.3607247e-15,0
1217.8788122419219,5.7980574e-15,1.4295643e-15,0
1217.9321532911158,7.56664e-15,8.119723e-16,0
1217.985493994206,8.470486e-15,1.0538905e-15,0
1218.0388343511986,7.883226e-15,4.7586923e-17,0
1218.0921743621013,5.775974e-15,1.2819333e-15,0
1218.1455140269204,6.9302855e-15,4.135973e-16,0
1218.1988533456622,1.0337681e-14,3.2522874e-15,0
1218.252192318334,1.9313213e-14,8.041573e-16,0
1218.3055309449423,2.3472908e-14,2.6522493e-15,16
1218.3588692254943,1.5063554e-14,4.5660416e-15,16
1218.4122071599961,1.2145777e-14,3.4093138e-15,0
1218.4655447484545,1.0121145e-14,7.0018946e-16,0
1218.5188819908765,7.377012e-15,1.8114003e-16,16
1218.5722188872687,4.552871e-15,2.6912373e-15,16
1218.625555437638,2.7370978e-15,6.297912e-16,16
1218.678891641991,3.3463724e-15,1.3789733e-15,16
1218.7322275003341,1.3058782e-15,1.2980428e-15,0
1218.7855630126749,4.950935e-15,6.9960443e-16,0
1218.8388981790195,1.973839e-15,8.7172866e-17,0
1218.8922329993748,-1.9742476e-16,2.8297445e-17,0
1218.945567473747,-1.9605652e-16,2.4978874e-17,0
1218.9989016021436,2.871933e-15,7.260264e-16,0
1219.052235384571,3.77993e-15,5.6623196e-19,0
1219.105568821036,2.3283136e-15,8.825629e-16,0
1219.1589019115456,3.1414317e-15,1.1526468e-15,0
1219.212234656106,3.1821465e-15,2.0420603e-15,0
1219.2655670547242,1.79563e-15,3.0450582e-18,0
1219.318899107407,4.024283e-15,1.8483906e-15,0
1219.3722308141607,1.2762021e-15,1.1898278e-15,0
1219.4255621749926,1.0856548e-15,3.7489437e-16,0
1219.4788931899093,8.885523e-16,1.3062601e-15,0
1219.5322238589174,2.318824e-15,3.8075018e-16,0
1219.5855541820235,2.3360512e-15,9.404235e-16,0
1219.6388841592345,1.3287465e-15,1.1619787e-15,0
1219.6922137905572,2.403007e-15,3.5779572e-16,0
1219.7455430759983,2.7925558e-15,4.968802e-16,0
1219.7988720155645,8.640384e-16,1.224385e-15,0
1219.8522006092624,9.585176e-16,4.68805e-16,0
1219.9055288570987,-1.8673222e-16,1.8058463e-17,0
1219.9588567590806,2.2690742e-15,3.0178859e-15,0
1220.0121843152144,-1.8678674e-16,3.4509138e-18,0
1220.0655115255072,-1.8680339e-16,2.0565293e-17,0
1220.118838389965,-1.8866666e-16,9.056597e-18,0
1220.1721649085953,-1.8468906e-16,1.6820845e-17,0
1220.2254910814042,-1.8447998e-16,1.665604e-17,0
1220.2788169083988,-1.8511811e-16,1.31852085e-17,0
1220.3321423895861,-1.8309244e-16,4.472549e-18,0
1220.3854675249722,-1.8673193e-16,2.1212274e-17,0
1220.438792314564,-1.839334e-16,8.156803e-18,0
1220.4921167583689,-1.8502487e-16,1.8368791e-17,0
1220.5454408563924,1.4782246e-15,1.859969e-15,0
1220.5987646086423,1.6447635e-15,1.0808221e-15,0
1220.652088015125,3.0085215e-16,6.368177e-16,0
1220.705411075847,-1.83429e-16,8.760621e-18,0
1220.758733790815,-1.8066309e-16,1.74187e-17,0
1220.8120561600363,-2.4232464e-16,1.7632979e-16,16
1220.8653781835171,-1.8323303e-16,2.4318308e-18,16
1220.9186998612643,-1.8312017e-16,1.4099388e-17,0
1220.9720211932845,-1.7747156e-16,3.5746875e-18,0
1221.0253421795842,-1.7965427e-16,1.3404622e-17,0
1221.0786628201708,-1.8036329e-16,2.479575e-17,0
1221.1319831150506,1.2805244e-15,1.1459372e-15,0
1221.1853030642303,-1.8003172e-16,1.3623672e-17,0
1221.2386226677168,-1.7647834e-16,1.6871045e-17,0
1221.2919419255165,-1.7847639e-16,9.490617e-18,0
1221.3452608376367,6.8856626e-16,5.39324e-16,0
1221.3985794040836,-1.785787e-16,1.3758651e-17,0
1221.4518976248644,-1.7550573e-16,1.757335e-17,0
1221.505215499985,1.5096495e-15,1.3456389e-16,0
1221.558533029453,1.2798504e-15,2.7729715e-16,0
1221.6118502132745,-1.7540546e-16,2.1158327e-17,0
1221.6651670514566,-1.7389809e-16,3.8807377e-18,0
1221.718483544006,-1.7572939e-16,4.122772e-18,0
1221.7717996909294,-1.7130405e-16,2.0911506e-17,0
1221.8251154922332,-1.7295619e-16,1.7283026e-17,0
1221.8784309479247,-2.648246e-16,7.258532e-17,0
1221.93174605801,2.9750566e-16,6.087924e-16,0
1221.9850608224963,-1.6751588e-16,1.6600719e-17,0
1222.03837524139,-1.7307077e-16,9.465082e-18,0
1222.091689314698,-1.682343e-16,9.041658e-18,0
1222.145003042427,9.626243e-16,4.2124815e-16,0
1222.1983164245835,-1.6970044e-16,8.95098e-18,0
1222.2516294611746,-1.6857008e-16,1.6516198e-17,0
1222.3049421522069,-1.6631087e-16,8.764585e-18,0
1222.358254497687,-1.680941e-16,4.122563e-18,0
1222.4115664976218,-3.0929268e-16,2.0841914e-17,0
1222.464878152018,2.7149084e-16,6.3169303e-16,0
1222.5181894608818,1.2798912e-15,2.9964918e-16,0
1222.5715004242206,-1.6128664e-16,2.6287575e-17,0
1222.6248110420408,-1.6572969e-16,2.4041255e-17,0
1222.678121314349,-1.6375984e-16,4.128002e-18,0
1222.7314312411522,-2.3846683e-16,3.5562215e-16,16
1222.784740822457,-2.4560504e-16,1.6455215e-16,16
1222.8380500582703,-1.5979426e-16,1.4544785e-17,16
1222.8913589485985,-1.634302e-16,1.1969155e-17,0
1222.9446674934486,-1.6063785e-16,1.4715528e-17,0
1222.997975692827,-1.6202406e-16,1.513013e-17,0
1223.0512835467405,1.4269096e-15,1.9793334e-16,0
1223.1045910551961,-1.6120345e-16,1.36572896e-17,0
1223.1578982182002,-1.5840216e-16,1.3198469e-17,0
1223.2112050357598,2.95759e-16,5.943583e-16,0
1223.2645115078813,-1.5776443e-16,3.9453194e-18,0
1223.3178176345714,-1.5927788e-16,9.437233e-18,0
1223.3711234158372,-1.5838345e-16,1.3861919e-17,0
1223.4244288516854,-1.5768017e-16,9.030087e-18,0
1223.4777339421223,-2.3871959e-16,6.3161765e-17,0
1223.5310386871547,-1.5390448e-16,1.2737953e-17,0
1223.5843430867897,7.019822e-16,6.153043e-16,0
1223.6376471410335,-1.5466259e-16,4.213103e-18,0
1223.6909508498934,-1.5452495e-16,6.731952e-18,0
1223.7442542133754,9.931639e-16,4.6146816e-16,0
1223.797557231487,-1.5096246e-16,8.747182e-18,0
1223.850859904234,1.21221e-15,2.5721315e-16,0
1223.9041622316238,-1.5351734e-16,6.447038e-18,0
1223.9574642136633,-1.4953067e-16,8.651525e-18,0
1224.0107658503584,-1.5513263e-16,2.1222947e-17,0
1224.0640671417166,-1.4967489e-16,4.0657437e-18,0
1224.1173680877441,-3.4060304e-16,1.7555147e-17,16
1224.170668688448,-1.5158973e-16,9.733918e-19,16
1224.2239689438343,-2.7087587e-16,1.22872824e-17,0
1224.2772688539108,7.5502034e-16,5.2788745e-16,0
1224.330568418683,-1.5009882e-16,9.4312975e-18,0
1224.3838676381586,-1.4467204e-16,1.9601927e-17,0
1224.437166512344,9.293484e-16,3.7254658e-16,0
1224.490465041246,-1.4844863e-16,9.267348e-18,0
1224.5437632248706,-1.4525683e-16,4.0389356e-18,0
1224.5970610632253,-2.20452e-16,5.570528e-17,0
1224.6503585563169,3.5058156e-16,5.8812483e-16,0
1224.7036557041515,7.522101e-16,4.9875545e-16,0
1224.756952506736,-1.4328241e-16,4.1359655e-18,0
1224.8102489640778,3.217885e-16,1.043377e-15,0
1224.8635450761824,3.299661e-16,6.081991e-16,0
1224.9168408430571,-1.4341221e-16,9.528938e-18,0
1224.970136264709,1.535935e-15,1.3220576e-16,0
1225.0234313411445,-1.421491e-16,9.461625e-18,0
1225.07672607237,-1.4089631e-16,1.3126845e-17,0
1225.1300204583924,-1.4149535e-16,1.4296852e-17,0
1225.1833144992188,-2.104876e-16,5.4022117e-17,0
1225.2366081948553,-2.0916281e-16,5.3599246e-17,0
1225.2899015453088,-2.090743e-16,5.261422e-17,0
1225.3431945505863,-1.3996411e-16,4.4808597e-18,0
1225.3964872106944,-1.3490122e-16,3.9351223e-18,0
1225.4497795256395,-1.4147608e-16,2.049568e-18,0
1225.5030714954285,-1.3466588e-16,4.2549108e-18,0
1225.5563631200685,-1.3949287e-16,9.5812306e-18,0
1225.6096543995652,-1.3468179e-16,2.3261727e-18,0
1225.6629453339265,-2.414183e-16,1.231407e-17,0
1225.7162359231584,-1.343376e-16,8.5739785e-18,0
1225.7695261672675,-2.0031719e-16,5.1176258e-17,0
1225.8228160662609,-1.3380218e-16,4.238951e-18,0
1225.8761056201452,-2.3780122e-16,1.2206819e-17,0
1225.929394828927,-1.9858695e-16,4.9330722e-17,0
1225.982683692613,-1.3047293e-16,4.2673222e-18,0
1226.0359722112098,-1.2951739e-16,8.766424e-18,0
1226.0892603847246,-1.2974746e-16,8.760864e-18,0
1226.1425482131638,6.5605894e-16,4.9622493e-16,0
1226.1958356965338,-1.2870741e-16,8.935158e-18,0
1226.2491228348417,-1.9265747e-16,4.7881846e-17,0
1226.3024096280942,-1.2885022e-16,9.2841784e-18,0
1226.3556960762976,-1.9039506e-16,4.820448e-17,0
1226.4089821794591,-1.2989023e-16,4.6698353e-18,0
1226.4622679375852,-1.2637595e-16,9.005946e-18,0
1226.5155533506827,-1.2664871e-16,4.3242517e-18,0
1226.568838418758,-1.2556533e-16,1.6480376e-17,0
1226.622123141818,-1.259718e-16,1.29820745e-17,0
1226.6754075198694,-1.2533806e-16,9.253207e-18,0
1226.728691552919,-1.2650727e-16,9.112379e-18,0
1226.7819752409735,3.432493e-16,5.6139067e-16,0
1226.8352585840396,7.033897e-16,4.6448396e-16,0
1226.8885415821235,-2.177482e-16,1.1954366e-17,0
1226.9418242352324,-1.2412247e-16,1.3068101e-17,0
1226.9951065433731,-1.2314064e-16,4.6330175e-18,0
1227.0483885065519,-1.2323576e-16,1.29501494e-17,0
1227.1016701247759,-1.1989287e-16,9.071751e-18,0
1227.1549513980515,-1.2013444e-16,4.6512337e-18,0
1227.2082323263855,-1.2190623e-16,9.30592e-18,0
1227.2615129097846,-1.7754977e-16,4.385986e-17,0
1227.3147931482554,5.0409837e-16,1.0730679e-15,0
1227.3680730418048,-1.2055244e-16,9.398229e-18,0
1227.4213525904397,-1.7361686e-16,4.413618e-17,0
1227.474631794166,-1.7151912e-16,4.3040722e-17,0
1227.5279106529913,-1.1648596e-16,1.28132055e-17,0
1227.5811891669218,-1.6973217e-16,4.3232092e-17,0
1227.6344673359642,-1.1658385e-16,9.180407e-18,0
1227.6877451601254,-1.1583839e-16,4.62497e-18,0
1227.7410226394115,-1.1691784e-16,6.197713e-18,0
1227.7942997738305,-1.6878878e-16,4.148992e-17,0
1227.8475765633877,-1.1165586e-16,4.325688e-18,0
1227.9008530080907,-1.1289458e-16,9.0812685e-18,0
1227.9541291079458,3.401258e-16,5.350141e-16,0
1228.0074048629597,-1.1134995e-16,9.08039e-18,0
1228.0606802731393,-1.1302065e-16,4.7122767e-18,0
1228.1139553384908,-1.1125565e-16,4.6125704e-18,0
1228.1672300590217,-1.09156104e-16,4.4448633e-18,0
1228.220504434738,-1.6164982e-16,3.9013044e-17,0
1228.2737784656467,-1.10116136e-16,7.835757e-18,0
1228.3270521517543,-1.5981066e-16,3.9390533e-17,0
1228.380325493068,-1.584987e-16,3.8689143e-17,0
1228.433598489594,6.077807e-16,4.89685e-16,0
1228.486871141339,8.3755597e-16,1.5366305e-16,0
1228.54014344831,-1.5583215e-16,3.8497677e-17,0
1228.5934154105134,-1.06418354e-16,9.508738e-18,0
1228.646687027956,-1.04736e-16,1.2094035e-17,0
1228.6999583006445,-1.0438807e-16,1.0488387e-18,0
1228.7532292285857,-1.5393602e-16,3.6754662e-17,0
1228.8064998117861,-1.5021174e-16,3.8581282e-17,0
1228.8597700502523,-1.0507776e-16,4.7851116e-18,0
1228.9130399439916,-1.4997163e-16,3.7462176e-17,0
1228.9663094930102,1.2479959e-15,2.6634483e-16,0
1229.0195786973147,-1.0038166e-16,4.6837237e-18,0
1229.0728475569117,-1.0220579e-16,1.5407948e-18,0
1229.1261160718086,-1.4630832e-16,3.6624672e-17,0
1229.1793842420116,5.6505245e-16,5.1679407e-16,0
1229.2326520675274,-1.4479112e-16,3.592759e-17,0
1229.2859195483622,-9.820232e-17,1.1447585e-17,0
1229.3391866845238,-1.0069339e-16,1.7366624e-17,0
1229.3924534760183,-9.4901016e-17,8.906846e-18,0
1229.445719922852,-9.7545836e-17,4.6868914e-18,0
1229.4989860250323,-1.4228438e-16,3.4543327e-17,0
1229.5522517825655,4.9131283e-16,9.733744e-16,0
1229.6055171954586,-1.4177225e-16,3.2523094e-17,0
