gj_674/STIS/GJ674_G140M_coadd.ecsv
# %ECSV 0.9
# ---
# datatype:
# - {name: WAVELENGTH, unit: Angstrom, datatype: float64}
# - {name: FLUX, unit: erg / (Angstrom cm2 s), datatype: float32}
# - {name: ERROR, unit: erg / (Angstrom cm2 s), datatype: float32}
# - {name: DQ, datatype: int16}
# delimiter: ','
# schema: astropy-2.0
WAVELENGTH,FLUX,ERROR,DQ
[from data line 654]
1229.7120469873496,-9.5183726e-17,9.183853e-18,0
1229.7653113663616,-9.40814e-17,4.865873e-18,0
1229.81857540076,-9.2861334e-17,4.854497e-18,0
1229.8718390905515,-9.3452894e-17,4.750827e-18,0
1229.925102435743,-9.2214406e-17,4.932353e-18,0
1229.9783654363405,-9.203036e-17,1.3204866e-17,0
1230.0316280923516,1.2380519e-15,2.510316e-16,0
1230.0848904037825,-1.3134888e-16,3.327865e-17,0
1230.1381523706395,-9.088595e-17,4.727949e-18,0
1230.1914139929304,-8.975754e-17,1.3303626e-17,0
1230.244675270661,-8.8488354e-17,9.0692785e-18,0
1230.2979362038382,-1.5330226e-16,1.1372823e-17,0
1230.3511967924685,-8.94476e-17,4.9341832e-18,0
1230.4044570365588,3.7289403e-16,5.2717107e-16,0
1230.4577169361157,3.4637583e-19,4.092882e-16,16
1230.5109764911463,-8.4994555e-17,5.119955e-19,16
1230.5642357016566,-8.6768077e-17,1.1948785e-17,0
1230.617494567654,-8.546152e-17,1.0469333e-17,0
1230.6707530891447,-8.623989e-17,4.9010972e-18,0
1230.7240112661352,-8.410781e-17,4.8081527e-18,0
1230.7772690986328,-8.2129334e-17,8.796751e-18,0
1230.8305265866436,9.887239e-16,4.0152662e-16,0
1230.8837837301749,-1.2148996e-16,3.0639494e-17,0
1230.9370405292327,-1.2039635e-16,2.8726064e-17,0
1230.9902969838242,-8.432482e-17,5.16004e-18,0
1231.043553093956,-7.840055e-17,4.6785278e-18,0
1231.0968088596344,-8.2178376e-17,5.270317e-18,0
1231.1500642808664,-8.283157e-17,1.3721341e-17,0
1231.203319357659,1.046467e-15,2.8043517e-16,0
1231.2565740900184,-8.071557e-17,6.165561e-18,0
1231.3098284779514,-1.1604506e-16,2.8836797e-17,0
1231.3630825214645,6.2861793e-16,4.4370524e-16,0
1231.4163362205647,-8.083813e-17,1.342081e-17,0
1231.4695895752586,-1.1249611e-16,2.9638785e-17,0
1231.522842585553,-7.718004e-17,9.0883145e-18,0
1231.5760952514543,-1.1216844e-16,2.7091101e-17,0
1231.6293475729692,-1.3224177e-16,1.1534095e-17,0
1231.682599550105,-7.58395e-17,9.346539e-18,0
1231.7358511828672,-7.5094394e-17,4.851671e-18,0
1231.7891024712633,-7.4241736e-17,1.3183942e-17,0
1231.8423534152998,-7.393205e-17,5.0481145e-18,0
1231.8956040149837,-1.0809505e-16,2.6052862e-17,0
1231.9488542703214,-7.220699e-17,1.31137864e-17,0
1232.0021041813195,-1.06827246e-16,2.5560875e-17,0
1232.0553537479848,-7.0867964e-17,1.9236689e-17,0
1232.108602970324,-1.0497243e-16,2.5354292e-17,0
1232.1618518483435,-1.0321232e-16,2.573321e-17,0
1232.2151003820504,-6.8383504e-17,4.69922e-18,0
1232.268348571451,-7.100884e-17,1.6129921e-17,0
1232.3215964165522,-6.807396e-17,4.801962e-18,0
1232.3748439173607,-1.0149166e-16,2.420105e-17,0
1232.428091073883,-6.7107906e-17,1.2881955e-17,0
1232.481337886126,-6.632691e-17,1.26538624e-17,0
1232.534584354096,-6.616496e-17,1.2537773e-17,0
1232.5878304778005,3.9686553e-16,5.1887285e-16,0
1232.6410762572455,-6.355938e-17,5.0227776e-18,0
1232.6943216924374,3.9998672e-16,4.8983513e-16,0
1232.7475667833835,-9.648665e-17,2.3735938e-17,0
1232.8008115300904,-6.325638e-17,9.070059e-18,0
1232.8540559325643,-9.391949e-17,2.3360775e-17,0
1232.9072999908124,4.1159737e-16,5.0379757e-16,0
1232.960543704841,-6.0880017e-17,5.0662137e-18,0
1233.013787074657,-9.325607e-17,2.2162207e-17,0
1233.0670301002672,-6.0542044e-17,4.8547147e-18,0
1233.1202727816783,-1.6118886e-16,4.0833548e-18,16
1233.1735151188964,-6.123748e-17,1.0221905e-17,16
1233.226757111929,-6.1697006e-17,5.1217195e-18,0
1233.2799987607818,-5.891452e-17,9.2253055e-18,0
1233.3332400654624,-1.049164e-16,1.0946388e-17,0
1233.3864810259768,-5.8973034e-17,4.9867555e-18,0
1233.4397216423322,-1.04529914e-16,1.0694085e-17,0
1233.492961914535,-8.650439e-17,2.0987498e-17,0
1233.546201842592,-1.0350198e-16,1.0897008e-17,0
1233.5994414265094,-5.690236e-17,5.076947e-18,0
1233.6526806662946,-8.5010496e-17,2.1485785e-17,0
1233.7059195619538,-8.2828784e-17,2.2365091e-17,0
1233.7591581134936,-9.8605256e-17,1.0735164e-17,0
1233.8123963209214,-5.4095597e-17,4.9927158e-18,0
1233.865634184243,4.178767e-16,4.9129954e-16,0
1233.9188717034656,-8.052487e-17,2.105455e-17,0
1233.9721088785955,9.430122e-16,9.996727e-16,0
1234.0253457096396,-7.871163e-17,2.1571524e-17,0
1234.0785821966047,-5.326905e-17,5.096299e-18,0
1234.131818339497,-5.166092e-17,2.5399612e-19,0
1234.1850541383235,-7.790821e-17,2.0499872e-17,0
1234.2382895930912,-5.185106e-17,5.1218184e-18,0
1234.291524703806,-5.0353538e-17,5.1625157e-18,0
1234.3447594704753,-4.967681e-17,5.1178115e-18,0
1234.3979938931054,-4.739262e-17,4.7902497e-18,0
1234.451227971703,-4.895457e-17,5.08253e-18,0
1234.5044617062745,-7.4669203e-17,1.9417072e-17,0
1234.5576950968275,4.157676e-16,5.090435e-16,0
1234.6109281433676,4.1839923e-16,5.0038614e-16,0
1234.6641608459017,-4.3564602e-17,4.7824154e-18,0
1234.7173932044373,-7.109176e-17,1.8261752e-17,0
1234.7706252189803,-4.429298e-17,4.8710797e-18,0
1234.8238568895374,-4.453666e-17,5.006253e-18,0
1234.877088216115,-6.984297e-17,1.8544493e-17,0
1234.9303191987206,-6.924526e-17,1.9409963e-17,0
1234.9835498373602,-4.329357e-17,9.064701e-18,0
1235.0367801320408,-6.934132e-17,1.7583302e-17,0
1235.090010082769,4.2913188e-16,4.8378483e-16,0
1235.1432396895514,6.9849174e-16,4.0824481e-16,0
1235.1964689523948,-6.593257e-17,1.8041719e-17,0
1235.2496978713052,4.1772227e-16,5.093608e-16,0
1235.3029264462907,-4.216558e-17,1.2833726e-17,0
1235.3561546773565,-3.9458464e-17,8.9913275e-18,0
1235.40938256451,-6.396943e-17,1.7685935e-17,0
1235.4626101077574,-3.7560078e-17,8.901631e-18,0
1235.515837307106,-7.553948e-17,1.07002595e-17,0
1235.5690641625622,2.910341e-16,1.3560634e-16,0
1235.6222906741327,4.142081e-16,4.8169874e-16,0
1235.675516841824,-3.9281514e-17,5.1645042e-18,0
1235.7287426656428,-6.026468e-17,1.8265352e-17,0
1235.7819681455958,1.2127423e-15,9.114599e-16,0
1235.8351932816897,4.1056418e-16,4.7476705e-16,0
1235.8884180739312,-5.8948695e-17,1.7484509e-17,0
1235.9416425223267,-5.7966746e-17,1.7168484e-17,0
1235.994866626883,-3.5390575e-17,5.2049095e-18,0
1236.0480903876073,-3.4502954e-17,9.358327e-18,0
1236.1013138045055,-3.344736e-17,7.623913e-18,0
1236.1545368775846,-5.7399426e-17,1.5826658e-17,0
1236.2077596068511,7.518814e-16,4.03137e-16,0
1236.260981992312,-6.680322e-17,1.069759e-17,0
1236.3142040339737,-9.717231e-17,9.2860626e-17,16
1236.367425731843,-9.4938556e-17,9.8343966e-17,16
1236.4206470859262,-3.4348516e-17,8.457604e-18,16
1236.4738680962303,-5.2725796e-17,1.7166967e-17,0
1236.527088762762,-5.2444852e-17,1.6023632e-17,0
1236.580309085528,-5.123449e-17,1.6840363e-17,0
1236.6335290645347,-2.9664116e-17,5.2352604e-18,0
1236.6867486997887,-5.0416572e-17,1.5581125e-17,0
1236.7399679912971,-2.9390677e-17,5.3630077e-18,0
1236.7931869390663,-2.670601e-17,4.803029e-18,0
1236.846405543103,-6.144885e-17,1.0420805e-17,0
1236.8996238034135,-6.000324e-17,1.0405419e-17,0
1236.952841720005,4.122705e-16,4.53301e-16,0
1237.006059292884,-4.6795434e-17,1.5969643e-17,0
1237.059276522057,-2.4299119e-17,5.0940954e-18,0
1237.1124934075308,-4.6065956e-17,1.5220494e-17,0
1237.165709949312,4.0300435e-16,4.418495e-16,0
1237.2189261474073,-2.4101831e-17,9.044875e-18,0
1237.272142001823,-4.4551567e-17,1.5349736e-17,0
1237.3253575125666,-2.1962942e-17,1.5667798e-18,0
1237.378572679644,-2.379407e-17,9.007516e-18,0
1237.4317875030624,-4.2666148e-17,1.6009039e-17,0
1237.485001982828,-2.306467e-17,9.136735e-18,0
1237.5382161189475,-4.2685296e-17,1.5526033e-17,0
1237.5914299114277,4.4784e-16,4.609722e-16,0
1237.6446433602753,-2.0448654e-17,1.5943352e-17,0
1237.6978564654971,4.2455782e-16,4.6113194e-16,0
1237.7510692270994,-3.930049e-17,1.5254344e-17,0
1237.8042816450888,-1.919775e-17,1.2393217e-17,0
1237.8574937194726,-3.802028e-17,1.54819e-17,0
1237.9107054502567,4.441197e-16,5.0033855e-16,0
1237.9639168374483,-3.8799062e-17,1.5539921e-17,0
1238.0171278810537,-3.639196e-17,1.6361106e-17,0
1238.0703385810798,-1.7442594e-17,9.177195e-18,0
1238.123548937533,7.211543e-16,4.3569024e-16,0
1238.1767589504202,-1.5852402e-17,9.807576e-19,0
1238.2299686197478,7.401578e-16,4.1385215e-16,0
1238.283177945523,-1.3533857e-17,8.849271e-18,0
1238.3363869277518,9.919695e-16,2.953527e-16,0
1238.3895955664411,9.801684e-16,9.043172e-16,0
1238.4428038615977,-1.3079605e-17,1.804075e-17,0
1238.496011813228,1.8062548e-15,7.584248e-16,0
1238.5492194213389,2.8583165e-15,7.4642244e-17,0
1238.6024266859372,4.378856e-15,2.5006352e-15,0
1238.6556336070287,1.191317e-14,9.476219e-16,0
1238.708840184621,1.7748967e-14,3.7542495e-15,0
1238.7620464187205,2.900532e-14,5.2952222e-15,0
1238.8152523093333,3.484016e-14,3.1007344e-15,0
1238.868457856467,2.3920324e-14,6.131018e-17,0
1238.9216630601277,9.4314645e-15,4.0503523e-15,0
1238.9748679203217,7.591419e-15,1.5000694e-16,0
1239.0280724370564,1.7322438e-15,1.7999177e-16,0
1239.0812766103381,-1.0117472e-17,2.6169942e-17,0
1239.1344804401733,-8.196401e-18,2.6253116e-17,0
1239.187683926569,5.5290335e-16,8.85647e-16,0
1239.2408870695315,-8.122685e-18,1.7870651e-17,0
1239.2940898690674,-7.2957975e-18,4.90196e-18,0
1239.3472923251838,6.8642057e-16,4.1370145e-16,0
1239.4004944378873,-6.32887e-18,1.2049457e-17,0
1239.4536962071843,-6.456238e-18,1.21062705e-17,0
1239.5068976330813,-2.518564e-17,1.5108432e-17,0
1239.5600987155854,-3.6752733e-17,1.4608559e-16,16
1239.613299454703,-3.1658388e-18,8.520599e-18,16
1239.6664998504405,-2.432496e-17,1.4514778e-17,0
1239.719699902805,-2.3235788e-17,1.5097007e-17,0
1239.772899611803,-3.1412188e-18,8.358784e-18,0
1239.8260989774408,3.9326999e-16,4.5521e-16,16
1239.8792979997258,-1.7977015e-18,3.4414698e-18,16
1239.932496678664,-2.3965666e-17,1.3882195e-17,0
1239.985695014262,-1.4870292e-18,8.673637e-18,0
1240.0388930065271,4.5161843e-16,4.633262e-16,0
1240.0920906554654,-2.1618557e-17,1.536155e-17,0
1240.1452879610838,-2.0903472e-18,8.849317e-18,0
1240.1984849233888,-3.8683634e-19,4.798069e-18,0
1240.251681542387,-2.0563735e-17,1.5350186e-17,0
1240.304877818085,-3.079145e-17,1.6417052e-17,0
1240.35807375049,-2.1063034e-17,1.5042911e-17,0
1240.4112693396078,-1.9395132e-17,1.5570558e-17,0
1240.4644645854455,1.2175384e-15,8.869202e-16,0
1240.5176594880097,7.987902e-16,6.0597806e-16,0
1240.5708540473072,4.4595236e-16,4.6517313e-16,0
1240.6240482633448,-1.8043643e-17,1.5263223e-17,0
1240.6772421361284,3.9706456e-18,4.8077938e-18,0
1240.7304356656653,-2.9033037e-17,9.907183e-18,0
1240.7836288519618,2.3284772e-18,4.852886e-18,0
1240.836821695025,4.2259516e-18,4.2202895e-18,0
1240.8900141948611,2.6152095e-18,4.9247827e-18,0
1240.9432063514766,5.431317e-18,4.712081e-18,0
1240.9963981648787,4.6499573e-18,4.6984975e-18,0
1241.0495896350737,-1.6200706e-17,1.5638035e-17,0
1241.1027807620683,-1.5045709e-17,1.651569e-17,0
1241.1559715458693,5.4136605e-18,1.1930674e-17,0
1241.209161986483,-1.5875024e-17,1.5900878e-17,0
1241.262352083916,7.971478e-18,5.330634e-18,0
1241.3155418381757,-1.4856991e-17,1.5256786e-17,0
1241.3687312492677,-1.509016e-17,1.6353156e-17,0
1241.4219203171997,-1.2933693e-17,1.7082621e-17,0
1241.4751090419775,4.2290415e-16,4.516059e-16,0
1241.5282974236081,-1.416742e-17,1.6353596e-17,0
1241.5814854620978,-1.229778e-17,1.7064855e-17,0
1241.634673157454,8.771278e-18,1.1831687e-17,0
1241.6878605096824,-1.3179887e-17,1.6439072e-17,0
1241.7410475187905,7.389296e-16,3.9822224e-16,0
1241.7942341847845,1.0478517e-17,1.766548e-17,0
1241.8474205076707,1.4605004e-15,8.1722623e-16,0
1241.9006064874566,1.2064542e-17,1.1782639e-17,0
1241.953792124148,1.7149783e-15,6.985069e-16,0
1242.0069774177523,2.3993585e-15,3.877252e-16,0
1242.0601623682755,1.3578111e-17,2.3919734e-17,0
1242.1133469757247,9.3627366e-18,8.747614e-18,0
1242.166531240106,1.27093844e-17,1.1702395e-17,0
1242.2197151614264,7.593866e-16,4.2275007e-16,0
1242.272898739693,1.25646725e-17,1.18601975e-17,0
1242.3260819749114,1.3630012e-17,4.83544e-18,0
1242.379264867089,1.3976459e-17,4.4186516e-18,0
1242.432447416232,7.2509197e-16,3.8870075e-16,0
1242.4856296223475,9.678396e-16,3.1826914e-16,0
1242.538811485442,1.2442998e-15,1.4697734e-16,0
1242.5919930055215,2.6325426e-15,1.6971607e-15,0
1242.6451741825936,4.2264013e-15,1.9304875e-16,0
1242.6983550166647,1.0208608e-14,2.1932173e-15,0
1242.751535507741,1.143863e-14,3.588305e-15,0
1242.8047156558293,1.7030448e-14,4.1715706e-16,0
1242.8578954609363,9.9200585e-15,3.0412976e-15,0
1242.9110749230686,6.541435e-15,2.1489247e-15,0
1242.964254042233,5.5858596e-15,6.613716e-16,0
1243.017432818436,2.43486e-15,7.9706324e-16,0
1243.0706112516843,1.5016901e-15,1.8257651e-17,0
1243.1237893419845,1.7923088e-17,1.451994e-17,0
1243.1769670893432,1.9377151e-17,8.228655e-18,0
1243.230144493767,1.7327715e-17,1.1764221e-17,0
1243.2833215552628,4.2850407e-16,4.2263257e-16,0
1243.3364982738367,1.856568e-17,8.427034e-18,0
1243.3896746494959,1.9201942e-17,1.1617743e-17,0
1243.4428506822467,2.678131e-16,4.344601e-16,0
1243.4960263720957,-5.972019e-18,2.0070112e-17,0
1243.54920171905,6.7426406e-16,3.0531326e-16,0
1243.6023767231159,2.0867605e-17,8.222545e-18,0
1243.6555513842998,2.0427822e-17,4.5672744e-18,0
1243.7087257026085,2.1546813e-17,4.4906457e-18,0
1243.7618996780488,2.1230279e-17,1.459548e-17,0
1243.8150733106272,-5.8110038e-18,2.0113036e-17,0
1243.8682466003506,-4.3924957e-18,2.129792e-17,0
1243.9214195472252,2.2307122e-17,4.4609888e-18,0
1243.9745921512579,2.215927e-17,1.16267845e-17,0
1244.027764412455,6.9371135e-16,3.981961e-16,0
1244.0809363308235,-4.5185523e-18,2.1067989e-17,0
1244.1341079063702,-3.863154e-18,2.1866251e-17,0
1244.1872791391013,-3.7256223e-18,2.1250268e-17,0
1244.2404500290233,-3.7311003e-18,2.1471858e-17,0
1244.2936205761437,-1.9829996e-17,9.525254e-18,0
1244.3467907804682,-4.151747e-18,2.1307959e-17,0
1244.3999606420036,2.5077378e-17,8.122358e-18,0
1244.453130160757,-2.0298347e-17,9.694998e-18,0
1244.5062993367344,9.344934e-16,2.8246926e-16,0
1244.5594681699429,2.6836879e-17,4.201976e-18,0
1244.6126366603892,-3.1155106e-18,2.2152214e-17,0
1244.6658048080794,-1.5022796e-18,2.3325453e-17,0
1244.7189726130207,-3.3906326e-18,2.1850353e-17,0
1244.7721400752193,-3.3443808e-18,2.2867807e-17,0
1244.8253071946822,2.7790956e-17,4.153456e-18,0
1244.8784739714158,-1.445618e-18,2.3605048e-17,0
1244.9316404054266,-3.215009e-18,2.2937235e-17,0
1244.9848064967216,2.967041e-17,4.0816954e-18,0
1245.037972245307,-3.0810613e-18,2.2925393e-17,0
1245.0911376511897,2.942174e-17,4.1186e-18,0
1245.1443027143762,-3.508178e-18,2.365278e-17,0
1245.1974674348735,3.0511285e-17,3.989933e-18,0
1245.2506318126875,-2.0215535e-18,2.4254153e-17,0
1245.3037958478258,-2.0520715e-17,9.4643805e-18,0
1245.356959540294,-3.1790892e-18,2.52053e-17,0
1245.410122890099,2.989576e-17,4.2538416e-18,0
1245.4632858972482,2.8366796e-17,1.12721705e-17,0
1245.5164485617472,-2.0571928e-18,2.6092152e-17,0
1245.5696108836032,3.0188112e-17,4.064025e-18,0
1245.622772862823,3.0021197e-17,2.1976836e-18,0
1245.6759344994127,3.1316337e-17,2.6113695e-18,0
1245.7290957933792,-3.496324e-18,2.4765427e-17,0
1245.782256744729,6.8910614e-16,3.714919e-16,0
1245.835417353469,-2.2017503e-18,2.6539018e-17,0
1245.8885776196055,-4.8998358e-18,2.489314e-17,0
1245.941737543145,-2.288331e-18,2.811347e-17,0
1245.9948971240947,4.1696594e-16,4.4608207e-16,0
1246.0480563624608,3.1340818e-17,4.0936478e-18,0
1246.10121525825,3.402991e-17,4.1336143e-18,0
1246.1543738114692,3.2268663e-17,7.681513e-18,0
1246.2075320221243,-3.155635e-18,2.8117242e-17,0
1246.2606898902225,-3.0043136e-18,2.7502817e-17,0
1246.3138474157706,3.3893666e-17,4.0108383e-18,0
1246.3670045987749,3.227385e-17,4.0638887e-18,0
1246.4201614392416,-1.7480274e-18,2.9039965e-17,0
1246.4733179371783,-2.9923064e-18,2.7920416e-17,0
1246.526474092591,3.4527227e-17,3.8691315e-18,0
1246.579629905486,3.542211e-17,7.520863e-18,0
1246.6327853758708,-3.6236446e-18,2.8250746e-17,0
1246.6859405037515,6.9931427e-16,3.807583e-16,0
1246.7390952891346,3.4411977e-17,7.585127e-18,0
1246.792249732027,3.5376417e-17,4.0594616e-18,0
1246.845403832435,1.1215198e-15,8.3139275e-16,0
1246.8985575903657,-4.1726133e-18,3.0187682e-17,0
1246.9517110058255,8.89557e-16,2.687833e-16,0
1247.004864078821,-4.4862517e-18,2.9988272e-17,0
1247.0580168093584,3.5527344e-17,3.9090616e-18,0
1247.111169197445,-3.973319e-18,3.1069638e-17,0
